0.88 0.88 0.5 0.63
1 0.86 0.5 0.57
0.94 0.78 0.34 0.75
0.58 0.78 0 0.18
0 0.34 0.4 -123456789
0 0 0.34 -123456789
0.17 0 0.6 -123456789
0.25 0 0.58 -123456789
0 0 0.6 -123456789
0 0 0.75 -123456789
0 0 0.67 -123456789
0 0 0.4 -123456789
0 0 0.34 0.03
0 0 0.25 -123456789
0 0 0.6 -123456789
0 0 0.5 -123456789
0 0 0.75 -123456789
0 0 0.5 -123456789
0 0 0.12 -123456789
0 0 0.6 -123456789
0 0 0.17 -123456789
0 0 0.5 -123456789
0 0 0.4 -123456789
0 0 0.5 -123456789
0 0 0.75 -123456789
0 0 0.4 -123456789
0 0 0.58 -123456789
0 0 0.67 -123456789
0 0 0.5 -123456789
0 0 0.4 -123456789
0 0 0.34 -123456789
0 0 0.6 0.21
0 0 0.5 0
0 0 0.5 -123456789
0 0 0.67 -123456789
0 0 0.4 -123456789
0 0 0.25 -123456789
0 0 0.67 -123456789
0 0 0.67 -123456789
0 0 0.5 -123456789
0 0 0.75 -123456789
0 0 0.4 -123456789
0 0 0.4 -123456789
0 0 0.5 -123456789
0 0.13 0.75 -123456789
0 0 0 -123456789
0 0 0.67 -123456789
0 0 0.5 -123456789
0 0 0.5 -123456789
0 0 0.43 -123456789
0 0 0.5 -123456789
0 0 0.75 -123456789
0 0 0.67 -123456789
0 0 0.5 0
0 0 0.6 -123456789
0 0 0.6 -123456789
0 0 0.5 0.14
0 0 0.6 0
0 0 0.25 0.03
0 0 0.67 0.03
0 0 0.29 0.2
0 0 1 -123456789
0 0 0.75 -123456789
0 0 0.67 -123456789
0 0 0.5 -123456789
0 0 0.34 -123456789
0 0 0.5 -123456789
0 0 0.67 -123456789
0 0 0.6 -123456789
0 0 0.43 -123456789
0 0 0.43 -123456789
0 0 0 -123456789
0 0 0.5 -123456789
0 0 0.5 -123456789
0 0 0.5 -123456789
0 0 0.67 -123456789
0 0 0.67 -123456789
0 0 0.6 -123456789
0 0 0.4 -123456789
0 0 0.5 0
0 0 0.67 -123456789
0 0 0.5 -123456789
0 0 0.6 -123456789
0 0 0.5 -123456789
0 0 0 -123456789
0 0 0.4 -123456789
0 0 0.67 -123456789
0 0 0.5 -123456789
0 0 0.5 -123456789
0 0 0.75 -123456789
0 0 0.6 -123456789
0 0 0.58 -123456789
0 0 0.25 -123456789
0 0 0.5 -123456789
0 0 0.4 -123456789
0 0 0.5 -123456789
0 0 1 -123456789
0 0 0.2 -123456789
0 0 0.5 -123456789
0 0 0.67 -123456789
0 0 0.6 -123456789
0 0 0.5 -123456789
0 0 0.4 -123456789
0 0 0.5 -123456789
0 0 0.5 -123456789
0 0 0.5 -123456789
0 0 0.4 -123456789
0 0 0.5 -123456789
0 0 0.4 -123456789
0 0 0.5 -123456789
0 0 0.5 -123456789
0 0 0 -123456789
0 0 0.5 0.25
0 0 0.5 -123456789
0 0 0.6 -123456789
0 0 0.2 -123456789
0 0 0 -123456789
0 0 0.5 -123456789
0 0 1 -123456789
0 0 0.58 -123456789
0 0 1 -123456789
0 0 0.5 -123456789
0 0 0.6 -123456789
0 0 0.75 -123456789
0 0 0.2 -123456789
0 0 0.34 -123456789
0 0 0.4 -123456789
0 0 0.38 -123456789
0 0 0.67 -123456789
0 0 0.5 -123456789
0 0 0.6 -123456789
0 0 0.75 -123456789
0 0 0.6 -123456789
0 0 0.5 -123456789
0 0 0.6 -123456789
0 0 0.5 -123456789
0 0 0.75 -123456789
0 0 0.17 -123456789
0 0 0.5 -123456789
0 0 0.4 -123456789
0 0 0.34 -123456789
0 0 0.6 -123456789
0 0 0.4 -123456789
0 0 0.6 -123456789
0 0 0.72 -123456789
0 0 0.2 -123456789
0 0 0.4 -123456789
0.08 0 0.34 -123456789
0 0 0.34 -123456789
0 0 0.25 -123456789
0 0 0 -123456789
0 0 0.67 -123456789
0 0 0.5 -123456789
0 0 0.4 -123456789
0 0 0.5 -123456789
0 0 0.67 -123456789
0 0 0.34 -123456789
0 0 0.75 -123456789
0 0 0.6 -123456789
0 0 0.5 -123456789
0 0 0.34 -123456789
0 0 0.5 -123456789
0 0 0.4 -123456789
0 0 0.5 -123456789
0 0 0.4 -123456789
0 0 0.34 -123456789
0 0 0.5 -123456789
0 0 0.5 -123456789
0 0 0.5 -123456789
0 0 0.43 -123456789
0 0 0.6 -123456789
0 0 0.5 -123456789
0 0 0.4 -123456789
0 0.2 0.5 -123456789
0 0.58 0.25 -123456789
0 0.58 1 -123456789
0 0.58 0.5 -123456789
0 0.67 0.34 -123456789
0 0.58 0.25 -123456789
0 0 0.5 -123456789
0 0.67 0.25 -123456789
0 0.67 0.8 -123456789
0 0.86 0.6 -123456789
0 1 0.25 0.31
0 0.75 0.5 0.25
0 0.86 0.5 0.38
0 0.8 0.4 0.63
0 0.72 0.67 0.55
0 0.88 0.63 0.37
0 0.88 0.34 0.61
0 0.88 0.34 0.48
0 0.84 0.67 -1.23457e+08
0 0.84 0.67 -123456789
0 0.84 0 -123456789
0 0.86 0.34 -123456789
0 0.72 0.25 -123456789
0 0.84 0.4 -123456789
0 0.86 0.4 -123456789
0 0.8 0.5 -123456789
0 0.84 0.34 -123456789
0 0.86 0.43 -123456789
0 0.84 0.25 -123456789
0 0.84 0.5 -123456789
0 0.86 0.4 -123456789
0 1 0.67 -123456789
0 0.84 0.5 -123456789
0 1 0.17 -123456789
0 1 0.6 -123456789
0 1 0.34 -123456789
0 0.86 0.5 -123456789
0 1 0.67 -123456789
0 0.84 0.4 -123456789
0 1 0.34 -123456789
0 0.72 0.75 -123456789
0 1 0.4 -123456789
0 1 0.67 -123456789
0 0.86 0.5 -123456789
0 0.91 0.5 -123456789
0 1 0.4 -123456789
0 0.88 0.4 -123456789
0 0.9 0 -123456789
0 1 0.5 -123456789
0 0.67 0.58 -123456789
0 0.86 0.34 -123456789
0 1 0.75 -123456789
0 1 0.4 -123456789
0 0.84 0.4 -123456789
0 1 0.4 -123456789
0.2 0.84 0.67 -123456789
0 0.67 0.67 -123456789
0.22 0.88 0.34 -123456789
0.24 0.86 0.34 0.04
0 0.86 0.5 -123456789
0.22 0.63 0.5 -123456789
0.22 0.8 0.6 -123456789
0.38 0.84 0 -123456789
0 0.86 0.4 -123456789
0.4 0.75 0.67 -123456789
0.4 0.84 0.58 -123456789
0.5 0.86 0.34 -123456789
0 0.86 0.5 -123456789
0.74 1 0 0.03
0.27 1 0.5 0.38
1 0.84 0.5 0.61
0.89 0.84 0.5 0.52
0.86 0.84 0.4 0.31
0.93 0.84 0.67 -123456789
0.89 0.86 0.25 -123456789
0.95 1 0.4 -123456789
0.93 1 0.2 -123456789
0.9 0.75 0.34 -123456789
0.9 0.75 0.75 -123456789
1 0.86 0.4 -123456789
0.93 0.86 0.5 -123456789
0.93 0.72 0.5 -123456789
0.93 0.75 0.5 -123456789
0.86 0.8 0.4 -123456789
0.94 0.67 0.5 -123456789
1 0.88 0.2 -123456789
1 0.75 0.25 -123456789
0.7 0.84 0.5 -123456789
1 0.84 0.25 -123456789
0.95 0.88 0.5 -123456789
0.87 1 0.67 -123456789
0.91 0.84 0 -123456789
0.95 1 0.5 -123456789
1 0.86 0.5 0.03
0.95 0.58 0.34 -123456789
0.86 1 0.5 -123456789
0.86 0.86 0.34 -123456789
0.89 0.86 1 0.03
0.93 0.86 0.4 0.15
0.89 0.86 0.34 0.14
0.75 1 0.4 0.09
0.86 0.84 0.34 0.09
0.94 1 0.34 -123456789
0.87 0.84 0.75 0
0.94 0.84 0.5 0.2
0.84 0.78 0.2 -1.23457e+08
0.89 0.86 0.4 0.18
1 0.84 0.4 -123456789
0.89 0.84 0.4 -123456789
0.89 0.77 0.34 -123456789
0.87 0.86 1 -123456789
1 0.88 0.67 -123456789
0.89 1 0.25 -123456789
0.94 0.84 0.5 -123456789
0.93 1 0.5 -123456789
0.88 0.84 0.5 -123456789
0.87 1 0.34 -123456789
0.93 0.86 0.67 -123456789
0.95 1 0.25 -123456789
0.87 0.86 0.4 -123456789
0.94 1 0.5 -123456789
0.93 1 0.25 -123456789
0.93 0.72 0.5 -123456789
0.93 0.86 0.4 -123456789
0.85 0.43 0.5 -123456789
0.95 1 0.5 -123456789
0.88 0.84 0.5 -123456789
0.93 1 0.5 -123456789
0.93 0.86 0.34 -123456789
0.94 0.86 0.25 -123456789
0.93 0.72 0.4 -123456789
1 0.84 0 -123456789
0.95 1 0.5 -123456789
0.94 1 0.34 -123456789
1 0.8 0.4 -123456789
0.93 0.75 0.34 -123456789
0.93 1 0.2 -123456789
1 0.84 0.4 -123456789
0.94 0.88 0.6 -123456789
0.84 0.84 0.34 -123456789
0.89 0.86 0.6 -123456789
0.93 1 0.5 -123456789
0.89 0.84 1 -1.23457e+08
0.95 0.88 0.6 -123456789
0.94 0.78 0 -123456789
0.87 0.86 1 -123456789
0.93 1 0.5 -123456789
1 1 0.5 -123456789
0.93 0.88 0.4 -123456789
0.94 1 0.5 -123456789
1 0.8 0.5 -123456789
0.86 1 0.67 -123456789
0.87 1 0.34 -123456789
0.89 1 0.67 -1.23457e+08
0.94 0.67 0.34 -1.23457e+08
0.93 0.75 0.34 -123456789
1 0.89 0 -123456789
0.82 0.67 0.6 -123456789
1 0.8 0.5 -123456789
0.93 0.84 0.34 -123456789
1 1 0.67 -123456789
0.89 0.86 0.34 -123456789
0.93 0.75 0.5 -1.23457e+08
0.94 0.63 0.78 -1.23457e+08
0.95 0.75 0.34 -1.23457e+08
0.93 0.75 0.4 -123456789
0.9 1 0.25 -123456789
0.9 0.88 0 -123456789
0.93 1 0.67 -123456789
1 0.88 0.5 -123456789
0.93 0.75 0.34 -123456789
1 1 0.4 -1.23457e+08
0.08 1 0.5 -1.23457e+08
0.75 0.86 0.25 -1.23457e+08
0.72 0.75 0.34 -1.23457e+08
1 0.84 0.25 -123456789
0.94 0.88 0 -123456789
0.86 0.86 0.34 -123456789
1 0.84 0.5 -123456789
1 0.75 0.5 -123456789
0.75 1 0.4 -123456789
1 1 0.5 -123456789
0.93 1 0.5 -123456789
0.93 0.84 0.5 -123456789
0.86 0.86 0.5 -123456789
0.86 1 0.34 -123456789
1 1 0.5 -123456789
1 0.88 0.5 -123456789
0.93 0.86 0.5 -123456789
0.93 1 0 -123456789
0.95 0.84 0.34 -123456789
0.93 1 0.5 -123456789
0.95 0.84 0.5 -123456789
0.86 0.84 0.5 -123456789
0.94 1 0.67 -123456789
0.9 0.9 0.34 -123456789
0.86 0.8 0.34 -123456789
0.89 0.78 0.75 -123456789
0.86 1 0.5 -123456789
0.93 0.86 0.25 -123456789
1 0.84 0.4 -123456789
0.88 0.63 0.6 -123456789
0.93 0.75 0.5 -123456789
0.95 0.75 0 -123456789
0.93 1 0.67 -123456789
1 1 0.4 -123456789
0.93 0.88 0.4 -123456789
0.94 0.86 0.34 -123456789
0.93 1 0.2 -123456789
0.92 0.92 0.4 -123456789
1 0.86 0.67 -123456789
0.91 1 0.4 -123456789
0.93 0.88 0.4 -123456789
1 0.86 0.4 -123456789
0.92 1 0.5 -123456789
0.91 0.84 0.6 -123456789
1 0.84 0.34 -123456789
1 0.88 0.5 -123456789
0.78 0.84 0 -123456789
0.93 0.75 0.5 -123456789
0.92 0.86 0.67 -123456789
0.77 1 0.34 -123456789
0.85 0.75 0.4 -123456789
0.92 1 0.67 -123456789
0.72 0.84 0.75 -123456789
0.89 0.84 0.4 -123456789
0.87 0.86 0.84 -123456789
0.67 0.72 0.5 -123456789
0.92 1 0.5 -123456789
0.93 0.72 0.4 -123456789
0.91 0.75 0.4 -123456789
0.91 0.75 0.2 -123456789
1 0.88 0 -123456789
0.93 0.86 0.4 -123456789
0.77 1 0.25 -123456789
0.92 0.84 0.5 -123456789
0.75 0.86 0.5 -123456789
0.87 1 0.38 -123456789
0.75 0.82 0.34 -123456789
0.8 0.86 0.5 -123456789
0.74 0.86 0.6 -123456789
0.67 1 0.5 -123456789
0.72 0.63 0.75 -123456789
0.7 0.78 0.4 -123456789
0.67 0.86 0.75 -123456789
0.8 0.78 0.34 -123456789
0.77 1 0.5 -123456789
0.93 0.67 0 -123456789
0.88 1 0.5 -123456789
0.78 1 0.34 -123456789
1 1 0.5 -123456789
1 1 0.67 -123456789
0.92 1 0.5 -123456789
0.92 0.86 0.5 -123456789
1 0.84 0.67 -123456789
0.93 1 0.5 -123456789
0.95 0.72 0.6 -123456789
0.89 0.84 0.5 -123456789
0.58 1 0.67 -123456789
0.75 0.75 0.5 -123456789
1 0.8 0.4 -123456789
0.93 1 0 -123456789
0.88 1 0.25 -123456789
0.93 1 0.4 -1.23457e+08
0.86 0.88 0.5 -1.23457e+08
0.93 0.75 0.67 -1.23457e+08
0.89 0.89 0.29 -123456789
0.91 0.75 0.34 -123456789
0.84 0.84 0.4 -123456789
0.7 0.86 0.34 -123456789
0.67 1 0.5 -123456789
0.39 0.7 0.5 -123456789
0.78 0.84 0.5 -123456789
0.7 1 0.2 -123456789
0.9 0.84 0.4 0
0.25 1 0.75 -123456789
0.48 0.84 0.5 -123456789
0.72 0.93 0.5 -123456789
0.43 1 0.5 -123456789
0.12 0.86 0.6 -123456789
0.1 0.88 0.6 -123456789
0.46 0.72 0.34 -123456789
0 0.86 0.34 -123456789
0.07 0.86 0.67 -123456789
0.12 0.78 0.5 -123456789
0.17 0.86 0 -123456789
0 0.84 0.34 0
0.23 0.72 0.34 -123456789
0.15 0.72 0.67 -123456789
0 0.86 0.2 -123456789
0.59 0.86 0.5 -123456789
0.5 0.88 0.4 -123456789
0.5 0.84 0.5 -123456789
1 1 0.4 -123456789
0 0.75 0.6 0
0.13 1 0.5 -123456789
0.67 0.84 0.5 -123456789
0.59 0.86 0.75 -123456789
0.54 0.86 0.5 -123456789
0.64 0.84 0.67 -123456789
0.07 0.75 0.4 -123456789
0.16 0.78 0.5 -123456789
0.25 0.89 0.5 -123456789
0.54 0.88 0.25 -123456789
0.9 0.84 0.67 -123456789
0.94 0.86 0.5 -123456789
0.7 0.63 0.72 -123456789
0.83 0.89 0.7 -123456789
0.83 0.75 0.8 0.09
0.61 0.15 0.78 0.17
0.55 1 0.8 -123456789
0.58 0.75 0.82 -123456789
0.28 1 0.83 -123456789
0.52 0.77 0.5 -123456789
0.72 0.72 0.67 -123456789
0.94 0.84 0.75 -123456789
0.47 0.78 0 -123456789
0.31 0.86 0.5 -123456789
1 1 0.6 -123456789
1 0.86 0.67 -123456789
0.92 1 0.5 -123456789
0.84 0.86 0.67 -123456789
1 1 0.75 -123456789
0.75 0.86 0.5 -123456789
0.5 0.84 0.5 -123456789
1 0.63 0.34 -123456789
0.93 0.86 0.67 -123456789
0.77 0.75 0.5 -123456789
0.93 0.88 0.5 -123456789
0.86 0.86 0.67 -123456789
0.7 0.72 0.67 -123456789
0.72 0.86 0.25 -123456789
0.58 0.86 0.67 -123456789
0.17 0.75 0.34 -123456789
0.7 1 0.34 -1.23457e+08
0.89 0.86 0.6 -123456789
0.88 0.67 0.63 -123456789
0.94 0.75 0.6 -123456789
0.91 1 0.5 -123456789
0.79 0.84 0.5 -123456789
0.43 0.8 0.6 -123456789
0.86 0.86 0.5 -123456789
0.92 1 0.67 -123456789
0.54 0.84 0.6 -123456789
0.34 0.75 0.25 -123456789
0.64 0.86 0.2 -123456789
0.62 0.86 0.67 -123456789
0.64 0.86 0.5 -123456789
0.64 1 0.5 -123456789
0.23 0.86 0.67 -123456789
0.63 0.72 0.67 -123456789
0.3 1 0.5 -123456789
0 0.67 0.67 -123456789
0.55 0.67 0.34 -123456789
0.54 1 0.4 -123456789
0.4 0.72 0.5 -123456789
0.37 0.88 0.4 -123456789
0.59 0.89 0.5 -123456789
0.67 0.86 0.43 -123456789
0.56 0.84 0.5 0.13
0.53 0.88 0 0.13
0.55 0.84 0.4 0.03
0.3 1 0.56 0.03
0.7 0.84 0.5 0.03
0.58 1 0.4 0.03
0.67 0.84 0.4 0.09
0.38 1 0.5 -123456789
0.59 0.8 0.75 0.13
0.6 0.86 0 0.09
0.58 0.75 0.34 0.13
0.72 0.78 0.5 -123456789
0.5 1 0.67 0.25
0.48 0.84 0.5 0.09
0.14 0.84 0.4 0.2
0.5 0.84 0.34 0.03
0.6 0.86 0 0.09
0.6 0.72 1 0.03
0.62 1 0.4 0.13
0.62 0.84 0.43 0.09
0.5 0.86 0.6 0.09
0.63 0.86 0.4 0.06
0.56 0.92 0.2 0.09
0.6 1 0.4 -123456789
0.36 1 0.25 0.03
0.34 0.88 0.34 0.03
0.55 0.88 0.4 0.09
0.64 0.84 0.4 0.03
0.47 0.72 0.4 0.03
0.54 0.84 0.5 0.13
0.54 0.86 0.5 0.09
0.64 1 0.25 0.03
0.31 1 0.34 0.3
0.29 0.84 0.34 0.25
0.39 0.86 0.67 0.33
0.5 0.88 0.58 0.42
0.55 1 0.5 0.38
0.67 0.84 0.25 0.25
0.6 0.84 0.5 0.42
0.5 0.84 0.34 0.31
0.5 0.86 0.34 0.25
0.5 1 0.67 0.25
0.54 0.8 0.5 0.25
0.53 0.86 0.5 0.31
0.4 0.86 0.4 0.38
0.56 0.72 0.5 0.03
0.06 0.84 0.5 0.38
0.58 1 0 0.21
0.12 1 0.85 0.34
0.51 1 0.34 0.42
0.32 0.86 0.34 0.31
0.5 0.86 0.5 0.75
0.67 0.8 0.4 0.53
0.59 0.86 0.34 0.35
0.5 0.84 0.5 0.38
0.63 0.88 0.5 0.25
0.34 0.84 0.5 0.38
0.59 0.67 0.34 0.25
0.4 0.84 0.5 0.25
0.62 0.72 0.5 0.25
0.67 0.86 0.4 0.42
0.59 0.88 0.25 0.31
0.62 0.84 0.5 0.25
0.64 0.67 0.6 0.44
0.62 0.84 1 0.38
0.5 0.84 0.6 0.25
0.56 0.84 0.5 0.38
0.7 1 0.67 0.38
0.6 1 0.5 0.33
0.58 0.67 0.5 0.31
0.84 1 0.5 0.33
0.65 0.84 0 0.35
0.5 0.7 0.34 0.38
0.7 0.86 0.5 0.33
