1 0.86 0.6 0.53
0.89 0.86 0.75 0.55
1 1 1 0.64
0.88 0.86 0.75 0.45
0.84 0.75 0.75 0.53
0.7 0.89 0.84 0.54
0.88 1 0.67 0.54
0.75 0.88 0.25 0.25
0 0.8 0.34 0
1 1 1 0.25
1 0.88 0.75 0.75
0.88 0.86 0.75 0.61
0.89 1 1 0.57
0.75 0.86 1 0.6
0.88 0.75 0.67 0.59
0.89 1 0.25 0.55
1 0.58 0.34 0.53
0.88 0 0.25 0.3
0.67 0.88 0 0.25
1 0.84 1 0.3
0.97 0.89 0.6 0.17
1 0.84 1 0.09
0.73 0.9 0.8 0.09
1 0.8 0.67 0.25
1 0.56 1 0.3
0.94 1 0.8 0.25
1 1 0.86 0.69
0.94 0.88 1 0.5
0.88 1 1 0.57
0.95 0.8 0.75 0.65
0.96 0.9 0.67 0.57
0.88 0.78 0.2 0.52
0.93 0.88 0.25 0.47
0.82 0.63 0.5 0.42
0.89 0.67 0.25 0.75
1 0.58 0.8 0.47
1 0.58 1 0.47
0.92 0.86 0.67 0.59
1 0.78 0.75 0.25
0.88 1 0.75 0.5
0.91 0.5 0.75 0.45
0.91 0 0.6 0.34
0.8 0.89 0.75 0.17
1 0.88 1 0.3
0.91 0.86 1 0.5
1 0.64 0.8 0.25
0.89 0.84 0.75 0.38
1 0.29 0.75 0.03
0.9 0.6 0.67 -123456789
0.58 0.63 0.75 -123456789
1 0.88 0.25 0.13
0.89 0.88 0.25 0.09
1 0.75 0.34 0.31
0.88 0.78 0.84 0.25
0.88 1 0.5 0.42
0.96 0.75 0.75 0.31
0.86 0.84 0.75 0.62
0.93 1 0.6 0.38
1 1 0.75 0.39
0.8 0.88 0.25 0.25
1 0.86 0.34 0.03
0.9 0.82 0.25 0.09
0.88 0.58 0 0.25
0.58 1 0.5 0.09
0.72 0.88 0.75 0.09
1 0.84 1 0.31
0.89 0.88 0.75 0.09
0.88 0.58 1 0.13
0.94 0.63 0.6 0.09
0.75 0.88 0.5 0.14
0.75 0.93 0.38 0.14
0.89 0.86 0.25 -123456789
0.89 0.63 1 0.03
0.75 0.67 0.5 0.21
0.88 0.63 0.6 0.5
0.96 0.56 0.8 0.38
1 0.2 0.8 0.67
0.96 0.58 0.75 0.67
1 0.88 0.4 0.47
0.89 1 0.4 0.5
1 0.86 0.5 0.42
1 0.78 0.5 0.31
0.8 0.67 0.4 0.38
0.75 1 0.34 0.38
0.89 0.86 0.25 0.38
1 0.59 0.75 0.3
0.85 0.67 0.67 0.35
0.89 0.58 0.75 0.48
1 0.5 1 0.25
1 0.85 1 0.47
0.89 0.78 0.8 0.25
0.89 0.9 0.6 0.12
1 1 0.6 -123456789
0.97 0.72 0.8 0
0.95 0.84 0.6 0.25
0.95 0.72 0.5 0.38
1 0.88 0.2 0.31
0.9 1 0.5 0.38
1 1 0.25 0.38
0.78 0.88 0.67 0.38
0.89 0.88 0.67 0.25
0.95 1 0.6 0.3
0.77 0.86 0.75 0.38
0.72 0.86 0.6 0.03
1 0.88 0.67 0.03
0.63 0.75 0.6 0.3
0.72 1 0.84 0.64
1 0.9 0.8 0.14
0.73 0.75 0.25 0.5
0 0.89 0.4 0.53
0.89 1 0 0.59
0.97 0.86 0.29 0.75
0.67 0.86 0.34 0.47
0.8 0.86 0.4 0.38
0.84 0.67 0.75 0.63
0.75 0.72 0.67 0.53
1 0.67 0.34 0.57
1 1 0.5 0.57
1 0.6 0.25 0.59
0.9 0.63 0.75 0.45
0.9 0.9 0.8 0.59
0.88 1 0.75 0.59
1 0.88 0.75 0.57
0.89 0.78 1 0.5
0.96 1 0.67 0.52
1 0.86 0.67 0.49
1 0.78 0.75 0.38
0.63 0.84 0.84 0.42
0.67 0.86 0.84 0.3
1 0.9 0.8 0.5
1 1 0.8 0.38
0.82 0.89 0.84 0.64
0.88 0.45 0.75 0.5
0.92 0.72 0.5 0.5
0.89 0.91 0.25 0.55
0.9 0.86 0.5 0.09
1 0.88 0 0.3
0.95 1 0.25 0.53
0.91 0.88 0.25 0.5
1 0.89 0.67 0.38
0.91 0.89 0.4 0.64
0.95 1 0.34 0.5
0.89 0.88 0.2 0.59
0.93 0.88 1 0.61
0.9 0.58 0.8 0.75
0.88 0.84 0.67 0.34
0.92 0.88 0.84 0.59
0.89 1 0.84 0.59
0.92 0.86 0.6 0.31
0.88 0.78 0.34 0.42
0.4 0.88 0.4 0.42
0.34 0.75 0.4 0.38
1 0.75 0.8 0.53
0.91 0.88 0.72 0.61
1 0.88 0.4 0.57
0.82 0.84 0.4 0.62
1 0.88 1 0.29
0.88 0.74 1 0.61
1 0.8 0.88 0.6
0.91 0.89 0.29 0.25
0.89 1 0 0.57
0.8 1 0 0.55
0.93 1 0 0.57
0.67 0.78 0.4 0.55
0.82 0.5 1 0.25
0.95 0.58 0.6 0.38
0.95 0.89 1 0.06
0.8 1 0.8 0.3
1 0.86 0.6 0.3
0.82 1 0.8 0.39
0.67 0.88 0.67 0.42
0 0.88 0.75 0.38
0.96 0.63 0.75 0.25
0.92 0.72 0.84 0.25
0.95 0.63 1 0.35
0.97 0.8 0.2 0.17
1 0.88 0.4 0.09
1 0.78 1 0.18
1 1 0.75 0.38
0.91 1 0.58 0.55
0.89 0.6 0.6 0.52
1 0.7 0.75 0.6
0.91 0.88 0.67 0.25
0.92 0.75 0.4 0.35
0.95 0.56 0.34 0.31
1 0.38 0 0.25
0.96 0.56 0.6 -123456789
0.72 0 0.75 0.09
0.67 0.72 1 0.34
0.91 0.39 0.75 0.25
0.88 0.43 0.8 0.75
0.93 0 0.75 0.75
0.88 0.88 1 0.57
0.75 0.86 0.75 0.5
0 0.64 1 0.57
1 0.63 0.75 0.5
0.72 1 0.75 0.21
0.25 0.73 1 0.33
0.95 0.91 0.67 0.13
1 0.84 1 0.18
0.86 0.86 1 0.03
1 0.86 0.75 0.42
0.94 0.88 0.75 0.25
0.9 0.58 0.8 0.09
1 0.56 1 0.2
0.91 1 0.6 0.38
0.89 0.88 0.8 0.34
0.95 0.8 0.75 0.38
0.8 0.89 1 0.03
1 0.78 0.6 0.09
1 1 0.34 0.57
1 0.78 0.2 0.53
1 0.88 0.25 0.59
0.88 0.63 0.75 0.57
0.78 0.58 0.75 0.57
0.93 0.7 0.75 0.48
0.79 1 1 0.47
0.72 1 0.75 0
0.9 0.86 1 0.38
1 0.86 0.75 0.75
0.67 0.91 0.75 0.59
0.5 0.89 0.67 0.54
0.43 0.91 1 0.64
0.17 0.5 0.75 0.53
0.8 0.4 0.4 0.61
0.91 0.88 0.34 0.37
0.88 0.63 0.2 0.53
0.92 0.15 0.8 0.64
0.9 0.88 0.8 0.5
0.8 0.86 1 0.5
0.15 0.63 0.75 0.33
0.78 0.72 0.75 0.31
0.93 0 0.75 0.35
0.88 1 0.75 0.31
0.96 0.86 1 0.3
0.96 0.88 0.75 0.3
1 0.86 0.67 0.3
0.7 0.86 1 0.3
0 1 0.8 0.38
0.89 0.89 1 0.09
0.84 1 1 0.06
0 1 0.75 0.38
0.82 0.89 0.86 0.09
0.75 0.86 0.75 0.2
0.93 0.89 0.75 0.25
0.62 0.56 0.75 0.25
0.28 0.6 0.8 0.25
0.38 0.86 0.75 0.63
0.16 1 1 -123456789
1 1 0.25 0.09
0.89 0.78 0.25 0.05
1 0.78 0.5 0.03
0.86 0.88 0.25 0.18
1 0.89 0.25 0.18
0.9 0.46 0.25 0.5
1 0.6 0 0.03
0.9 0.89 1 0.03
1 0.72 1 0.38
0.94 0.63 0.75 0.2
0.7 1 0.8 0.3
0.94 0.89 0.8 0.13
0.91 0.89 1 0.42
0.9 1 1 0.42
1 0.65 0.75 0.52
0.74 0 0.75 0.55
0.96 0.58 0.84 0.49
0.7 0.91 0.5 0.59
0.95 0.88 0.25 0.44
1 0.8 0.34 0.63
0.91 0.64 0 0.47
0.8 0.67 0.5 0.59
1 0.91 0.6 0.53
0.89 0.88 0.67 0.29
0.92 0.6 0.8 -1.23457e+08
0.89 0.84 0.38 -1.23457e+08
1 0.86 1 -1.23457e+08
0.8 0.86 1 0.03
0.89 0.72 0.75 0.34
1 0.86 0.8 0.55
0.94 0.8 0.75 0.64
0.84 0.72 0.5 0.35
0.89 0.86 1 0.38
0.77 0.84 1 0.63
0.94 0.8 1 0.61
0.7 0.86 1 0.67
0.75 0.88 0.86 0.31
0.78 0.75 0.75 0.3
0.9 0.75 0.8 0.63
0.94 1 0.4 0.58
1 0.88 0.45 0.22
0.47 1 0 0.25
1 0.84 0.8 0.38
0.95 0.88 1 0.37
0.8 0.86 0.5 0.25
0.89 0.86 0.4 0.09
0.95 0.86 0.34 0.03
0.91 0.75 0.75 0.03
0.88 0.72 0.75 0.38
1 0.72 0.5 0.5
0.88 1 0.34 0.3
0.86 0.84 0.5 0.38
1 0.58 0.34 0.38
1 0.67 0.75 0.38
0.88 0.86 1 0.33
0.88 0.88 0.34 0.3
