0.86 0.84 0.5 0.61
1 0.72 0.34 0.48
0.87 0.86 0.25 0.61
0.46 0.86 0.75 0.09
0.5 0.86 0.5 0.13
0 0.8 0.29 -123456789
0.19 0.34 0.25 0.13
0.67 0.17 0.75 0.13
0.91 0.15 0.5 -123456789
0.96 0 0.5 -123456789
0.84 0 0.5 -123456789
0.67 0.5 0.4 -123456789
0.67 0 0.4 -123456789
0.7 0.7 0.34 -123456789
0 0.15 0.5 -123456789
0.46 0.13 0.75 -123456789
0 0 0.67 -123456789
0.75 0.15 0.63 -123456789
0.95 0.56 0.5 -123456789
0.2 1 0 -123456789
0 0.75 0.58 -123456789
0.07 0.34 0 -123456789
0.22 0 0.34 -123456789
0.64 0.58 1 -123456789
0.94 0.29 0.67 -123456789
0.8 0.63 0.5 -123456789
0.48 0.63 0.5 -123456789
0.5 0.82 0.5 -123456789
0.44 0.63 0.5 -123456789
0.34 0 0.4 -123456789
0.7 0 0.67 -123456789
0.91 0.12 0.58 -123456789
0.72 0 0.17 -123456789
0.6 0 0.67 -123456789
0 0 0.25 -123456789
0.46 0 0.5 -123456789
0.58 0.12 0.4 0
0 0.56 0.67 -123456789
0 0 0.5 -123456789
0 0 0.4 -123456789
0 0.56 0.75 0.16
0 0.63 0.6 -123456789
0 0.5 0.4 -123456789
0.04 0.25 0.67 -123456789
0 0.17 0.5 -123456789
0 0.08 0.17 -123456789
0 0.4 0.34 -123456789
0 0 0.6 -123456789
0.25 1 0.6 -123456789
0.23 0.89 0.34 -123456789
0 0.56 0.2 -123456789
0.34 0.5 0.6 -123456789
0.21 0.86 0.67 -123456789
0 0.72 0.5 -123456789
0.29 0.5 0.67 0
0.13 0.58 0.7 -123456789
0.1 0.88 0.67 0
0 0.86 0.5 -123456789
0 0.34 0.34 -123456789
0 0 0.5 -123456789
0 0 0.5 -123456789
0 0 0.34 -123456789
0 0.2 0.5 -123456789
0.91 0.58 0.29 -123456789
1 0.63 0.5 -123456789
0.56 0 0.34 -123456789
0.67 0.34 0.5 -123456789
0.22 0.63 0.5 -123456789
0 0 0.5 -123456789
0 0.2 0.25 -123456789
0 0 0.4 -123456789
0 0.56 0.17 -123456789
0 0 0.75 -123456789
0.54 0.45 0.6 -123456789
0.74 0.17 1 -123456789
1 0.63 0.67 -123456789
0.63 0.38 0.5 -123456789
0.25 0.38 0.5 -123456789
0.09 0.38 0 -123456789
0 0.13 0.2 -123456789
0.5 0 0 -123456789
0 0.15 0.67 -123456789
0.22 0.5 0.5 -123456789
0 1 0.72 -123456789
0 0.43 0 -123456789
0.17 0.38 0.75 0
0 0.23 0.5 -123456789
0.2 0.1 0.5 -123456789
0 0.17 0.34 -123456789
0 0.12 0.5 -123456789
0 0.12 0.43 -123456789
0 0 0.4 -123456789
0 0.13 0.8 -123456789
0 0 0.6 -123456789
0 0.84 0.67 -123456789
0.09 0.96 0.34 -123456789
0.96 1 0.6 -123456789
0.67 0.55 0 -123456789
0.38 0.37 0.67 -123456789
0.98 0 0.75 -123456789
0.6 0.17 0.78 -123456789
0.23 0.29 0.4 -123456789
0 0.58 0.5 -123456789
0 0.34 0.4 -123456789
0.25 0.67 0.2 -123456789
0.22 0.17 0.4 -123456789
0.66 0 0.75 -123456789
0.75 0 0.5 -123456789
0 0.59 1 -123456789
0 0.34 0.2 -123456789
0 0.75 0.34 -123456789
0.43 0.3 0.4 -123456789
0.63 0.43 0.5 -123456789
0.5 0.38 0.5 -123456789
0.74 0.63 1 -123456789
0.15 0.67 0.72 -123456789
0 0 0.4 -123456789
0.17 0 0.4 -1.23457e+08
0 1 0.43 -1.23457e+08
0 0.34 0.75 -1.23457e+08
0 0.34 0 0.12
0 0.2 0.5 0.57
0.73 0 0.25 0.59
0.67 0.72 0.6 0.42
1 1 0.5 -1.23457e+08
0.77 0.86 0.6 -1.23457e+08
0.23 0.5 1 -123456789
0 0.6 1 -123456789
0 0.38 0.34 -123456789
0 0.25 0.34 -123456789
0 0.38 0 -123456789
0.23 0 0.75 -123456789
0.45 0.63 0.5 -123456789
0.55 1 0.4 -123456789
0.63 0.86 0.5 -123456789
0.22 0.58 0.5 -123456789
0 0.38 0.67 -123456789
0 0.12 0.63 -123456789
0 0.1 0.6 -123456789
0.24 0.4 0.5 -123456789
0.2 0.34 0.25 -123456789
0.38 0.2 0.67 -123456789
0.25 0.34 0.4 -123456789
0.18 0.56 0.25 -123456789
0.36 1 0 -123456789
0.5 0.6 0.5 -123456789
0.9 0.63 0.5 -123456789
0.94 0.72 0.5 -123456789
1 0.34 0.4 -123456789
0.75 0.4 0.5 -123456789
0.72 0.4 0.5 -123456789
0.73 0.5 0.4 -123456789
0.74 0 0.25 -123456789
0.2 0.8 0.5 -123456789
0.67 0.13 0.4 -123456789
0.72 0 0.5 -123456789
0.45 0 0.25 -123456789
0.46 0.67 0.34 -123456789
0.38 0.31 0.63 -123456789
0.4 0.63 0.67 -123456789
0.42 0.86 0.5 -123456789
0 0.88 0.5 -123456789
0.12 0.63 0.5 -123456789
0 0 0.34 -123456789
0.1 0.89 0.5 -123456789
0 0.46 0.5 -123456789
0.17 0.34 0.5 -123456789
0.67 0.38 0.25 -123456789
0.48 0.5 0 -123456789
0.43 0.38 1 -123456789
0.63 0.13 0.75 -123456789
0.67 0.43 0.6 -123456789
0.48 0.15 0.5 -123456789
0.67 0.17 0.5 -123456789
0.49 0.94 0.78 -123456789
0.17 0.34 0.5 -123456789
0.5 0 0.34 -123456789
0.67 0 0.34 -123456789
0 0.23 0.5 -123456789
0.28 0.43 0.75 -123456789
0 0 0.34 -123456789
0 0.22 0 -123456789
0.45 0.5 0.67 -123456789
0 0.6 0.5 -123456789
0.94 0 0.5 -123456789
0.4 0 0.4 -123456789
0.43 0.34 0.6 -123456789
0.2 0.58 0.2 -123456789
0.23 0.17 0.5 -123456789
0 0.13 0.5 -123456789
0.2 0 0.4 -1.23457e+08
0.5 0.34 0.6 -1.23457e+08
0.58 0.67 0.2 -123456789
0.22 0.63 0.6 -123456789
0.17 0.34 0.6 -123456789
0 0 0.5 -123456789
0.96 0 0.5 -123456789
0.75 0 0.6 -123456789
0.78 0 0.4 -123456789
0.25 0.25 0.5 -123456789
0 0.8 0.58 -123456789
0.15 0.72 0.4 -123456789
0.29 1 0.5 -123456789
0 0.88 0.4 -123456789
0.45 0.67 0 -123456789
0.17 0.5 0.6 -123456789
0.46 0.5 0.75 -123456789
0.67 0.1 0.67 -123456789
0.94 0.1 0.5 -123456789
1 0 0.6 -123456789
0.43 0.25 0.5 -123456789
0.37 0.34 0.5 -123456789
0.47 0.5 0.75 -123456789
0.72 0.43 0.43 -123456789
0.73 0.86 0.5 -123456789
0.72 0.5 0.2 -123456789
0.29 0.34 0.67 -123456789
0.74 0 0.4 -123456789
0.7 0.72 0.5 -123456789
0.5 0.84 0.5 -123456789
0.43 0.5 0.6 -123456789
0.88 0.38 0.5 -123456789
0.4 0.89 0.6 -123456789
0.22 0.63 0.4 -123456789
0 0.25 0.4 -123456789
0 0 0.4 -123456789
0 0.2 0.34 -123456789
0 0.56 0.4 -123456789
0 0.89 0.4 -123456789
0.09 1 0.5 -123456789
0 0.86 0.4 -123456789
0.22 0.43 0.5 -123456789
0.46 0 0.25 -123456789
0.75 0.43 0.5 -123456789
0.4 0.15 0.75 -123456789
0.18 0.43 0.6 -123456789
0.48 0 0.4 -123456789
0.43 0.34 0.75 -123456789
0.23 0.15 0.5 -123456789
0.47 0.72 0.6 0.13
0.97 0.63 0.4 -123456789
0.9 0.89 0.25 -123456789
0.48 0.58 0.25 -123456789
0.75 0 0.4 -123456789
0 0.36 0.5 -123456789
0.84 0 0.6 -123456789
0.83 0.15 0.5 -123456789
1 0 0.5 -123456789
0.29 0.84 0.34 -123456789
0.23 0.88 0.67 -123456789
0.06 0.73 0.2 -123456789
0.95 0.43 0.5 -123456789
0 0.72 0.5 -123456789
0 0.88 0.34 -123456789
0 0.58 0.4 -123456789
0.22 0.63 0.34 -123456789
0.23 0.17 0.25 -123456789
0 0 0.75 0
0 0 0.67 -123456789
0.89 0 0.5 -123456789
1 0 0 -123456789
0.95 0 0.34 -123456789
0.25 0.38 0.4 -123456789
0.43 0 0.4 -123456789
0.46 0.15 0.6 -123456789
0.78 0 0.4 -123456789
0.97 0 0.8 -123456789
0.86 0.34 0.75 -123456789
0.4 0.3 0.75 0.09
0.3 0 0 -123456789
0 0.5 0.72 0.04
0.48 0.4 0.75 0
0.94 0.45 0.34 -123456789
0.96 0.78 0.5 0.47
0.5 0.58 0 0.03
0.5 0.82 0.5 0.03
0.74 0.86 0.5 -1.23457e+08
0 0.38 0.67 -123456789
0.38 0 0.6 -123456789
0.5 0 0.75 -123456789
1 0 0.6 -123456789
0.9 0.13 0.4 -123456789
0.95 0.5 0.5 -123456789
0.86 0.3 0.34 -123456789
0.45 0.43 0.86 -123456789
0 0.38 0.67 -123456789
0 0.43 0 -123456789
0 0.13 0.4 -123456789
0 0.56 0.4 -123456789
0.77 0.67 0.25 -123456789
0.84 0.45 0.43 0
0.78 0.58 0.4 -123456789
0.94 0.86 0.6 -123456789
0.94 1 0.5 -123456789
1 0.86 0.25 -123456789
1 0.86 0.25 -123456789
1 0.75 0.34 -123456789
1 0.84 0.34 -123456789
0.94 1 0 -123456789
0.79 0.84 0.6 -123456789
0.87 1 0.5 -123456789
0.94 0.86 0.67 -123456789
0.93 0.86 0.67 -123456789
0.86 1 0.67 -123456789
0.94 0.84 0.5 -123456789
1 1 0.75 -123456789
0.86 0.84 0.17 -123456789
1 1 0.34 -123456789
0.93 1 0.2 -123456789
0.94 0.84 0.5 -123456789
0.92 0.75 0.67 -123456789
0.93 0.72 0.67 -123456789
0.93 1 0.86 -123456789
0.89 0.67 0.17 -123456789
1 1 0.5 -123456789
1 1 0.5 -123456789
0.84 1 0.75 -123456789
0.73 0.88 0.67 -123456789
0.95 1 0.4 -123456789
0.93 0.86 0.34 -123456789
0.89 1 0.34 -123456789
1 0.88 0.5 -123456789
0.88 0.86 0.67 -123456789
0.92 1 0.5 -123456789
0.93 0.86 0.67 -123456789
0.94 1 0.34 -123456789
0.96 0.86 0.5 -123456789
0.94 1 0.25 -123456789
0.85 0.86 0.4 -123456789
0.93 1 0.6 -123456789
1 0.86 0.67 -123456789
0.93 0.67 0.67 -123456789
0.86 0.75 0.6 -123456789
0.94 0.75 0.6 -123456789
0.93 0.75 0.5 -123456789
0.93 0.8 0.5 -123456789
0.9 0.86 0.67 -123456789
0.93 0.84 0.6 -123456789
0.94 1 0.6 -123456789
0.94 0.75 0.5 -123456789
0.93 0.84 0.25 -123456789
1 0.72 0.2 -123456789
0.93 1 0.25 -123456789
1 0.78 1 -123456789
1 1 0.5 -123456789
1 0.84 0.25 -123456789
0.92 0.9 0.4 -123456789
1 0.86 0.67 -123456789
0.93 1 0.34 -123456789
0.94 0.84 0.5 -123456789
1 0.72 0.4 -123456789
0.93 0.84 0.4 -123456789
0.94 1 0.5 -123456789
0.82 0.86 0.4 -123456789
0.94 1 0 -123456789
1 1 0.86 -123456789
0.9 0.86 0.67 -123456789
0.94 0.84 0.4 -123456789
0.93 0.8 0.75 -1.23457e+08
0.95 1 0.67 -123456789
0.9 0.84 0.5 -123456789
0.86 1 0.5 -123456789
0.89 0.8 0.67 -123456789
0.93 0.63 0.67 -123456789
0.93 0.84 0.67 -123456789
0.95 0.84 0.5 -123456789
1 0.72 0 -123456789
0.93 0.72 0.25 -123456789
0.86 0.72 0.8 -123456789
0.93 1 0.4 -123456789
0.93 1 0.58 -123456789
0.94 0.86 0.5 -123456789
0.93 1 0.6 -123456789
0.93 0.75 0.34 -123456789
1 1 0.5 -123456789
0.8 0.84 0.5 -123456789
1 0.84 0.5 -123456789
0.93 0.84 0.29 -123456789
0.93 1 0.34 -123456789
0.95 1 0.5 -123456789
0.95 0.86 0.34 -123456789
0.92 0.86 0.2 -123456789
1 0.84 0.34 0
1 0.86 0.5 -123456789
0.95 0.72 0.5 -123456789
0.93 0.84 0.4 -123456789
0.93 0.86 0.6 -123456789
0.92 0.84 0.2 -123456789
1 0.86 0.6 -123456789
0.92 0.86 0.5 -123456789
1 0.86 0.5 -123456789
0.93 0.86 0.6 -123456789
0.95 0.88 0.5 -1.23457e+08
0.93 0.86 0.5 -123456789
0.88 0.72 0 0
0.85 0.86 0.5 -123456789
0.94 0.84 0.34 -123456789
0.92 0.84 0.5 -123456789
0.94 0.86 0.6 -123456789
0.94 0.86 0.4 -123456789
0.86 1 0.34 -123456789
1 0.94 0.2 -123456789
1 0.75 0 -123456789
0.93 0.72 0.4 -123456789
1 0.91 0.67 -123456789
0.93 1 0.5 -123456789
0.95 1 0.5 -123456789
0.93 0.88 0.25 -123456789
0.9 0.86 0.5 -123456789
0.94 0.86 0.34 -123456789
0.89 0.63 0.5 -123456789
0.86 0.84 0.5 -123456789
0.93 0.84 0.25 -123456789
1 0.84 0.5 -123456789
0.87 0.78 0.34 -123456789
0.88 0.86 0.25 -123456789
1 0.84 0.5 -123456789
1 0.84 0.4 -123456789
0.93 1 0.5 -123456789
0.93 0.84 0.5 -123456789
0.7 0.86 0.25 -123456789
0.88 1 0.4 -123456789
0.93 0.84 0 -123456789
0.93 0.72 0.5 -123456789
0.93 0.86 0.67 -123456789
0.94 0.86 0.67 -123456789
1 0.86 0.34 -123456789
0.94 0.84 0.34 -123456789
0.93 0.84 0.34 -123456789
0.93 0.78 0.5 -123456789
1 0.84 0.5 -123456789
1 0.84 0.5 -123456789
0.94 1 0.67 -123456789
0.93 0.86 0.34 -123456789
0.87 1 0.6 -123456789
1 1 0.67 -123456789
0.94 0.72 0.2 -123456789
0.93 0.86 1 -123456789
0.94 0.86 0.75 -123456789
0.93 0.84 0.5 -123456789
0.89 0.86 0.5 -123456789
0.86 1 0.5 -123456789
1 1 0.5 -123456789
0.93 1 0.5 -123456789
0.93 0.84 0.67 -123456789
1 0.86 0.6 -123456789
0.94 0.86 0.4 -123456789
0.87 0.86 0.4 -123456789
1 1 0.4 -123456789
1 1 0.34 -123456789
0.94 1 0 -123456789
0.93 0.84 0.5 -123456789
0.92 0.75 0.5 -1.23457e+08
0.92 1 0.25 -123456789
0.93 0.84 0.5 -123456789
0.92 0.84 0.5 -123456789
1 0.86 0.67 -123456789
1 0.75 0.5 -123456789
0.87 0.86 0.5 -123456789
0.94 0.88 0.34 -123456789
0.93 0.78 0.67 -123456789
0.93 0.86 0.5 -123456789
1 0.86 0.34 -123456789
0.93 0.8 0 -123456789
0.94 0.84 0.34 -123456789
0.88 0.75 0.75 -123456789
0.94 1 0.4 -123456789
1 0.84 0.5 -123456789
1 0.72 0.5 -123456789
0.94 0.86 0.25 -123456789
1 0.86 0.67 -123456789
1 0.86 0.4 -123456789
1 0.84 0.67 -123456789
1 1 0.25 -123456789
0.93 0.86 0.4 -123456789
1 0.8 0.5 -123456789
0.94 0.86 0.5 -123456789
0.94 1 0.5 -123456789
1 1 0.34 -123456789
1 1 0.5 0.13
1 0.72 0.75 0.04
0.94 0.86 0.75 0.21
0.92 0.86 1 0.13
0.87 1 0.5 0.03
0.92 0.86 0.5 0.09
0.94 1 0.5 0
0.93 0.84 0.34 0.03
0.88 0.88 0.34 0.03
0.95 0.86 0.4 0.13
1 0.84 0.5 0.13
0.84 0.72 0.67 0.03
0.88 0.75 0.58 0.13
0.96 0.86 0.63 0.13
1 0.8 0 0.03
1 0.86 0.4 0.09
0.94 0.84 0.6 0
0.89 0.67 0.4 0
1 1 0.6 0.13
0.93 0.72 0.5 0.03
0.86 0.86 0.5 0.03
0.95 1 0.75 0.13
0.93 1 0.25 0.12
1 0.86 0.8 0.13
0.88 1 0.5 0.13
1 0.86 0.5 0.09
0.92 0.63 0.4 0
0.94 1 0 0.13
0.94 1 0.4 0.13
0.93 0.84 0.72 0.13
1 0.8 0.5 0.38
0.86 1 0.25 0.45
0.94 1 1 0.61
0.93 0.75 0.5 0.42
0.92 0.84 0.4 -1.23457e+08
0.93 0.86 0.4 -1.23457e+08
0.91 0.88 1 0.22
0.94 1 0.4 0.38
0.93 0.84 0 0.38
0.93 0.86 0.5 0.31
0.92 0.93 0.25 0.25
0.91 0.86 0.4 0.25
1 0.78 0.34 0.25
0.86 0.86 0.34 0.31
0.89 0.86 0.5 0.2
1 0.75 0.5 0.33
1 1 0.4 0.38
0.93 0.86 0.5 0.38
0.93 0.84 0.4 0.35
1 0.84 0.67 0.35
0.94 0.84 0.4 0.38
0.93 1 0.4 0.38
0.93 0.84 0 0.38
1 0.75 0.5 0.25
1 0.84 0.67 0.31
0.91 0.86 0.4 0.38
0.86 0.8 0.84 0.38
1 0.86 0.5 0.31
0.92 1 0.67 0.31
0.87 0.86 0.5 0.25
1 0.75 0.5 0.25
1 0.86 0.4 0.21
0.85 1 0.5 0.38
0.93 0.84 0.5 0.38
0.93 1 0.67 0.38
0.93 0.75 0.34 0.38
0.88 0.84 0 0.25
0.93 0.84 0.4 0.38
0.93 0.84 0.5 0.25
0.93 0.86 0.5 0.47
0.87 0.84 0.5 0.38
0.85 0.84 0.5 0.38
0.88 0.84 0.5 0.31
1 0.86 0.4 0.22
0.89 0.84 0.4 0.25
0.82 1 0.5 0.25
