1 1 0.75 0.5
0.86 0.86 0.72 0.57
0.86 0.84 0.67 0.64
0.93 0.86 0.8 0.54
0.95 0.72 1 0.5
0.72 0.84 0.75 0.5
0.8 0.86 0.8 0.59
0.93 1 0.6 0.68
1 0.88 1 0.57
0.86 0.86 0.34 0.48
0.47 0.75 0.5 0.25
0.84 0.86 0.4 0.38
0.95 0.89 0.67 0.15
0.95 1 0.75 0.3
0.89 1 1 0.61
0.87 0.86 1 0.67
0.89 0.86 1 0.45
0.89 0.86 0.75 0.63
0.88 0.84 0.75 0.63
0.94 0.75 1 0.5
1 1 0.67 0.57
0.9 1 1 0.52
0.84 0.84 0.75 0.59
0.75 0.8 0.75 0.59
0.88 0.86 0.67 0.53
0.95 0.75 0.6 0.48
0.88 0.86 0 0.59
0.94 1 0.25 0.57
0.95 0.5 0.25 0.4
0.95 0.67 0.25 0.45
0.92 0 0 0.48
0.91 0.72 1 0.12
0.94 1 1 0.38
0.7 0.75 0.67 0.38
0.9 0.8 0.67 0.42
0.67 0.93 0.75 0.22
0.96 0.88 0.75 0.25
0.88 0.84 0.67 0.09
0.93 0.84 0.67 0.25
0.94 1 0.75 0.38
0.63 0.84 1 0.31
0.65 0.84 0.84 0.38
1 0.86 1 0.38
0.95 0.86 0.67 0.63
0.8 0.6 1 0.64
1 0.67 1 0.4
0.87 0.72 1 0.53
0.87 0.72 0.67 0.48
0.94 0.86 1 0.61
1 0.88 0.75 0.63
0.88 1 0.6 0.63
0.83 0.72 0.8 0.59
0.95 0.86 0.58 0.63
1 0.8 0.75 0.59
1 0.78 0.8 0.34
0.94 0.84 0.75 0.59
1 1 0.75 0.57
0.92 0.84 0.75 0.55
1 0.88 0.8 0.61
1 1 1 0.53
0.92 1 0.25 0.53
1 0.63 0.34 0.75
1 0.88 0.25 0.64
0.9 0.88 0 0.59
0.95 0.5 1 0.52
0.94 0.58 0.75 0.6
0.94 0.75 0.75 0.59
1 0.58 1 0.64
0.84 0.63 0.75 0.53
1 0.75 0.67 0.52
1 0.88 0.8 0.34
1 1 1 0.63
0.95 0.86 0.75 0.5
0.95 0.86 0.75 0.53
0.89 0.86 0.86 0.4
0.9 0.85 0.25 0.42
0.9 0.88 0.8 0.68
0.91 0.58 1 0.75
0.95 0.29 0.5 0.7
0.96 0.88 1 0.45
0.93 0.8 0.67 0.25
0.88 0.75 0.75 0.25
0.93 0.9 0.75 0.31
0.94 0.86 1 0.42
0.8 1 0.6 0.31
1 0.86 0.75 0.3
0.94 1 0.5 0.39
1 0.84 0.75 0.47
0.95 0.65 0.75 0.5
0.91 0.2 0.75 0.63
0.95 0.63 0.6 0.5
0.86 0.58 1 0.13
0.86 0 0.75 0.3
0.95 0.86 0.75 0.09
0.72 0.88 1 -123456789
0.69 0.7 0.5 -123456789
0.78 0.86 0.25 0.13
0.87 0.63 0.5 0.5
0.8 0.88 0.25 0.38
0.93 0.88 0.34 0.3
0.94 0.86 0.8 0.63
1 1 0.8 0.42
0.89 1 0.75 0.63
0.87 0.86 1 0.53
0.94 0.75 0.5 0.64
0.9 0.67 1 0.09
0.89 0.88 0.67 0.61
0.93 0.84 0.75 0.64
1 0.86 0.67 0.57
0.94 0.67 0.75 0.57
0.93 0.86 0.75 0.38
1 0.84 1 0.15
0.87 0.86 0.75 0.3
0.9 1 0.88 0.25
0.91 0.87 0.34 0.38
0.93 0.84 0.34 0.38
1 1 0.4 0.03
0.88 1 0.2 0.33
0.86 0.86 0 0.03
1 0.63 1 0.13
1 0.72 0.6 0.25
0.88 0.88 0.67 0.38
0.84 0.88 1 0.48
0.94 1 1 0.09
0.62 1 0.6 0.47
0.84 0.84 0.67 0.09
0.94 1 0.6 0.37
0.95 0.86 0.75 0.33
0.86 1 0.75 0.31
0.84 0.88 0.75 0.06
0.88 0.58 0.67 0.03
0.94 0.55 0.6 0.38
0.72 0.7 0.67 0.38
1 1 1 0.31
0.89 0.84 0.75 0.57
0.67 0.88 0.34 0.52
0.67 0.84 0.34 0.63
0.93 0.88 0.34 0.45
0.88 0.75 0.25 0.5
0.95 0.86 0.75 0.31
0.95 0.63 0.8 0.5
0.8 0.5 1 0.48
0.67 0.8 1 0.61
0.78 0.84 0.6 0.61
1 1 1 0.5
0.94 0.84 1 0.3
0.92 0.67 0.67 0.66
1 0 1 0.59
1 1 0.6 0.57
0.88 0.75 1 0.5
1 0.67 0.67 0.5
0.92 0.5 0.6 0.5
0.88 0.67 0.75 0.59
0.88 0.84 0.75 0.63
0.94 0.72 0.2 0.48
1 0.8 0.34 0.5
0.95 0.88 0.25 0.45
0.87 1 0.25 0.55
0.78 0.86 0.67 -123456789
0.95 0.86 1 0.31
1 0.88 0.5 0.35
1 1 0.25 0.38
0.67 1 0.34 0.38
0.88 0.95 0.25 0.38
0.95 0.8 1 0.63
1 1 1 0.49
0.95 0.6 1 0.57
0.88 0.5 0.67 0.52
0.95 0.86 1 0.5
0.88 0.5 1 0.47
0.94 0.58 0.6 0.55
1 0.67 1 0.42
0.93 0.84 0.6 0.21
0.7 0.88 0.75 0.21
0.82 0.84 1 0.38
0.89 0.84 0.75 0.42
0.95 0.89 0.6 0.35
1 0.86 0.75 0.63
0.94 0.72 1 0.12
0.95 0.86 1 0.31
1 0.86 0.6 -123456789
0.94 0.8 1 0.09
0.95 0.88 1 0.42
0.94 0.84 0.75 0.38
0.94 0.86 0.6 0.38
0.63 0.86 0.67 0.3
0.85 0.86 0.6 0.38
1 0.86 0.75 0.22
1 0.88 0.4 0.38
1 0.72 0.5 0.4
0.86 0.91 0.5 0.38
0.86 1 0.86 0.31
0.8 0.75 1 0.61
0.88 1 0.67 0.57
0.93 0.75 1 0.59
0.89 1 0.8 0.57
1 1 0.75 0.6
0.96 0.84 0.75 0.57
0.67 1 1 0.59
0.74 0.9 0.6 0.64
0.88 1 0.8 0.55
0.93 1 0.67 0.42
1 0.86 0.75 0.42
0.67 1 1 0.63
0.74 0.8 0.67 0.21
0.94 0.86 1 0.54
0.88 1 0.75 0.38
0.69 0.84 0.67 0.31
0.72 0.86 0.34 0.53
1 0.84 0.2 0.57
1 1 0.25 0.57
1 0.8 0.5 0.45
0.89 0.88 0.5 0.63
0.95 0.88 0.5 0.69
0.67 0.8 0.5 0.34
0.7 0.7 1 0.38
0.94 0.75 1 0.52
0.95 1 1 0.55
0.9 0.5 0.6 0.57
0.89 0.58 0.25 0.61
1 0.72 0.25 0.61
0.91 0.86 0.2 0.59
0.82 0.7 0.34 0.55
1 0.84 1 0.59
0.95 0.84 0.8 0.35
1 0.4 1 0.63
1 0.67 0.75 0.61
0.95 0.89 1 0.57
0.86 0.86 1 0.57
1 0.8 0.75 0.3
1 0.73 1 0.61
0.93 0.75 0.67 0.57
1 0.86 1 0.57
0.94 0.92 0.67 0.42
1 0.86 0.75 0.64
0.95 0.86 1 0.57
1 1 0.6 0.62
0.95 0.84 1 0.6
0.88 0.83 0.75 0.55
0.94 1 1 0.62
0.88 0.84 0.67 0.63
0.84 0.88 0.75 0.25
1 1 1 0.38
0.84 0.84 0.6 0.33
0.72 0.84 0.75 0.38
0.4 0.86 0.75 0.25
0.89 0.86 1 0.38
1 1 0.75 0.53
0.93 0.88 0.8 0.63
1 0.86 0.75 0.5
0.92 0.88 1 0.64
0.93 0.8 0.75 0.61
0.9 0.5 0.67 0.57
0.89 0.8 0.67 0.55
0.95 0.55 0.67 0.64
0.91 0.9 0.67 0.5
0.93 0.84 0.75 0.59
0.92 0.72 0.2 0.5
0.78 0.84 0.34 0.57
1 0.84 0.34 0.25
0.95 0.8 0.5 0.3
0.96 1 0.75 0.39
0.95 1 0.25 0.25
0.93 0.84 0.34 0.42
0.89 0.84 0.25 0.34
0.86 1 0.2 0.63
0.89 1 0.5 0.55
0.89 0.89 0.67 0.52
0.95 0.84 0.75 0.63
0.9 0.72 0.34 0.57
0.91 0.86 0.25 0.59
1 1 0.25 0.63
1 0.84 0.34 0.63
1 0.84 0.6 0.57
0.93 0.86 0.67 0.6
0.9 0.84 1 0.66
0.95 0.84 1 0.53
0.92 0.72 0.75 0.57
1 0.63 1 0.52
0.89 0.86 0.67 0.3
0.8 1 0.75 0.59
0.94 1 0.75 0.59
0.85 0.86 0.75 0.64
0.93 0.86 0.67 0.64
1 0.72 1 0.45
1 0.84 0.6 0.59
0.94 1 0.5 0.52
0.93 0.86 0.8 0.48
1 0.8 0.75 0.42
0.93 0.84 0.34 0.38
0.88 0.75 0.4 0.38
0.43 0.63 0.5 0.53
0.75 0.86 1 0.38
0.9 0.86 0.5 0.38
1 1 0.67 0.61
0.94 0.75 0.8 0.57
1 0.84 0.75 0.5
0.9 0.86 0.75 0.61
0.88 0.86 0.25 0.65
1 1 0.5 0.37
0.92 0.8 0.34 0.63
0.79 0.86 0.67 0.48
0.73 1 0.75 0.55
0.95 0.9 1 0.6
0.92 0.84 0.5 0.63
1 0.78 1 0.42
1 0.84 0.8 0.59
0.8 0.75 0.75 0.59
0.9 0.75 0.67 0.55
0.82 0.86 1 0.59
0.88 0.84 0.75 0.57
0.95 0.91 0.25 0.57
1 1 0 0.63
1 0.88 0 0.63
0.84 0.75 0.34 0.53
0.9 0.88 0 0.57
0.65 0.84 0.75 0.42
0.89 0.86 0.67 0.59
0.89 0.88 0.75 0.64
0.94 0.67 0.75 0.25
0.89 0.2 0.6 0.31
1 0.75 0.75 0.42
1 0.86 0.75 0.38
0.89 0.75 1 0.3
0.93 1 0.67 0.22
0.93 0.67 1 0.22
1 0.88 1 0.38
0.7 1 1 0.3
1 1 0.75 0.42
0.84 0.84 0.5 0.38
0.77 1 0.5 0.25
0.22 0.9 1 0.25
0.94 1 1 0.25
1 1 0.75 0.42
0.95 0.84 0.84 0.63
1 0.58 0.67 0.47
0.88 0.67 1 0.61
0.88 0.63 0.5 0.59
0.92 1 1 0.57
0.82 0.92 0.25 0.66
1 1 0.25 0.75
0.95 0.89 0.34 0.48
0.97 1 0.82 0.65
0.96 0.91 0.75 0.31
1 0.84 0.6 0.69
0.88 0.88 0.75 0.42
0.89 0.88 1 0.61
0.78 0.89 0.75 0.53
1 0.6 0.6 0.55
0.73 0.86 0.75 0.47
1 0.67 0.8 0.49
0.89 0.56 1 0.55
1 0.84 1 0.59
1 0.85 1 0.38
0.8 1 0.6 0.25
0.89 0.84 0.34 0.3
0.89 0.86 0.34 0.38
0.92 0.84 0.25 0.25
0.86 1 0.34 0.38
0.89 0.56 0.34 0.35
0.95 0.34 0.75 0.39
0.95 0.67 0.8 0.64
0.95 0.8 0.75 0.64
0.97 0.58 0.5 0.34
1 0.47 0.6 0.3
1 0.45 0.8 0.55
0.93 0.63 1 0.53
0.93 0.86 0.75 0.59
0.84 0.91 0.84 0.6
0.8 1 0.75 0.5
0.91 0.86 1 0.45
0.63 0.72 1 0.33
0.65 0.88 0.67 0.61
0.73 0.56 1 0.42
0.96 0.4 0.5 0.42
0.88 0.84 0.75 0.25
0.86 0.78 0.75 0.38
0.69 1 1 0.25
0.3 1 0.6 0.33
0.88 0.86 1 0.38
0.94 0.75 1 0.38
1 1 0.6 0.13
0.9 0.84 0.8 0.33
1 1 1 0.09
0.9 0.72 1 0.38
0.95 1 0.6 0.38
0.89 0.88 0.75 0.25
0.94 1 0.5 0.33
0.93 0.75 1 0.38
1 1 0.67 0.31
0.82 1 0.75 0.3
0.9 1 1 0.09
0.8 0.6 1 0.03
1 0.5 0.75 0.38
0.92 0.72 0.67 0.25
0.89 0.86 0.75 0.32
0.89 1 1 0.75
0.87 0.86 1 0.75
1 0.78 0.75 0.57
0.78 0.86 0.75 0.57
0.94 1 1 0.37
0.71 0.86 0.67 0.63
1 0.84 0.8 0.39
0.95 0.86 0.6 0.42
0.93 0.84 0.75 0.25
0.74 0.86 0.4 0.63
1 0.86 0.34 0.53
0.91 1 0.34 0.42
0.88 0.88 0.25 0.6
1 0.86 0.75 0.54
0.94 1 0.75 0.65
0.94 0.6 1 0.55
0.88 0.5 0.75 0.42
0.93 0.72 0.67 0.65
1 0.86 1 0.57
0.78 0.84 0.34 0.75
1 0.86 0.75 0.53
0.94 0.84 0.75 0.35
0.72 0.86 0.8 0.09
1 0.88 0.75 0.2
0.87 0.84 0.67 0.53
1 0.6 0.67 0.57
0.86 1 0.67 0.52
0.93 1 0.75 0.59
0.67 1 1 0.37
0 0.75 0.6 0.59
0.78 0.84 0.75 0.63
0.71 0.84 0.75 0.63
0.3 0.75 0.86 0.59
0.69 0.63 0.5 0.17
0.95 0.4 0.75 0.63
0.99 0.67 0.4 0.59
1 0.58 0.67 0.57
0.89 0 0.5 0.57
0.94 0.86 0.75 0.29
0.91 0.88 0.75 0.66
0.93 0.88 0.6 0.61
0.91 1 1 0.45
0.67 0.67 0.75 0.59
0 0.86 0.75 0.6
0.95 1 0.75 0.57
0.71 0.63 0.75 0.25
0.88 0.58 1 0.38
0.8 0.84 0.67 0.3
0.9 0.84 1 0.09
0.95 1 0.8 0.31
0.94 0.86 0.75 0.38
0.9 0.84 0.86 0.3
1 1 0.6 0.31
0.95 1 0.75 0.38
1 0.84 0.6 0.38
1 0.86 0.84 0.38
0.9 1 1 0.38
1 0.88 0.75 0.25
0.67 0.86 0.75 0.38
0 0.72 0.67 0.5
0.94 0.86 1 0.31
0.94 0.84 0.5 0.38
0.94 0.63 0.8 0.09
0.6 1 0.67 0.2
0.72 0.86 1 0.25
0.56 0.88 0.75 0.53
0.93 0.89 0.8 0.57
0.89 1 0.67 0.34
0.94 1 0.86 0.33
0.72 1 1 0.38
0.71 0.75 0.6 0.5
1 0.86 0.5 0.3
0.7 0.84 1 0.63
0.95 0.75 0.6 0.57
0.73 0.86 1 0.52
0.8 0.67 0.75 0.5
0.73 0.67 0.75 0.59
0.5 0.82 0.75 0.52
0 0.88 1 0.63
1 0.84 0.75 0.22
0.88 0.84 0.67 0.25
0.89 0.84 0.25 0.13
0.93 0.88 0.34 0.13
0.86 0.86 0 0.03
1 0.88 0.75 0.13
0.96 0.84 1 0.03
0.93 1 0.75 0.42
0.88 0.88 0.25 0.25
0.92 1 0.5 0.33
0.95 0.88 0.25 0.25
0.94 0.7 0 0.05
0.78 0.56 0.75 0.38
0.95 0.86 0.75 0.14
0.9 1 1 0.25
1 0.72 1 0.61
1 0.78 0.75 0.63
0.89 0.67 0.67 0.59
0.94 0.67 0.67 0.57
1 0.88 0.75 0.5
0.94 0.88 0.75 0.63
0.89 0.8 1 0.61
0.93 0.86 0.75 0.47
0.89 1 1 0.31
0.92 0.89 1 0.63
1 0.89 0.75 0.31
1 0.88 1 0.63
0.95 0.75 0.6 0.42
0.9 1 0.67 0.48
1 0.67 1 0.5
0.69 0.6 0.6 0.57
0.15 0.84 1 0.53
0.93 0.5 0.75 0.57
0.88 0.56 0.75 0.57
0.89 0.86 1 0.5
0.75 0.84 0.75 0.64
1 0.84 0.34 0.54
0.95 0.75 0.34 0.63
0.95 0.84 0.34 0.64
0.85 0.86 0.25 0.59
0.85 0.86 0.34 0.55
1 0.8 0.75 0.57
0.93 0.5 1 0.52
0.84 0.64 1 0.57
0.92 0 0.75 0.57
1 0.86 1 0.55
0.93 1 0.67 0.63
1 1 0.75 0.59
1 0.86 0.75 0.42
1 1 1 0.75
1 0.56 0.67 0.64
0.95 0.67 0.67 0.5
1 1 0.67 0.28
0.93 0.86 0.25 0.42
1 1 0.6 0.63
0.86 0.63 0.75 0.52
1 0.86 0.5 0.5
1 0.84 0.6 0.5
0.88 0.8 0.89 0.42
0.89 1 0.75 0.25
0.88 0.88 0.75 0.59
1 0.86 0.75 0.48
0.95 0.9 1 0.59
1 0.84 0.5 0.59
0.91 0.84 1 0.59
0.93 1 1 0.63
0.94 0.86 1 0.19
0.88 1 0.75 0.3
0.93 0.86 1 0.38
0.75 0.72 0.8 0.61
1 1 0.75 0.55
0.88 0.89 1 0.61
0.9 0.63 0.67 0.48
1 1 0.75 0.57
0.58 0.72 0.8 0.57
0.72 0.86 1 0.53
0.15 0.84 0.67 0.48
0.88 1 0.75 0.5
1 1 1 0.25
1 1 1 0.65
0.94 0.84 0.6 0.57
0.84 0.95 1 0.59
0.95 0.84 0.75 0.25
0.94 0.86 0.25 0.57
0.88 1 0.34 0.52
0.88 1 0.25 0.59
0.34 1 0.5 0.38
0.47 0.67 1 0.25
1 1 1 0.31
1 1 0.75 0.48
0.94 1 0.5 0.25
0.93 0.84 0.25 0.31
1 0.67 0.25 0.38
0.91 0.88 1 0.25
0.87 0.75 0.75 0.13
0.94 0.84 0.5 0.38
0.88 0.84 0.75 0.38
0.95 0.86 0.67 0.25
1 0.86 0.75 0.33
0.9 0.84 0.34 0.64
0.96 0.86 0.8 0.5
0.93 0.86 1 0.57
0.94 0.67 0.6 0.66
1 0.67 1 0.57
0.93 0.84 0.75 0.47
0.89 1 0.75 0.45
1 1 0.75 0.57
0.91 0.67 0.34 0.61
0.86 0.88 0.25 0.25
0.95 1 0.34 0.34
1 0.84 0.6 0.25
0.94 0.8 0.75 0.21
0.94 0.84 0.75 0.31
0.89 0.84 0.75 0.38
0.8 0.84 0.75 0.64
1 0.84 0.6 0.57
1 0.84 1 0.45
0.9 0.86 0.75 0.63
1 0.88 0.6 0.48
0.38 1 1 0.52
0.93 0.86 0.8 0.52
0.94 0.86 1 0.32
0.93 0.8 0.67 0.61
1 0.75 0.6 0.59
0.89 0.58 0.6 0.57
0.67 0.84 1 0.55
0.7 1 0.25 0.5
1 0.86 0.25 0.6
0.9 0.9 0.2 0.52
0.94 0.75 0.4 0.61
0.95 0.84 0.5 0.5
0.86 0.88 0.67 0.57
1 0.86 0.5 0.5
1 1 0.67 0.48
0.94 0.86 0.5 0.75
0.93 0.84 0.67 0.5
1 0.86 0.34 0.57
1 0.75 0.25 0.57
0.95 0.84 0.34 0.52
1 0.8 0.25 0.52
0.67 0.88 0.5 0.59
0.69 1 0.75 0.6
1 1 0.75 0.55
1 0.84 0.67 0.57
0.95 0.86 0.84 0.48
0.93 1 0.75 0.63
0.94 1 0.6 0.34
0.95 0.86 0.75 0.21
0.95 0.84 0.75 0.21
0.94 1 1 0.25
0.93 0.84 0.67 0.38
1 0.78 0.67 0.38
0.89 0.78 0.5 0.5
0.93 0.86 0.86 0.25
0.89 0.82 0.75 0.63
0.93 0.86 1 0.64
1 0.92 1 0.48
0.89 0.63 0.84 0.64
0.89 0.72 1 0.34
0.9 1 0.67 0.61
0.93 0.85 0.75 0.57
0.78 0.84 0.6 0.5
0 0.86 1 0.5
0.93 1 1 0.63
1 0.88 1 0.5
1 1 0.75 0.3
0.5 0.84 0.34 0.63
0.67 0.78 1 0.52
0.93 0.88 0.6 0.47
0.94 0.84 0.75 0.63
0.89 0.91 0.75 0.59
0.95 0.86 0.75 0.68
0.88 0.84 0.34 0.45
1 0.95 0.2 0.57
0.95 0.88 0 0.59
1 0.84 0 0.63
0.94 0.8 0.25 0.42
0.87 0.84 0.25 0.38
0.88 0.84 0 0.42
0.78 0.86 0.75 0.31
0.5 0.88 1 0.42
0.85 0.84 0.25 0.25
1 0.84 0 0.44
0.58 1 0 0.42
0.67 0.67 0.34 0.45
0.88 0.84 0.8 0.5
0.95 1 0.2 0.55
1 0.86 0.25 0.53
0.94 0.88 0.25 0.75
0.84 0.86 0.2 0.5
1 0.84 1 0.57
0.9 0.84 0.67 0.57
0.75 0.86 0.4 0.42
1 1 0.6 0.7
0.73 0.88 0.5 0.59
0.12 0.86 1 -1.23457e+08
0.67 0.78 0.75 0.5
0.9 0.72 0.72 0.5
0.89 0.28 0.8 0.5
1 0.34 1 0.63
0.95 0 0.67 0.61
1 1 0.75 0.45
0.86 1 1 -123456789
0.87 0.84 0.75 0.62
0.72 0.75 1 0.6
0.95 0.86 0.67 0.55
0.9 0.58 0.75 0.57
0.93 0.63 0.67 0.5
1 0.9 0.75 0.63
0.9 1 1 0.61
0.89 0.58 0.75 0.63
1 0.58 0.75 0.58
1 0.67 1 0.34
0.94 0.67 0.75 0.48
0.67 0.58 0.75 0.57
0.67 0.5 0.75 0.52
0.89 1 0.34 0.5
0.87 0.8 1 0.63
1 0.89 1 0.47
0.94 0.63 0.75 0.64
0.88 0.34 1 0.64
0.93 0.67 1 0.62
1 0.88 0.34 0.57
0.86 0.86 0.25 0.33
0.94 1 0.5 0.75
1 0.88 0.2 0.35
0.95 1 0.5 0.38
0.7 1 0.8 0.38
0.7 0.84 0.75 0.42
0.93 1 0.6 0.38
0.86 1 0 0.38
0.95 0.72 0 0.3
0.82 0.86 0 0.38
0.94 0.86 0 0.42
0.93 0.84 0 0.25
0.95 0.84 0 0.15
0.85 0.88 0 0.33
0.92 0.72 0 0.31
0.82 0.86 0 0.31
0.95 0.75 0 0.25
0.86 0.75 0 0.09
0.91 0.86 0 0.07
0.93 0.84 0 0.63
0.82 1 0 0.64
0.9 0.88 0.34 0.37
0.93 1 0.25 0.42
0.84 1 0.5 0.48
0.98 1 0 0.6
0.96 0.88 1 0.55
0.88 0.88 0.75 0.39
0.93 0.86 0.67 0.38
1 0.78 0.75 0.03
0.93 0.86 0.75 0.06
0.9 0.88 0.25 0.13
0.88 0.84 0.34 0.13
1 1 0.5 -123456789
1 0.86 0.34 0.04
1 0.58 0.34 -123456789
0.95 0.67 0.2 0.13
1 0.88 0 0.38
1 0.86 1 0.44
0.96 0.86 0.5 0.38
0.89 0.86 0.5 0.72
0.95 0.89 0 0.63
0.63 0.8 0.25 0.53
0.72 0.84 0.5 0.48
0.84 1 0.34 0.52
1 1 0.25 0.57
0.93 0.88 0.75 0.44
0.78 0.86 0.5 0.38
0.98 0.88 0.34 0.5
1 1 0.5 0.5
0.88 0.43 0.4 0.35
0.95 0.58 0.75 0.42
0.89 0.84 0.6 0.47
0.93 0.8 0.67 0.25
0.93 1 0.75 0.63
1 1 1 0.45
1 0.86 0.67 0.39
0.94 0.72 0.75 0.63
0.84 1 0.25 0.45
0.95 1 0.34 0.57
0.95 0.88 0.4 0.57
1 1 1 0.64
0.94 0.88 0.75 0.5
1 0.5 0.5 0.52
0.67 0.63 0.75 0.63
0.75 0.55 1 0.61
0.95 0.84 0.67 0.55
0.95 0.84 0.67 0.57
0.79 1 0.75 0.3
0.67 1 0.6 0.55
0.77 0.84 1 0.59
0.92 0.84 1 0.48
0.94 0.86 0.6 0.6
1 1 1 0.42
1 0.89 0.6 0.42
0.95 1 0.6 0.47
0.89 0.63 1 0.57
0.84 0.78 0.4 0.38
1 0.86 0 0.38
0.95 1 1 0.38
1 0.93 0.75 0.3
1 0.67 1 0.38
0.87 1 0.75 0.3
0.75 1 0.75 0.42
1 0.75 0.75 0.63
0.9 0.5 1 0.5
0.88 0.88 0.6 0.6
0.95 0.84 1 0.63
0.86 0.75 0.75 0.33
0.85 0.78 0.75 0.52
1 0.56 0.8 0.63
1 0.5 0.75 0.57
0.93 0.4 0.75 0.55
0.78 0.86 1 0.5
0.8 1 0.84 0.75
0.74 1 1 0.55
0.95 0.75 0.75 0.42
1 0.86 1 0.57
1 0.84 0.8 0.59
0.64 0.84 0.75 0.57
0.95 1 0.9 0.55
1 0.6 0.25 0.63
