0.88 0.8 0.75 0.61
1 0.88 0.75 0.61
0.93 0.75 0.5 0.57
0.95 0.75 0.4 0.45
0.77 0.58 1 0.47
0.75 0.84 0.25 -123456789
0 1 0.43 0.03
1 0.84 0.5 0.75
-123456789 1 0.25 0.31
0.95 0.56 0.25 0.57
-123456789 0.58 0.34 0.13
0.95 1 0 0.13
0.75 0.5 -123456789 0.17
0.88 1 1 0.28
0.92 0.93 0.67 0.31
1 1 0.5 0.4
0.67 0.8 0.25 0.61
1 0.29 0.25 0.57
0.88 0.4 0.34 0.5
0.99 0 0.8 0.31
0.96 0.84 0.8 0.25
0.95 0.45 0.8 0.33
0.92 0.43 1 -123456789
0.63 0.56 0.4 -123456789
0.72 0.84 0.34 -123456789
0.93 0.8 0.34 0.13
0.93 1 0.34 0.13
0.94 1 1 0.13
0.99 0.84 0.45 -123456789
0.75 1 0 0.13
0.89 0.63 0.75 -123456789
0.93 0.58 1 -123456789
0.67 0.72 0.2 -123456789
0 0.6 0.5 -123456789
0.7 0.75 0.34 -123456789
1 0.38 0.6 -123456789
1 0 0.34 0.42
0.92 0 0.34 0.38
0.94 0.75 0 0.33
0.74 0.95 0 0.3
1 0.67 0 0.38
0.94 0.43 0.25 0.03
0.95 0.67 0 0.15
1 0.86 1 -123456789
1 0.86 0.6 -123456789
0.95 0.8 0.75 -123456789
1 0.86 0.5 -123456789
0.88 0.84 0.25 -123456789
0.84 1 1 -123456789
0.31 0.84 1 -123456789
0.43 0.86 0.34 0.2
0.67 1 0 0.2
0 0.88 0 0.03
0.69 0.91 0 0.2
1 0.63 0 0.25
0.84 0.43 0.34 0.42
0.95 0.58 0.25 0.47
0.89 0.58 0.4 0.38
0.89 0.86 0.4 0.63
1 1 1 0.61
1 0.86 1 0.12
-123456789 0.85 1 0.12
0.88 0.86 0.67 0.25
0.99 1 0 0.38
0.9 0.86 0 0.38
1 0.84 0 0.31
1 1 0 0.25
0.91 0.75 0.25 0.61
0.94 0.78 0.5 0.57
0.92 0.8 0.75 0.35
0.63 1 0.4 0.38
0.43 0.86 0.34 0.38
0.38 0.86 0 0.31
0.97 1 0.34 0.63
0.73 0.84 0.25 0.57
0.73 0.84 0.5 0.45
1 0.84 0.4 0.55
0.95 0.84 0 0.42
0.79 0.58 0 0.38
0.92 0.5 0 0.31
0.82 0.15 0 0.25
0.78 0.75 0.6 0.25
0.43 0.86 0.5 0.15
0.72 0.84 0.25 0.38
0.25 0.75 1 0.38
0.93 0.58 0.5 0.31
0.95 0 0.34 0.25
0.95 0.88 0.25 0.03
0.88 1 0.4 0.03
0.91 0.75 1 0.38
0.86 0.63 0.75 0.03
0.89 0.84 0.17 0
1 0.34 0.34 0.13
0.84 0.34 0.34 0.17
0.67 0 0 -123456789
0.89 0.13 1 -123456789
1 0 1 0.13
0.72 0.58 0.67 0.02
0 0.67 0.8 0.33
0.72 0.88 0.84 0.13
0.19 0.84 0.75 0.13
0.94 0.72 1 0.13
0.84 0.84 0.75 -123456789
0.93 0.67 1 -123456789
0.93 0.56 0.75 -123456789
0.72 0.86 0.5 0.5
0.75 1 0.34 0
0.89 1 0.25 0.41
0.88 0.63 0.25 0.25
0.89 0.67 0.34 0.25
0.72 0.67 0.75 0.03
1 0.78 0.75 0.03
0.5 0.88 0.6 0.31
0 0.5 0.8 0.3
0 0.34 0.34 0.38
0.5 0 0.34 0.5
0.79 0.72 0.4 0.61
0.67 0.67 0.6 0.3
0 0.6 1 0.38
0.95 0 0.6 0.49
0.64 0.9 0.75 0.03
0.67 0.88 0.75 -123456789
0.73 1 1 -123456789
0.62 0.56 0.75 0.35
0.22 0.56 1 0.25
0 0.88 0.34 0.13
0.5 1 0.34 0.03
0.93 0.88 0 0.12
0.87 0.67 0 0
0.93 0.67 0.34 -123456789
0.88 0.43 0.2 -123456789
0.87 0.5 0.67 0.13
0.9 0.86 0.75 -123456789
0.89 0.84 0.75 0.09
0.72 0.58 0.75 0.25
0.67 0.34 0.75 0.12
0 0 0.34 0.09
0.72 0.88 0.2 0.04
0.88 0.58 0.34 0.09
0.91 0.6 0.25 0
0.93 0 0 0.25
0.86 0.58 0.5 0
0.92 0.72 0.34 0.38
0.94 0.84 0.25 0.29
0.89 0.86 0.67 0.5
0.95 0.86 0.5 0.15
1 0.84 0.75 0.38
0.93 0.8 0.75 0.63
0.74 0.84 1 0.17
0.67 0.75 0.75 0.25
0.84 1 0.25 0.42
0.72 0.88 0.25 0.25
0.44 0.86 0.25 0.42
0.82 0.86 0 0.38
0.86 0.86 0 0.03
1 0.84 0.2 0.13
0.93 0.75 0 0.33
1 0.67 0.4 0.31
1 0.67 0.5 0.3
0.89 0.72 0.25 0.13
0.94 0.84 0.2 0.13
1 0.84 0.25 0.13
0.69 0.84 0.25 0.03
0 1 0.8 0.09
0.75 0.88 0.34 0
0.67 0.84 0.4 0.38
0.93 0.84 0.17 0.38
1 1 0 0.38
0.72 0.84 0.4 0.25
0.77 0.86 0.34 0.5
0.88 1 0.25 0.47
-123456789 1 1 0.25
0.88 0.58 0.67 0.38
0.8 0.58 0.8 0.33
0.75 0.67 0.34 0.2
0 0.78 0.67 0.61
0.7 0.72 0.75 0.55
0.08 1 0.34 0.69
1 1 0 0.38
0.78 0.86 0 0.31
0.74 0.75 0 0.3
0.72 0.86 0 0.25
0.73 0.86 0 0.38
0.63 0.86 0 0.5
0.43 1 0 0.15
0.42 0.56 0 0.25
0.63 0.29 0 0.42
0.9 0.43 0 0.55
0.93 0.4 0.4 0.63
0.95 0.43 0.67 0.64
0.8 0.4 1 0.5
0.77 0.16 1 0.61
1 0.43 0.25 0.63
0.94 0.34 0.34 0.38
0.67 0.88 0.4 0.21
0.63 0.63 0 0.42
1 0.86 0 0.31
0.87 0.86 0 0.38
1 1 0 0.15
0.95 0.86 0 0.13
0.95 0.84 0 -1.23457e+08
0.94 0.86 0 0.1
1 0.67 0 0.03
0.88 0.5 0 0.03
1 0.86 0 0.13
0.74 1 0 -123456789
1 0.88 0 -123456789
0.95 0.63 0 -123456789
0.91 0.84 0 -123456789
1 0.86 0 -123456789
0.77 0.58 0 -123456789
0.4 0.67 0 -123456789
0.24 0.72 0 -123456789
0.78 0.82 0 0.03
0.92 0.86 0 0.13
0.67 0.84 0 0.21
0.69 0.75 0 0.38
0.93 0.67 0 0.38
1 0.8 0 0.21
0.47 0.58 0 0.38
0.43 0.75 0 0.42
0.65 0.67 0.5 0.38
0.94 0.5 0.34 0.25
0.86 0.84 0.5 0.63
0.95 0.88 0.25 0.53
0.84 1 0.25 0.25
0.75 1 1 0
1 0.65 0.25 0.38
0.85 0.67 0.34 0.03
0.94 0.86 0 0.09
0.79 1 0 0.38
0 0.5 0.29 0.42
0.88 0.75 0.75 0
0.88 0.89 1 0.42
0.69 1 0.88 0.63
0.96 0.84 0.4 0.5
0.94 0.5 0.34 0.57
0.89 0.29 0 0.39
0.94 0.34 0 0.42
0.93 0.72 0 0.6
0.78 0.29 0 0.55
0.75 0.6 0 0.15
1 0.92 0.6 0.03
0.86 1 1 0.53
0.75 0.84 0.75 0.3
0.94 0.92 0.25 0.42
0.88 0.84 0 0.25
0.69 0.67 0 0.39
0.94 0.67 0 0.42
0.72 1 0 0.38
0.7 0.5 0 0.47
0.73 0.67 0 0.6
0.7 1 0 0.25
0.96 1 0 0.31
1 0.86 0.5 0.3
0.94 1 1 0.25
0.67 0.5 0.34 0.3
0.06 0 0.34 0.31
0.71 0.63 0.34 0.45
0.9 0.58 0.75 0.33
0.89 0.67 0.75 0.61
1 0.84 1 0.15
0.9 0.5 0.67 0.2
1 0.69 0.2 0.35
0.67 0 0.34 0.38
0.46 1 0.43 0.13
0 0.86 0.75 0.13
0.63 0.86 0.67 0.42
0.73 0.8 0.6 0.25
0.88 0.84 0.67 0.38
1 1 0.75 0.61
0.89 0.86 0.6 0.33
0.93 0.84 1 0.6
0.93 1 0.75 0.59
0.78 0.86 0.75 0.55
0 0.84 0.67 0.57
0.93 0.84 0.67 0.59
0.96 0.58 0.34 0.55
0.93 0.5 0.6 0.63
0.72 0.34 1 0.25
0.47 1 0.75 0.34
0.64 1 0.6 0.38
0.95 0.58 0.89 0.48
0.93 0.29 0.8 0.42
0.78 0.38 0.75 -123456789
0.83 0.84 0.67 -123456789
0 0.72 0.67 -123456789
0.8 0.34 0.75 0.31
0.06 0.6 0.8 0.2
0 0.8 0.67 0.2
0.74 0.5 0.75 0.09
0.18 0.88 0.72 0.42
0.75 0.6 0.84 0.25
0.7 0.6 0.75 0.47
0.75 0.86 0.75 0.38
0.95 0.84 1 0.31
0.78 0.86 0.25 0.38
0.88 0.72 0.25 0.33
0.94 0.56 0.25 0.25
0.9 0.34 0.67 0.53
0.89 0 0.75 0.75
0.67 0.6 0.8 0.31
0.71 0.88 0.34 0.17
0.84 1 0 0.25
0.93 0.86 0 0.53
0.77 0.84 0 0.38
0.74 0.75 0.34 0.25
1 0.84 0.8 0.13
1 0.84 0 0.09
0.83 0.86 0 0.13
1 1 0 0.13
0.84 1 0 -123456789
0.95 0.88 0 -123456789
1 0.9 0.86 0.18
0.92 0.84 0.25 0.13
1 0.86 0 0.39
1 0.84 0 0.38
1 1 0 0.09
0.85 0.75 0 0.13
0.93 0.58 0 0.25
0.73 0.58 0 0.2
0.69 1 0 0.13
0.73 0.63 0 0.03
0.89 0 0.34 0.06
0.91 0.86 0.34 -123456789
0.94 0.58 0 -123456789
0.96 0.38 0.34 0.21
1 0.67 0.25 0.13
1 0 0.8 0.03
0.34 0.56 0.67 -123456789
0.45 0.75 0.6 -123456789
0.19 0.67 1 -123456789
0.78 0.86 0.5 0.09
0.43 0.88 0.5 0.38
0.74 0.67 0.25 0.38
0.8 0 0.4 0.25
0.95 0.84 0.34 0.13
0.91 1 0.29 0
0.7 0.91 0.34 0.38
0.79 0.86 0 0.31
0.82 0.86 0 0.13
0.7 0.67 0 0.03
0.72 0.58 0 0.12
0.74 0.77 0 0.35
0.89 0.58 0 0.3
0.75 0.67 0 0.38
0.92 0 0 0.38
1 0.34 0 0.38
0.96 0.17 0 0.38
1 0 1 0.38
0.93 1 0.4 0.25
-123456789 0.92 0.4 0.2
0.95 1 0.8 -123456789
0.46 1 0.8 -123456789
0 0.56 0.6 0.13
0.75 0.58 0.75 -123456789
1 0.5 0.6 -123456789
0.93 0.63 0.34 0.09
0.95 0 0.25 0.3
0.88 0.75 0.34 0.25
0.86 0.86 0.25 0.38
0.47 0.84 0.5 0.61
0.72 1 0.4 0.61
0.88 0.89 0 0.55
0.93 0.67 0 0.59
0.88 0.72 0 0.5
0.89 0.6 0 0.38
0.95 1 0 0.15
0.59 0.86 0 0.38
1 0.86 0 -1.23457e+08
0.95 0.75 0.2 0.38
0.93 0.6 0.4 0.03
0.84 0.84 0.25 -123456789
1 0.84 0.5 -123456789
1 0.86 0.25 0
-123456789 0.67 0.75 0.13
0.17 0.58 0.75 -123456789
0.4 0.25 0.75 0.13
0 0.34 0.75 0.09
0 0 0.67 -123456789
0.64 0.88 0.8 0.25
0.5 0.72 1 0.38
0.72 0.86 0.5 0.03
0.95 0.86 0.2 -123456789
0.96 0.84 0 -123456789
0.6 1 0 -123456789
0.74 0.84 0.34 -123456789
0.89 0.88 0 -123456789
0.7 0.86 0.2 0.38
0.42 0.6 0.34 0.42
0 0.67 0.25 0.46
1 0.29 0.75 0.03
0.82 0.6 0.25 -123456789
0.95 0.43 0.25 0.09
0.94 0.86 0.25 0.25
0.75 0.75 0.5 0.25
0.67 0.67 0.75 0.38
0.8 0.63 0.75 0.38
0.74 0 0.25 0.63
1 0.75 0.25 0.5
0.9 0.78 0.34 0.38
0.95 0.63 0.4 0.21
1 0.67 0.34 0.63
0.95 0.86 0.34 0.59
0.94 0.84 0.25 0.57
0.92 1 0.84 0.42
0.88 0.75 0.75 0.57
0.88 0.67 0.25 0.6
0.74 0.8 0.4 0.12
0.94 0.8 0 -123456789
0.95 0.75 0.5 0.13
0.9 0.72 0.25 0.25
1 0.5 0.75 0.13
0.82 1 0.34 0
0.96 0.89 0.34 -123456789
1 0.86 0 0.03
0.96 0.88 0 0.38
0.77 1 0 0.38
0 1 0 0.42
1 0.84 0.75 0.38
0.86 1 1 0.38
1 0.86 0.6 0.5
0.77 0.8 1 0.63
0.8 0.72 1 0.35
0.77 0.58 0.75 0.38
0.63 0.86 0.6 0.25
0.74 0.86 0.5 0.03
0.92 0.86 0.67 0.09
0.72 0.84 0.75 0.13
0.4 1 0.34 0.25
0 0.75 0.67 0.61
0.42 0.58 1 0.42
0 0.67 1 0.38
0.63 0.86 1 0.38
0.73 0.58 1 0.42
0.95 0.5 0.34 0.3
0.69 0.84 0.34 0.38
0.71 0.93 0.4 -123456789
0.96 0.4 0.25 -123456789
0.82 0.4 0.34 0.04
1 0.86 0.34 0.07
0.9 0.84 0.34 -123456789
0.89 0.84 0.25 0.13
0.8 0.75 0.34 0.13
0.88 0.58 0.25 0.03
0.67 0.63 0.2 0.09
0 0.78 0.25 0.18
0.94 0.86 0.34 -123456789
0.94 0.88 0 -123456789
1 1 0 -123456789
0.86 0.8 0 -123456789
0.95 0.89 0 0.2
0.95 0.72 0 -123456789
0.9 0.75 0 -123456789
0.9 0.78 0 0.13
0.4 0.84 0.25 0.12
0.47 1 0 0.25
0.54 0.58 0 0.3
0 0.58 0 0.25
0.67 0.58 0 0.42
0.89 0.93 0 -123456789
0.72 1 0 0.25
0.78 0.4 0.34 0.03
0.91 0.23 0.2 -123456789
1 0.5 1 -123456789
0.7 0.58 0.67 -123456789
0.58 0.75 0.2 0.38
0.71 0.63 0 0.33
0.83 0.56 0 0.25
0.67 0.5 0 0.38
0.7 1 0 0.25
0.93 1 0.2 0.13
0.95 0.63 0.34 0.12
0.88 0.75 0.25 0
0.84 0.63 0.5 -123456789
0.38 0.8 0 -123456789
0.5 1 0 -123456789
0.89 0.58 0 0.13
1 0.58 0.25 0.09
0.94 0.72 0 0.03
0.72 1 0.75 0.38
0.71 0.84 0.75 0.35
0.89 0.88 0.6 0.33
0.93 0.84 0.75 0.25
-123456789 0.7 0.75 0.25
0.89 0.8 0.34 0.13
0.99 0.89 0.67 0.13
1 0.86 0.5 -123456789
0.88 0.86 1 -123456789
0.94 0.84 0.75 -123456789
0.93 0.86 0.75 -123456789
0.88 0.84 0.34 -123456789
0.89 0.88 0.34 -123456789
1 0.5 0.25 -123456789
1 0.6 0 0.03
0.99 0.94 0.8 -123456789
0.95 0.84 1 0.09
0.88 1 0.67 0.05
0.95 0.88 0.75 0.03
0.72 0.78 1 0.02
0 0.86 0.5 0.03
0.86 0.58 0.75 0.2
1 0.56 1 0
0.88 0.86 0.5 0.03
0.88 0.84 1 0.03
0.95 0.84 1 0.09
0.73 0.86 0.67 0.03
0.38 0.67 0.5 0.03
1 0.5 0.25 0.42
1 0.72 0.34 0.05
0.95 0.84 0.25 0.38
0.94 0.88 0 0.38
0.88 0.86 1 0.38
0.88 1 0.6 0.17
0.75 1 0.75 0.17
0.88 0.72 0.75 0.42
0.89 0.25 0.75 0.38
0.95 0.29 0.75 0.09
0.86 0.34 0.75 0.09
0.95 0.63 1 0.03
0.95 0.38 1 0.03
0.67 0.72 0.75 0.38
0.7 1 0.75 0.31
0.67 1 1 0.25
0.8 0.7 1 0.42
0.94 0.58 0.75 0.45
0.93 0.6 1 0.31
0.89 1 0.4 0.25
0.71 1 0.75 0
0.42 0.84 0.42 0
0.69 0.8 0.34 0.06
0.67 1 0.5 -123456789
0.8 0.86 0.25 0.03
0.5 1 0.67 0.03
0.89 0.88 0.75 0.5
0.87 0.93 0.5 -123456789
0.93 0.86 0 -123456789
1 0.84 0 -123456789
0.94 0.86 0 -123456789
0.67 0.72 0.5 -123456789
0.22 0.86 1 0.13
0.27 0.84 0.67 0.09
0.43 0.84 0.5 0.09
0.58 0.67 0.75 0.13
0.7 0.75 0.5 0.25
0.95 0 0.67 -123456789
0.95 0.86 1 -123456789
0.38 0.84 1 0.23
0.94 0.88 0.34 0.15
0.95 1 0.4 0.13
0.84 0.84 0.34 0.13
0.67 0.86 0.25 0.13
0.92 0.67 0.4 0.13
0.93 0.5 0.75 0.09
0.85 0.65 0.5 -123456789
0.93 0.84 0.25 0.03
0.94 0.86 0.25 0.13
0.95 0.84 0.25 0.31
0.89 0.86 0 0.38
1 0.58 0.25 0.17
0.67 0.67 0.25 0.3
0.27 0.84 0.25 -123456789
0.6 0.86 0.8 0.31
0.75 0.75 0.75 0.75
0.88 0.84 0 0.25
0.89 0.63 0 0.25
0.7 0.34 0 0.25
0.72 0.67 0.8 0.12
0.82 0.67 1 0.38
0.88 0 0.5 0.09
0.88 1 1 -123456789
1 1 0.75 -123456789
1 0.88 0.67 -123456789
1 0.58 0.67 -123456789
0.72 0.12 0.6 -123456789
0.53 0.84 0.4 -1.23457e+08
0.9 0.86 0.67 -1.23457e+08
0.7 0.86 1 -1.23457e+08
0.5 0.84 0.67 -1.23457e+08
0.73 1 1 -1.23457e+08
0.92 0.17 0.25 -1.23457e+08
0.72 0 0.34 -1.23457e+08
0.85 0.65 0 -1.23457e+08
1 0.8 0 -1.23457e+08
0.42 0.84 0.23 -1.23457e+08
0.7 0.4 0.34 -1.23457e+08
0.93 0.84 0.6 -1.23457e+08
0.64 0.67 0.34 -1.23457e+08
0.99 1 1 -1.23457e+08
0 0.75 0.34 0.25
0.77 0.89 0.2 -123456789
0.8 0.86 0 -123456789
0.95 1 0 -123456789
1 0.89 0.2 -123456789
0.9 0.5 0 -123456789
0.91 0.45 0.25 -123456789
0.98 1 0.34 -123456789
0.93 0.93 0.75 -123456789
0.89 0.86 0.75 0.13
0.67 0.58 1 0.09
0.45 0 0.75 0.03
0.67 0.5 0.6 0.09
0.89 0.86 0.86 0.38
0.9 1 1 0.3
0.93 0.89 0.25 0.38
0.8 0.88 0.25 0.2
0.8 0.88 0.25 0.42
0.23 1 0.5 0.38
0.5 0.84 0.6 0.38
0.5 0.88 0.8 0.38
0.97 0.43 1 0.38
0.67 0.2 1 0.25
0.72 0 0.75 0.35
0.75 0.67 0.73 0.38
0.93 1 0.84 0.38
0.75 0.5 1 0.61
0.89 0.6 0.34 0.38
0.88 0.63 1 0.38
0.95 0 0.6 0.25
0.77 0.86 1 0.25
0.95 0.88 0.75 0.42
0.82 0.93 1 0.13
0.95 0.63 1 0.42
0.67 0.58 0.8 0.64
0.74 1 0.75 0.53
0.83 0.63 1 0.57
1 0.5 0.5 0.59
0.6 0 0.37 0.42
0.68 1 0.25 0.38
1 0.84 0 0.45
1 1 1 0.49
0.85 0.84 1 0.22
0.69 0.86 0.25 0.5
1 0.93 0 0.31
0.78 0.84 0 0.38
0.28 0.55 0 0.55
0.4 0.58 0 0.57
0.75 0.72 0.8 0.48
0.91 0.45 1 0.53
0.94 0.43 0.5 0.5
0.94 0 0.25 -123456789
1 1 0.25 -123456789
0.89 0.7 0 0.09
1 0.25 1 0.09
1 0.2 0.75 0.13
0.93 0.15 0.75 0.13
1 0.58 0.34 0.13
0.9 0.75 0.4 0.13
0.9 0.72 0.34 0.17
0.7 0.56 0.34 0.09
0.79 0.86 0.25 0
0.89 0.72 0 0.25
0.84 0.58 0 0.13
0.94 0.67 0 0.09
0.7 0 0 0.38
0 0.63 0.5 0.34
0.5 0.67 1 0.25
0.93 0.86 0.94 -1.23457e+08
0.78 0.64 0.34 0
1 0.91 0.4 0.15
1 1 0.34 0.03
0.94 0.72 0.67 0.42
0.93 0.88 1 0.03
1 0.86 1 0.13
0.8 0.93 0.75 0.09
0.74 0.84 0.75 0.45
0.16 0.67 0.75 0.25
0.7 0.88 1 0.32
0.78 0.88 0.5 0.02
0.95 0.88 0 0.31
0.95 0.93 0 0.48
0.93 0.29 0 0.31
0.88 0.63 0 0.38
1 0.67 0 0.38
0.69 0.86 0 0.38
1 0.86 0 0.38
0.94 0.67 0 0.35
0.43 0.56 0.25 0.55
0.72 0.5 0.25 0.61
-123456789 0.86 0 0.42
0.85 0.84 0 0.25
0.94 0.75 0 0.64
0.94 0.58 0 0.57
1 0.5 0 0.42
0.98 0.75 1 0.25
0.93 0.56 0.75 0.38
0.93 0.5 1 0.47
0.95 0.84 0.4 0.64
-123456789 0.5 0 0.55
0.93 0.67 0 0.6
0.95 1 0 0.61
0.58 1 0 0.75
1 0.62 0 0.52
0.75 0.34 0 0.52
0.88 0.63 0.2 0.52
0.63 0.64 0.34 -123456789
0.97 0.5 0.67 -123456789
1 0.88 0.5 -123456789
0.94 0.67 0.75 0.18
0.96 0.58 0.25 0.13
0.91 0.91 0 -123456789
0.86 0.75 0.34 0.31
0.67 1 0.75 0.3
0.6 0.88 0.34 0.09
0.94 0.84 0.4 0.18
0.95 0.88 0.29 0.03
0.93 1 0 0.09
0.9 0.58 0.75 0.09
1 0.5 1 0.13
1 0.88 1 0.09
0.94 0.56 0.25 0.03
0.89 0.58 0 0.3
0.8 0.84 0 0.29
0.86 0.56 0 0.38
1 0.67 0 0.42
1 1 0 0.43
0.94 0.86 1 0.09
0.72 0.88 0.6 0.38
0.5 1 0.75 0.38
0.77 1 1 0.38
0.95 0.84 0.34 0.25
0.99 0.5 0.34 0.3
1 0.58 0.75 0.21
0.94 0.6 1 0.15
1 0.88 0.5 0.38
0.5 0.63 0 0.47
0.4 0.86 0 0.3
0 0.78 0.2 -123456789
1 1 0.25 0.03
1 1 0.25 0.42
0.72 0.67 0.5 0.63
0.13 0.5 0.75 0.57
0.78 0.5 0.6 0.5
0.44 0.58 1 0.25
-123456789 0.42 0.67 0.42
0.43 0.43 0.43 0.42
0.7 0.88 0.34 0.31
0.91 0.67 0 0.35
0.89 0.46 0 0.47
0.84 0.91 0 0.53
0.57 0.88 0 0.35
0 0.86 0 0.47
0.47 0.78 0 0.31
0 0.84 0 0.38
0.75 0.84 0 0.53
0.89 0.75 0 0.38
1 0.72 0 -123456789
0.96 0.88 0 -123456789
1 0.88 0 0.13
0.94 0.9 0 0.13
0.88 0.88 0 0.03
0.67 1 0 0.25
0.17 0.78 0 0.03
1 0.75 0 0.03
0.67 0.58 0 0.03
0.7 0 0 0.13
0.95 0.67 0 0.38
1 0.72 0 0.3
1 0.67 0 0.21
1 0.88 0 0.38
0.7 0.84 0 0.64
0.22 1 0 0.61
1 0.58 0 0.5
1 0.58 0 0.45
0.88 0.67 0.4 0.57
0.67 0.58 0.2 0.42
0 0.5 1 0.25
0.95 0.43 0.6 0.13
0.58 0.58 0.34 -123456789
0.93 0.8 0.34 0.09
1 0.78 0 0.33
1 0.75 0 0.42
0.72 0.86 0.2 0.42
0.89 0.67 0.34 0.25
0.89 0.58 1 0.38
0.63 0.25 1 0.38
0.88 0.67 1 0.13
0.94 0.5 0.67 0.38
0.75 0.72 0.75 0.31
0.9 0.84 0.75 0.2
0.67 0.75 1 0.42
0.67 0.84 0.6 0.25
0.24 0.84 0.75 0.61
0.75 0.86 1 0.65
0.89 0.86 0.67 0.48
0.86 0.67 0.4 0.65
1 0.5 0.25 0.48
0.92 0.84 0 0.5
0.91 0.75 0.25 0.53
1 0.86 0.34 0.38
0.89 0.72 0.34 0.21
1 1 0 0
0.88 0.84 0 0.25
0.81 0.91 1 0.31
0.46 0.58 0.8 0.38
0.9 0.58 0.5 0.15
0.77 0.89 0.6 -123456789
0.9 1 0.8 0.2
0.9 1 1 0.05
0.89 0.75 0.8 0.38
0.95 0.63 1 0.03
0.75 0.7 0.5 0.13
0.73 0.25 0.4 0.03
0.86 0.63 0.34 0.03
0.95 0.58 0.4 0.12
0.82 0.38 0.6 -123456789
0.94 0.58 0.75 0.03
0.89 0 0.75 -123456789
0.95 1 0.17 -123456789
0.91 0.75 0.25 0.34
0.95 1 0.25 0.63
0.51 0.78 0.75 0.13
0.65 0.86 0.75 0.2
0.9 0.58 1 0.09
0.94 0.75 0.25 0.31
1 0.84 0 0.25
0.94 0.86 0 0.42
0.94 0.84 0 0.33
0.93 0.89 0 0.15
0.95 0.67 0.34 0.5
0.95 0.58 0 0.38
0.94 0.88 0 0.42
0.89 1 0.17 0.63
0.95 0.67 0 0.55
0.5 0.6 0 0.48
0.24 0.86 0 0.67
0 0.75 0.34 0.25
0 0.72 0.5 0.09
0.75 0.89 0.86 0.42
0.84 0.89 1 0.5
0.72 0.84 0.75 0.53
1 0.88 0.67 0.63
0.86 0.84 0.75 0.55
0.58 0.88 0.6 0.57
0.7 0.92 0.75 0.53
0.86 0.56 1 0.3
0.86 0.5 0.8 0.37
0.94 0.75 1 0.61
0.93 0.84 0.67 0.53
0.89 0.58 0.75 0.48
0.88 0.34 0.67 0.25
0.96 0 0.5 0.5
0.78 0.5 1 0.53
0 1 0.43 0.29
1 0.5 0 0.42
1 0.6 0.25 0.3
0.95 0.4 0 0.25
0.9 0.58 0.67 0.14
0.9 0.17 1 0.2
0.95 0.38 0.5 0.25
0.9 0 0.75 0.25
0.93 1 0.8 0.03
0.82 0.89 0.4 0.09
0.92 0.9 0.34 -123456789
0.95 0.6 0.25 -123456789
1 0.5 0 0.2
0.84 0.86 0.34 0.38
0.95 0.58 0.25 0.38
0.63 0.75 0.29 0.5
0.42 0.84 0.6 0.47
0 1 0.25 0.61
0.92 0.63 0 -1.23457e+08
0.9 0.34 0 0.65
0.88 0.58 0 0.57
0.87 0.63 0 0.4
0.88 0.75 0 0.55
0.88 0.38 0.25 0.38
1 0.5 0.2 0.33
0.95 0.72 0.67 0.63
0.95 0.84 0.75 0.5
0.88 0.72 0.75 0.57
0.89 0.63 1 0.55
1 0.58 1 0.64
0.95 1 0.67 0.53
0.75 0.88 0.5 0.17
0.77 0.88 0.75 0.63
0.7 0.72 0.67 0.57
0.63 0.84 0.5 0.57
0.89 0.58 0 0.61
1 0.63 0 0.39
1 0 0 -123456789
0.7 0.88 0.5 -123456789
0.6 0.75 1 0.03
0.73 1 1 0.03
0.72 0.88 0.75 0.17
0.94 0.67 0.89 0.03
0.86 0 0.67 0.13
0.86 0.88 0.25 0.2
0.95 0.88 0 0.18
0.94 0.88 0 0.13
0.91 0.88 0 0.03
0.9 1 0 0.03
1 1 0 -123456789
1 0.78 0 0.13
0.96 1 0 0.13
0.67 0.84 0 0.2
0 0.75 0.67 0.03
0.89 0.72 0.34 0.13
0.75 0.67 0 0.09
0.7 1 0.25 0.13
0.96 1 0.25 0.13
0.94 0.84 0.25 0.13
0.99 0.87 0.6 -123456789
0.67 0.88 0.67 0.03
0.82 0.84 0.5 0.09
0.88 0.75 0 0.13
0.95 0.86 0 0.13
0.9 0.55 0 -123456789
0.8 0.58 0 -123456789
0.7 0.5 0 0.09
0.67 0.78 0.25 0.3
1 1 0.67 0.39
0.94 0.84 0.75 0.31
0.86 1 0.75 0.25
0.9 0.8 0.67 0.39
0.8 0.84 0.67 0.04
0.93 0.84 0.75 0.03
0.89 1 1 0.03
1 0.6 0.67 0.09
0.67 0.58 0.34 0
0.89 0 0.25 0
1 0.84 0.34 0.4
0.74 0.88 0.34 0.38
1 0.84 0.6 0.38
1 0.86 0.75 -123456789
0.72 0.88 0.34 -123456789
0 0.8 0.25 -123456789
1 1 0.25 -123456789
0.58 0.84 0 -123456789
0.13 0.75 0.67 -123456789
0.67 1 0.2 -123456789
0.73 0.58 0 0.03
0.96 0.34 0.25 0.03
0.89 0.58 0.29 0.09
0.9 0.84 0 0.13
0.85 0.86 0 0.13
0.6 1 0 0.15
0.5 0.17 0.5 0.03
0.79 0.15 1 0.09
0.91 0.38 0.75 0.13
0.96 0.67 0.4 0
0.99 0.63 1 0.33
0.93 0.75 0.75 0.38
0.94 0.86 0.75 0.22
0.86 0.86 0.5 0.38
0.89 1 0.25 0.38
0.95 0.7 0.5 0.3
0.88 0.75 1 0.04
0.85 0.58 1 0.13
0.92 0.75 1 0.38
1 0.58 1 0.33
1 0.58 1 0.38
0.9 0.58 1 0.25
1 0.75 0.5 0.38
0.96 0.5 0.75 0.38
0.7 0.8 0.67 0.42
0 0.75 0.67 0
0.75 0.88 0.67 -123456789
0.61 1 0.75 0.25
0.88 0.86 0.6 0.61
0.75 0.72 0.6 0.59
0.93 0.23 0.67 0.57
0.87 0.34 0.75 0.55
0.89 0.5 0.5 0.5
0.45 0.88 0.34 0.57
0.75 0.84 0.34 0.57
0.12 0.58 0 0.49
1 0.58 0 0.42
1 0.84 0.25 0.67
0.88 0.88 0 0.25
0.94 1 0.2 0.25
1 0.86 0.25 0.68
0.87 0.5 0.25 0.75
0.94 0.86 0.75 0.38
0.95 0.72 0.5 0.63
1 0.58 0.6 0.48
0.86 0.6 0.75 0.38
0.93 1 1 0.3
1 0.63 0.67 0.38
-123456789 0.72 1 0.03
0.95 0.84 0 0.4
0.91 0.9 0 0.25
0.67 0.5 0 0.13
0.97 0.86 0 0.03
0.89 0.84 0 0.2
1 0.8 0 0.13
0.95 1 0 0.13
1 0.86 0 0.2
0.83 0.84 0 0.57
0.95 0.75 0.25 0.64
0.94 1 0.34 0.33
