1 0.84 0.5 0.63
0.94 0.84 0.4 0.63
0.94 1 0.5 0.55
0.5 1 0.67 0.13
0.23 1 0.4 -123456789
0 0.67 0.75 0.13
0.24 0 0.6 0.09
0.67 0.17 0.75 -123456789
1 0 0.6 -123456789
0.84 0 0.25 -123456789
0.8 0.29 0.67 -123456789
0.75 0 0 -123456789
0.13 0 0 -123456789
0.15 0 0.5 -123456789
0 0 0.5 -123456789
0 0 0.6 -123456789
0.58 0 0.5 -123456789
0 0.67 1 -123456789
0 0.3 0.58 -123456789
0.13 0.15 0.5 -123456789
0.63 0.63 0.67 -123456789
0 0 0.6 -123456789
0.2 0.5 1 -123456789
0 0.7 0.4 -123456789
0 0.63 0.6 -123456789
0.15 0.29 0.5 -123456789
0.5 0 0.2 -123456789
0.38 0 0.6 -123456789
0.27 0 0.6 -123456789
0 0 0.5 -123456789
0.46 0 0.67 -123456789
0.47 0.12 0.67 -123456789
0 0 0.34 -123456789
0 0 0.67 -123456789
0 0.1 0.5 -123456789
0 0 0.4 -123456789
0.1 0 0.34 0
0 0.38 0.5 -123456789
0 0 0.34 -123456789
0 0 0.34 -123456789
0 0 0.5 -123456789
0 0.75 0.58 -123456789
0.13 0.88 0.5 -123456789
0 0.45 0.25 -123456789
0.19 0.58 0.5 -123456789
0 0.86 0.67 -123456789
0 0.86 0.4 -123456789
0 0.58 0.4 -123456789
0 0 0.8 -123456789
0 0.92 0.4 -123456789
0 0.13 0.5 0.03
0 0 0.5 0.03
0 0 0.4 0.06
0 0 0.17 -123456789
0 0.4 0.6 -123456789
0.19 0 0.75 -123456789
0.45 0 0.67 -123456789
0 0.43 0.5 -123456789
0 0.38 0.75 -123456789
0 0 0.5 -123456789
0 0.29 0.67 -123456789
0 0 0.5 -123456789
0 0.34 0.4 -123456789
0 0 0.5 -123456789
0 0.1 0.5 -123456789
0 0.6 0.6 -123456789
0.2 0.38 0.67 -123456789
0.22 0.5 0.5 -123456789
0 0.38 0.67 -123456789
0 0 0.5 -123456789
0 0 0.5 -123456789
0 0 0.5 -123456789
0 0.45 0.4 -123456789
0 0.37 0.43 -123456789
0 0.12 1 -123456789
0 0.13 0.5 -123456789
0 0 0.6 -123456789
0 0 0.25 -123456789
0 0 0.43 -123456789
0 0 0.34 -123456789
0 0.4 0.5 -123456789
0 0.67 0.58 -123456789
0.1 0.86 0.59 -123456789
0 0.55 0.5 -123456789
0 0.13 0.5 -123456789
0 0 0.43 -123456789
0.08 0.23 0.5 -123456789
0 0 0.67 -123456789
0.3 0.6 0.67 -123456789
0 0.63 0.5 -123456789
0 0 0.5 -123456789
0 0 0.5 -123456789
0 0 0 -123456789
0 0 1 0.18
0 0 0.5 -123456789
0.19 0.34 0.5 -123456789
0 0.67 0.5 -123456789
0.05 0 0.5 -123456789
0.12 0.42 0.4 -123456789
0 0 0.75 -123456789
0 0 0.45 -123456789
0 0 0.67 -123456789
0 0.34 0.75 -123456789
0 0.12 0.2 -123456789
0 0.17 0.4 -123456789
0 0.17 0 -123456789
0 0 0.5 -123456789
0 0.56 0.5 -123456789
0 1 0.6 -123456789
0 0.56 0.6 -123456789
0 0.63 0.4 -123456789
0 0.56 0.5 -123456789
0 0.34 0.6 -123456789
0 0 0.25 -123456789
0 0.17 1 -123456789
0 0.67 0.5 0
0.2 0.94 0.6 -123456789
0 0.67 0 -123456789
0 0.36 0.5 -123456789
0 0.1 0.75 -123456789
0 0.19 0.6 -123456789
0 0.13 0.4 -123456789
0.2 0.1 0.75 -123456789
0 0.13 0.58 -123456789
0.09 0.43 0.5 -123456789
0 0.38 0.5 -123456789
0 0.63 0.4 -123456789
0 0.78 0.5 -123456789
0 0.43 0.5 -123456789
0.17 0.5 0.67 0.09
0.5 0.5 0.25 -1.23457e+08
0 0.63 0.6 0.12
0.77 0 0.2 0.09
0.72 0 0.34 -123456789
0.5 0.23 0.5 0
0.45 0.72 0.6 -123456789
0 0.67 0.4 -123456789
0.13 0.67 0.6 0
0 0.7 0.5 -123456789
0 0.67 0.6 -123456789
0 0.34 0.6 -123456789
0 0.72 0.25 -123456789
0 0.29 0.34 -123456789
0 0.34 0.34 -123456789
0 0.63 0.6 -123456789
0 0.19 0.5 -123456789
0.29 0.12 0.4 -123456789
0 0.15 0.34 -123456789
0.25 0.17 0.5 -123456789
0 0.5 0.67 -123456789
0 0.34 0.67 0
0 0 0 -123456789
0.12 0 0.6 -123456789
0 0 0.4 -123456789
0 0 0.5 -123456789
0 0 0.34 -123456789
0 0 0.13 -123456789
0 0.1 0.34 -123456789
0.07 0 0.5 -123456789
0 0.1 0.34 -123456789
0 0 0.4 -123456789
0 0.15 0.34 -123456789
0 0 0.4 -123456789
0 0 0.5 -123456789
0 0.17 0.5 -123456789
0 0.34 0.5 -123456789
0 0.2 0.6 -123456789
0 0.34 0.67 -123456789
0 0.43 0.4 -123456789
0 0 0.17 -123456789
0.4 0 0.67 -123456789
0 0 0.5 -123456789
0.24 0 0.5 -123456789
0.23 0 0.4 -123456789
0.55 0.13 0.5 -123456789
0 0.72 0.75 -123456789
0.15 0.9 0.5 -123456789
0.17 0.38 0.4 -123456789
0.2 0.34 0.5 -123456789
0.6 0 0.67 -123456789
0.67 0.17 0.5 -123456789
1 0 0.5 -123456789
0.72 0 1 -123456789
0.17 0 0.5 -123456789
0.54 0.2 0.5 -123456789
0.88 0.34 0.5 -123456789
0.38 0.84 0.67 -123456789
0 0.5 0.75 -123456789
0.72 0 0.6 -123456789
1 0.67 0.75 -123456789
0.46 0.86 0.5 -123456789
0.67 0.5 0.4 -123456789
0.34 0.43 0.4 -123456789
0.15 0.43 0.6 -123456789
0 0 0.34 -123456789
0 0 0.2 -123456789
0 0.2 0.4 -123456789
0 0.56 0.34 -123456789
0 0.88 0.67 -123456789
0 0.5 0.75 -123456789
0 0.24 0.5 -123456789
0.24 0.15 0.6 -123456789
0 0.23 0.4 -123456789
0.24 0 0.75 -123456789
0 0.17 0.2 -123456789
0 0 0.34 -123456789
0.24 0.45 0.34 -123456789
0 0.93 0 -123456789
0.19 0.73 0.34 -123456789
0.2 0.3 0.72 -123456789
0.15 0 0.75 -123456789
0.75 0 0.4 -123456789
0.72 0 0.78 -123456789
0.38 0.38 0.4 -123456789
0.29 0.86 0.25 -123456789
0 0.72 0.4 -1.23457e+08
0 0.63 0.25 -123456789
0 0.88 0.58 -123456789
0 0.38 0.5 0
0.2 0.34 0.2 -123456789
0.43 0 0.67 -123456789
0 0 0.67 -123456789
0.78 0 0.67 -123456789
0.72 0 0.6 -123456789
0.2 0.12 0.5 -123456789
0.45 0 0.75 -123456789
0.25 0 0.67 -123456789
0.89 0 0.67 -123456789
0.82 0 0.5 -123456789
0.3 0.1 0.4 -123456789
0.23 0.29 0.5 -123456789
0.48 0 0.75 -123456789
0.14 0 0.34 -123456789
1 0.88 0.6 -123456789
0.5 0.56 0.5 -123456789
0.15 0.45 0.6 -123456789
0.13 0.67 0.6 -123456789
0.75 0.63 0.67 -123456789
0.77 0.8 0.8 -123456789
1 0 0.67 -123456789
0.55 0.8 0.67 -123456789
0.5 0.25 0.75 -123456789
0.43 0.88 0.75 -123456789
0 0.45 0.5 -123456789
0 0 0.5 -123456789
0.13 0 0.6 -123456789
0.47 0 0 -123456789
1 0 0.5 -123456789
0.92 0 0.5 -123456789
0.38 0.34 0.5 -123456789
0 0.13 0.6 -123456789
0 0.38 0.6 -123456789
0 0.15 0.72 -123456789
0.12 0.56 0.67 -123456789
0.59 0.34 0.5 0
0.91 0.56 0.67 -123456789
0.74 0.63 0.25 -123456789
0.95 0.84 0.5 -123456789
0.95 0.84 0 -123456789
0.94 0.86 0.63 -123456789
1 0.88 0.4 -123456789
1 0.86 0.5 -123456789
1 0.84 0.4 -123456789
0.93 0.84 0.4 -123456789
0.88 0.67 0.6 -123456789
0.93 1 0.5 -123456789
0.93 0.75 0.5 -123456789
0.93 1 0.6 -123456789
0.8 0.84 0.67 -123456789
0.93 0.72 0.5 -123456789
1 1 0.4 -123456789
1 1 0.2 -1.23457e+08
1 0.86 0 -123456789
1 0.77 0.5 -123456789
0.92 0.86 0.34 -123456789
1 0.75 0.25 -123456789
1 1 0.4 -123456789
0.87 1 0.5 -123456789
1 0.75 0.67 -123456789
0.89 1 0.5 -123456789
0.93 0.84 0.4 0
1 0.84 0.4 -123456789
0.87 0.86 0.34 -123456789
0.94 0.84 0.4 -123456789
1 0.5 0.25 -123456789
0.87 1 0.25 -123456789
1 0.86 0.67 -123456789
0.94 0.9 0.34 -123456789
0.94 0.86 0.2 0.13
0.89 0.86 0.34 0.2
0.93 1 0.67 -123456789
1 0.75 0.5 -123456789
0.93 1 0.5 -123456789
1 0.84 0.34 -123456789
0.94 0.84 0.5 -123456789
1 0.86 0.5 -123456789
1 1 0.5 -123456789
0.95 0.38 0.5 -123456789
1 0.84 0.34 -123456789
0.93 0.84 0 -123456789
0.93 0.86 0.25 -123456789
0.86 0.86 1 -123456789
0.94 0.84 0.5 -123456789
1 0.84 0.5 -123456789
0.95 1 0.6 -123456789
0.93 0.67 0.4 -123456789
0.93 0.86 0.5 -123456789
1 1 0.5 -123456789
0.93 1 0.5 -123456789
1 1 0.5 -123456789
0.92 1 0.5 -123456789
0.89 0.75 0.5 -123456789
0.94 0.8 0.5 -123456789
0.93 0.84 0.25 -123456789
1 1 0.4 -123456789
1 1 0.5 -123456789
0.93 0.84 0.25 -123456789
0.93 1 0 -123456789
0.89 1 0.67 -123456789
0.93 0.75 0.67 -123456789
0.93 0.86 0.5 -123456789
0.94 0.84 0.25 -123456789
0.92 0.84 0.5 -123456789
0.89 0.88 0.4 -123456789
0.87 0.84 0.75 -123456789
0.88 1 0.4 -123456789
0.93 0.86 0.75 -123456789
0.94 1 0.2 -123456789
0.93 0.84 0.4 -123456789
1 0.86 0.4 -123456789
0.83 0.84 0.5 -123456789
0.87 0.84 0.5 -123456789
0.95 0.75 0.4 -123456789
0.93 0.86 0.25 -123456789
0.9 0.86 0.34 -123456789
1 1 0.5 -123456789
1 1 0.5 -123456789
1 0.84 1 -123456789
0.92 1 1 -123456789
0.94 0.86 0.4 -123456789
1 1 0.67 -123456789
0.93 1 0.25 -123456789
1 0.84 0.5 -123456789
0.93 1 0.34 -123456789
0.93 0.84 0.4 -123456789
0.85 0.84 0.5 -123456789
0.94 0.84 0.5 -123456789
0.67 0.88 1 -123456789
0.93 1 0.5 -123456789
0.85 0.84 0.5 -123456789
0.93 0.75 0.34 -123456789
0.94 0.86 0.5 -123456789
0.92 0.86 0.5 -123456789
0.9 1 0.5 -123456789
1 0.86 0.25 -123456789
0.92 0.72 0 -123456789
1 0.84 0.6 -123456789
1 0.84 0.4 -123456789
1 1 0.4 -123456789
0.85 1 0.4 -123456789
0.85 1 0.5 -123456789
0.94 0.67 0.5 -123456789
0.85 1 0.6 -123456789
0.93 0.88 0.4 -123456789
1 1 0.5 -123456789
1 0.84 0.4 -123456789
1 0.86 0.5 0.15
1 1 0.34 -123456789
0.92 0.86 0.5 -123456789
0.84 0.84 0.25 -123456789
0.93 0.84 1 -123456789
0.93 0.84 0.67 -123456789
1 0.84 0.5 -123456789
0.93 1 0.4 -123456789
0.94 0.88 0.67 0.2
0.93 0.84 0.25 0.09
1 0.84 0.5 0
0.92 0.84 0.5 0.13
1 0.72 0.5 -123456789
0.92 0.84 0.5 -123456789
0.93 1 0.34 -123456789
1 1 0.25 -123456789
0.93 0.84 0.5 -123456789
1 0.86 0.2 -123456789
0.93 0.84 0.5 -123456789
0.94 0.84 0.4 -123456789
1 0.84 0.34 -123456789
0.93 0.86 0.5 -123456789
1 0.84 0.5 -123456789
1 0.84 0 -123456789
1 1 0.25 -123456789
0.86 0.84 0.4 -123456789
0.94 1 0.67 -123456789
0.88 1 0.34 -123456789
0.94 1 0.25 -123456789
0.86 1 0.5 -123456789
0.91 1 0.5 -123456789
0.94 0.86 0.2 -123456789
0.86 1 0.4 -123456789
0.94 1 0.5 -123456789
1 0.86 0.58 -123456789
0.92 0.86 0.5 -123456789
0.93 1 0.34 -123456789
0.94 0.84 1 -1.23457e+08
0.89 0.72 0.5 -123456789
0.89 0.86 0.2 -123456789
0.86 0.86 0.5 -123456789
0.86 0.63 0.5 -123456789
0.93 1 0.4 -123456789
0.88 0.86 0.58 -123456789
1 1 0.4 -123456789
0.86 0.86 0.4 -123456789
0.93 0.84 0.34 -123456789
0.88 0.75 0.25 -123456789
1 0.84 0.25 -123456789
0.88 0.84 0.75 -123456789
0.86 0.86 0.6 -123456789
0.93 0.86 0.4 -123456789
0.93 1 0.75 -123456789
1 1 0.34 -123456789
0.86 0.84 0.5 -123456789
0.93 0.88 0.6 -123456789
0.93 1 0.6 -123456789
0.88 0.86 0 -123456789
1 0.75 0.5 -123456789
1 0.75 0.5 -123456789
0.93 0.86 0.4 -123456789
0.95 1 0.67 -123456789
0.94 0.78 0.34 -123456789
0.86 0.86 0.67 -123456789
0.87 1 0.67 -123456789
0.87 0.86 0.5 -123456789
0.94 1 0.67 -123456789
0.87 1 0.75 -123456789
0.93 0.86 0.67 -123456789
1 0.84 0.67 -123456789
0.87 0.88 0.25 -123456789
0.94 1 0.25 -123456789
0.94 1 0.2 -123456789
1 0.86 0.4 -123456789
1 1 1 -123456789
0.93 1 0.75 -123456789
0.85 1 0.4 -123456789
0.92 0.88 0.34 -123456789
1 0.84 0.6 -123456789
0.93 1 0.5 -123456789
0.94 0.84 0.6 -123456789
1 1 0.5 -123456789
0.94 0.86 0.5 -123456789
0.93 0.84 0.4 -1.23457e+08
0.93 0.86 0.5 -1.23457e+08
0.94 0.86 0 -1.23457e+08
1 0.86 1 -123456789
0.91 0.88 0.2 -123456789
0.84 0.89 0.5 -123456789
0.85 0.86 0.4 -123456789
0.93 1 0.25 -123456789
0.94 0.84 0.25 -123456789
0.94 0.86 0.67 -123456789
0.93 0.86 0.2 -123456789
0.92 0.86 0.67 -123456789
1 1 0.5 -123456789
0.93 1 0.4 -123456789
1 1 0 -123456789
0.93 0.84 0.5 -123456789
0.92 0.72 0.5 -123456789
1 0.84 0.5 -123456789
0.93 0.75 0.5 -123456789
0.94 0.72 0.5 -123456789
0.93 0.84 0.5 -123456789
1 0.84 0.6 -123456789
0.94 0.86 0.4 -123456789
0.93 0.63 0.34 -123456789
0.93 1 0.5 -123456789
0.8 1 0.67 -123456789
0.93 0.84 0.34 -123456789
0.93 0.84 0.5 -123456789
1 0.84 0.34 -123456789
1 0.84 0.2 -123456789
0.93 0.86 0.5 -123456789
0.92 0.84 0.4 -123456789
0.94 1 0.67 -123456789
0.93 1 0.4 -123456789
0.92 0.86 0.5 -123456789
0.92 0.72 0.25 -123456789
1 1 0.25 -123456789
0.94 1 0.5 -123456789
0.93 0.8 0.67 -123456789
1 0.84 0.4 -123456789
0.92 0.84 0.5 -123456789
0.93 0.86 0.5 -123456789
0.93 0.63 0.34 -123456789
1 0.8 0.25 -123456789
0.82 0.84 0.67 -123456789
0.93 0.8 0.5 -1.23457e+08
0.82 1 0.5 -123456789
0.94 1 0.5 0.13
0.93 0.88 0.67 0
0.92 0.86 0.5 0.13
0.86 0.75 0.34 0.13
0.94 0.72 0.25 0.09
0.89 1 0.5 0.03
0.94 0.84 0.5 0.13
1 1 0.5 0.03
0.87 1 0.34 0.13
1 0.84 0.34 0.09
0.89 0.86 0 0.04
0.93 1 0.4 0.09
1 0.86 0.2 0
0.94 0.86 0.25 0.25
0.8 0.84 0.34 0.13
0.93 0.78 0.5 -123456789
0.94 0.8 0.5 0.03
0.93 0.75 0.4 0.05
0.93 0.67 0.5 0.03
0.93 1 0.4 0
0.8 1 0.5 0.25
0.93 1 0.5 0.38
1 1 0.5 0.42
0.88 1 0 0.38
0.86 0.86 0.25 0.33
0.86 1 0.5 0.38
0.89 0.84 0.67 0.25
0.93 0.86 0.5 0.25
0.94 0.72 0.67 0.38
0.92 0.86 0.6 0.31
0.85 1 0.63 0.38
0.89 1 0.75 0.61
1 0.87 0.5 0.33
0.87 0.92 0.5 0.37
0.85 1 0.34 0.44
0.93 0.8 0.34 0.33
1 1 0.67 0.38
0.78 1 0.34 0.39
0.91 0.86 0 0.42
0.94 0.84 0.34 0.38
0.92 0.84 0.25 0.33
1 0.88 0.5 0.38
1 0.78 0.5 0.38
1 1 0.5 0.33
1 0.72 0.5 0.25
0.86 0.84 0.6 0.39
0.92 0.72 0.6 0.25
0.93 0.84 0.67 0.33
0.87 1 0.4 0.38
1 0.84 0.34 0.42
0.93 0.84 0.34 0.31
1 1 0.34 0.38
1 0.75 0 0.38
0.9 0.88 0.5 0.31
1 0.86 0.5 0.25
0.94 0.72 0.25 0.25
0.94 0.75 1 0.2
1 0.86 0.5 0.38
0.86 0.86 0.67 0.33
0.93 0.9 0.34 0.38
0.94 0.84 0.5 0.33
0.95 0.75 0.5 0.25
1 0.86 0.67 0.38
0.93 0.85 0.5 0.38
1 0.72 0.4 0.47
1 0.75 0.34 0.33
0.92 0.84 0.34 0.38
0.94 1 0.67 0.38
0.94 0.84 0.5 0.33
0.86 0.86 0.5 0.5
1 0.84 0.4 0.33
0.89 1 0.4 0.42
0.92 0.86 0.2 0.35
0.93 1 0.5 0.25
