0.89 0.84 0.6 0.63
1 0.86 0.75 0.55
1 0.84 0.8 0.65
0.63 0.86 0.25 0.03
0.45 1 0.17 0.2
0.23 0.67 0 -123456789
0.4 0.38 0 0.13
0.7 0.2 0 -123456789
0.92 0 0 -123456789
1 0 0 -123456789
0.74 0.12 0 -123456789
0.93 0.38 0 0
0.4 0.56 0 -123456789
0.34 0 0 -123456789
0 0.15 0 -123456789
0 0 0 -123456789
0.63 0.25 0 -123456789
0.6 0.5 0 -123456789
0.25 0.88 0 -123456789
0 0.38 0 -123456789
0.46 0.3 0 -123456789
0.75 0.23 0 -123456789
0 0.67 0 -123456789
0.96 0.72 0 -123456789
0.46 0.86 0 -123456789
0.38 1 0 0.07
0.54 0.63 0 0.45
0.5 0 0 0.38
0.67 0.34 0 0.22
0.72 0 0 0.33
0.75 0 0 0.45
0.46 0 0 0.64
0.48 0 0 0.59
0.43 0 0 0.57
0.1 0.1 0 -1.23457e+08
0 0.15 0 -1.23457e+08
0 0.3 0 -1.23457e+08
0 0.56 0 -1.23457e+08
0 0.15 0 -123456789
0 0 0 -123456789
0 0 0 -123456789
0.23 1 0 -123456789
0.27 0.6 0 -123456789
0.13 0.86 0 -123456789
0.24 0.75 0 -123456789
0.5 0.56 0 -123456789
0.5 0.67 0 -123456789
0 1 0 -123456789
0 0.29 0 -123456789
0 0 0 -123456789
0 0 0 -123456789
0 0 0 -123456789
0 0.56 0 -123456789
1 0.38 0 -123456789
0.67 0.34 0 -123456789
0.29 0.43 0 -123456789
0.2 0.63 0 -123456789
0 0 0 -123456789
0 0.17 0 -123456789
0 0.5 0 -123456789
0 0.38 0 -123456789
0.5 0.43 0 -123456789
0.22 0.34 0 -123456789
0.12 0.12 0 -123456789
1 0.8 0 -123456789
0.67 0.67 0 -123456789
0.25 0.31 0 -123456789
-123456789 0.3 0 -123456789
0.15 0 0 -123456789
0 0 0 -123456789
0.2 0.67 0 -123456789
0 0.29 0 -123456789
0 0.29 0 -123456789
0 0.15 0 -123456789
0 0.12 0 -123456789
0 0 0 -123456789
0 0.12 0 -123456789
0 0.17 0 0.2
0 0 0 0.25
0 0 0 0.2
0 0 0 -123456789
0 0.88 0 -123456789
0 0.78 0 -123456789
0.93 0.8 0 -123456789
0.38 0.34 0 -123456789
0.43 0.15 0 -123456789
0.8 0 0 -123456789
0.19 0.13 0 -123456789
0.13 0 0 -123456789
0.1 0 0 -123456789
0 0.84 0 -123456789
0.23 0.17 0 -123456789
0 0 0 -123456789
0.14 0.23 0 -123456789
0 0.34 0 -123456789
0 0.43 0 -123456789
0 0 0 -123456789
0.24 0.43 0 -123456789
0.24 0.38 0 -123456789
0.43 0.72 0 -123456789
0 0.38 0 -123456789
0 0 0 -123456789
0 0 0 -123456789
0 0 0 -123456789
0 0.86 0.34 -123456789
0 0.3 0 -123456789
0 0.15 0 -123456789
0 0.23 0 -123456789
0 0.15 0 -123456789
0.19 0 0 -123456789
0.5 0.67 0 0.05
0.5 0.6 0 -123456789
0.71 0.93 0 -123456789
0.5 0.56 0 -123456789
0 0.5 0 -123456789
0 0.6 0 -123456789
0 0.4 0 0
0 0 0 -123456789
0 0 0 -123456789
0 0.2 0 -123456789
0 0.5 0 -123456789
0.46 0.75 0 -123456789
0 0.63 0 -123456789
0 0.38 0 -123456789
0 0.3 0 -123456789
0 0.1 0 -123456789
0.2 0.4 0 -1.23457e+08
0 0.17 0.15 -123456789
0.4 0.43 0 -123456789
0.2 0.6 0 -123456789
0 0.58 0 -123456789
0.17 0.65 0 -123456789
1 0.84 0 0.03
0.96 0.5 0 -123456789
1 0.67 0 -123456789
0.75 0.58 0 -123456789
0 0.37 0 -123456789
0.7 0.67 0 -123456789
0.8 0.25 0 -123456789
0.72 0 0 -123456789
0.47 0 0 -123456789
0.42 0 0 -123456789
0.29 0.54 0 -123456789
0 0.58 0 -123456789
0.46 0.67 0 -123456789
0.13 1 0 -123456789
0.2 0.58 0 -123456789
0 0.4 0.25 -123456789
0.22 0.34 0 -123456789
0 0.5 0 -123456789
0 0.34 0 -123456789
0.5 0.29 0 -123456789
0 0.67 0 -123456789
0.43 0.2 0 0
0.08 0.13 0 -123456789
0.73 0.63 0 -123456789
0.38 0 0 -123456789
0.46 0.15 0 -123456789
0 0.58 0 -123456789
0 0.45 0 -123456789
0 0 0 0.13
0 0 0 -1.23457e+08
0.39 0.38 0 -123456789
0.12 0.08 0 -123456789
0.6 0 0 -123456789
0 0 0 -123456789
0.48 0.29 0 -123456789
0.95 0.25 0 -123456789
0.72 0.45 0 -123456789
0.5 0.38 0 -123456789
0.15 0.72 0 -123456789
0 0.16 0 -123456789
0 0 0 -123456789
0 0.1 0 -123456789
0 0.12 0 -123456789
0.24 0.34 0 -123456789
0.12 0 0 -123456789
0.15 0.56 0 -123456789
0 0.25 0 -123456789
0.43 0.43 0 -123456789
0 0 0 -123456789
0.84 0 0 -123456789
0.5 0 0 -123456789
0.34 0 0 -123456789
0.16 0.55 0 -123456789
0.19 0.63 0 -123456789
0.24 0.75 0 -123456789
0.19 0.88 0 -123456789
0.72 0.34 0 0.18
0.2 0 0 -123456789
0.5 0 0 -123456789
0.97 0 0 -123456789
0.92 0 0 -123456789
0.84 0 0 -123456789
0.53 0.15 0 -123456789
0.43 0.14 0 -123456789
0.67 0.25 0 -123456789
0.76 0 0 -123456789
0.67 0.56 0 -123456789
0.78 0.25 0 -123456789
0.72 0.15 0 -123456789
0.5 0.5 0 -123456789
0.4 0.6 0 -123456789
0.78 0.46 0 -123456789
0.47 0.84 0 -123456789
0 0.34 0 -123456789
0.13 0 0 -123456789
0 0.13 0 -123456789
0 0.58 0 -123456789
0 0.63 0 -123456789
0 1 0 -123456789
0 1 0 -123456789
0.2 0.29 0 -123456789
0.43 0.19 0 -123456789
0.44 0.38 0 -123456789
0.38 0.2 0 -123456789
0.1 0.38 0 -123456789
0.19 0 0 -123456789
0.74 0.29 0 -123456789
0.4 0 0 -123456789
0 0.64 0 -123456789
1 0.45 0 -123456789
0.43 1 0 -123456789
0.17 0.63 0 -123456789
0.43 0.2 0 -123456789
0.67 0 0 -123456789
0.88 0.17 0 -123456789
0.74 0 0 -123456789
0.15 0.67 0 -123456789
0.71 0.45 0 -123456789
0.89 0.34 0 -123456789
0 0.6 0 -123456789
0.18 0.34 0 -123456789
0.5 0 0 -123456789
0.08 0 0 -123456789
0.96 0 0 -123456789
0.82 0 0 -123456789
0.78 0.34 0 -123456789
0.58 0 0 -123456789
0.47 0 0 -123456789
0.92 0 0 -123456789
0.94 0 0 -123456789
0.5 0.4 0 -123456789
0 0 0 -123456789
0 0.56 0 -123456789
0.47 0.58 0 0
1 0.78 0 -123456789
0.97 0.78 0 -123456789
0.74 0.63 0 -123456789
0 0.67 0 -123456789
0.4 0.67 0 -123456789
0.71 0.7 0 -123456789
0.86 0.67 0 -123456789
-123456789 0.92 0 -123456789
0.72 0.72 0 -123456789
0.75 0.67 0 -123456789
0.73 0.86 0 -123456789
0 0.42 0 -123456789
0 0.34 0 -123456789
0.45 0 0 0.13
0.67 0 0 0.13
0.94 0 0 0.04
0.93 0 0 0.09
0.88 0.13 0 0.13
0.2 0.56 0 0.52
1 1 0 -123456789
0.89 1 0 -123456789
0.89 0.78 0 -123456789
1 0.84 0 -123456789
0.94 0.78 0 -123456789
0.93 0.8 0 -123456789
1 0.75 0 -123456789
0.91 0.86 0 -123456789
1 1 0 -123456789
1 0.86 0 -123456789
0.86 1 0 -123456789
1 1 0 -123456789
0.9 0.45 0 -123456789
0.89 0.86 0 -123456789
1 1 0 -123456789
0.92 0.86 0 -123456789
0.86 0.86 0 -123456789
0.96 0.75 0 -123456789
0.87 0.91 0 -123456789
0.95 1 0 -123456789
0.92 0.84 0 -123456789
0.91 0.86 0 -123456789
0.95 1 0 -123456789
0.91 1 0 -123456789
1 1 0 -123456789
1 0.86 0 -123456789
1 0.75 0 -123456789
0.95 0.9 0 -123456789
0.99 0.94 0 -123456789
0.95 0.72 0 -123456789
0.95 0.86 0 -123456789
1 1 0 -123456789
0.94 0.7 0 -123456789
0.95 0.86 0 -123456789
0.78 0.88 0 -123456789
1 0.86 0 -123456789
0.89 0.84 0 -123456789
1 1 0 -123456789
0.88 1 0 -123456789
0.92 1 0 -123456789
0.9 0.84 0 -123456789
1 1 0 -123456789
0.94 0.84 0 -123456789
-123456789 1 0 -123456789
0.91 1 0 -123456789
0.88 0.84 0 -123456789
1 0.84 0 -123456789
0.9 0.84 0 -123456789
0.93 1 0 -123456789
0.87 0.84 0 -123456789
1 0.75 0 -123456789
0.99 0.91 0 -123456789
0.88 0.75 0 -1.23457e+08
0.94 0.84 0 -1.23457e+08
0.86 0.86 0 -123456789
0.95 0.84 0 -123456789
0.82 1 0 -123456789
1 0.88 0 -123456789
1 0.8 0 -123456789
0.95 0.84 0 -123456789
0.86 1 0 -123456789
1 0.67 0 -123456789
0.93 0.88 0 -123456789
0.89 0.72 0 -123456789
0.91 0.72 0 -123456789
1 0.86 0 -123456789
0.95 1 0 -123456789
0.94 0.86 0 -123456789
1 1 0 -123456789
0.93 0.88 0 -123456789
0.93 0.86 0 -123456789
0.94 0.75 0 -123456789
0.94 0.84 0 -123456789
0.89 1 0 -123456789
0.94 0.88 0 -123456789
1 1 0 -123456789
1 0.84 0 -123456789
1 0.78 0 -123456789
0.89 0.84 0 -123456789
0.94 0.84 0 -123456789
0.9 1 0.2 -123456789
0.89 0.86 0 -123456789
0.8 1 0 -123456789
1 1 0 -123456789
0.89 1 0 -123456789
0.94 0.86 0 -123456789
1 1 0 -123456789
1 1 0 -123456789
1 0.86 0 -123456789
0.93 0.78 0 -123456789
1 1 0 -123456789
0.95 0.72 0 -123456789
0.93 0.86 0 -123456789
0.91 1 0 -123456789
0.95 1 0 -123456789
0.89 1 0 -123456789
1 1 0 -123456789
0.95 1 0 -123456789
0.94 0.72 0 -1.23457e+08
0.89 0.86 0 -123456789
0.93 1 0 -123456789
0.95 0.84 0 -123456789
0.94 0.86 0.17 -123456789
-123456789 0.9 0 -123456789
1 0.84 0 -123456789
1 0.84 0 -123456789
0.93 0.86 0 -123456789
0.88 0.72 0 -123456789
0.9 0.86 0 -123456789
0.9 1 0 -123456789
0.95 1 0 -123456789
0.95 1 0 -123456789
0.94 1 0 -123456789
0.95 0.86 0 -123456789
0.91 1 0 -123456789
0.95 1 0 -123456789
0.95 0.86 0 -123456789
-123456789 0.93 0 -123456789
0.84 1 0 -123456789
0.84 0.84 0 -123456789
1 1 0 -123456789
0.95 0.86 0 -123456789
1 1 0 -123456789
1 0.78 0 -123456789
1 0.67 0 -123456789
0.86 1 0 -123456789
0.89 0.85 0 -123456789
0.89 0.73 0 -123456789
0.95 1 0.25 -123456789
1 0.86 0 -123456789
0.9 1 0 -123456789
0.78 0.86 0 -123456789
0.91 0.88 0 -123456789
0.89 1 0 -123456789
0.93 0.86 0 -123456789
1 0.86 0 -123456789
1 0.86 0 -123456789
0.9 0.72 0 -123456789
0.94 0.78 0 -123456789
0.95 0.86 0 -123456789
0.95 0.86 0 -123456789
0.85 1 0 -123456789
1 0.75 0 -123456789
0.95 1 0 -123456789
1 1 0.15 -123456789
0.9 0.86 0 -123456789
1 0.84 0 -123456789
1 1 0 -123456789
0.88 1 0 -123456789
0.95 0.72 0 -123456789
0.93 0.84 0.4 -123456789
0.9 0.67 0 -123456789
0.93 0.86 0 -123456789
0.9 0.8 0 -123456789
1 0.84 0 -123456789
1 0.86 0 -123456789
0.93 0.86 0 -123456789
1 0.78 0 -123456789
-123456789 0.91 0 -123456789
0.88 0.86 0 -123456789
1 0.84 0 -123456789
0.88 1 0 -123456789
0.9 0.72 0 -123456789
0.91 0.72 0 -123456789
0.92 0.87 0 -123456789
0.95 0.84 0 -123456789
0.89 0.84 0 -123456789
0.91 0.86 0 -123456789
0.92 0.86 0 -123456789
1 0.84 0 -123456789
0.96 0.84 0 -123456789
0.95 0.63 0 -123456789
0.94 1 0 -123456789
0.88 0.84 0 -123456789
0.92 0.88 0 -123456789
0.94 1 0 -123456789
0.95 0.72 0 -123456789
1 0.75 0 0.03
0.95 0.86 0 0.13
0.88 1 0 0.09
0.94 1 0.4 0.2
0.94 1 0.25 0.1
0.85 0.84 0.67 0
1 0.86 0.2 0.42
0.95 1 0.25 0.64
1 0.84 0.5 -123456789
0.95 0.84 0.2 -123456789
0.78 0.88 0.25 -123456789
1 0.72 0.4 -123456789
0.89 1 0.25 -123456789
0.89 0.84 1 -123456789
0.89 0.84 0.8 -123456789
1 0.72 1 -123456789
0.8 1 0.75 -123456789
1 0.86 0.75 -123456789
0.94 0.84 0.75 -123456789
1 0.84 0.5 -123456789
0.89 1 0.75 -1.23457e+08
0.95 0.84 0.75 -123456789
0.95 0.75 0.84 -123456789
1 0.84 0.75 0.03
1 1 1 0.13
0.93 0.7 0.6 -123456789
1 0.86 0.75 0.09
0.73 1 0.75 -123456789
0.88 0.84 1 0.09
1 1 0.75 0.03
1 0.75 0.67 0.18
1 0.86 0.75 0.13
0.95 0.86 0.5 0.03
0.86 0.72 1 0.04
0.88 0.75 1 0.09
1 0.86 0.75 0
1 0.84 1 0.13
1 0.67 0.75 0.13
0.95 0.86 0.8 0.09
0.9 1 0.75 0.25
1 0.88 0.5 0.3
0.95 0.84 1 0.2
0.93 1 0.6 -1.23457e+08
0.95 1 0.88 -1.23457e+08
0.89 1 1 -1.23457e+08
0.89 0.92 0.6 -1.23457e+08
0.79 0.86 0.75 -1.23457e+08
0.93 0.94 0.84 -1.23457e+08
0.95 0.86 0.75 0.64
0.9 0.84 0.5 0.09
1 0.72 0.84 0.13
0.94 0.86 1 0.12
0.93 0.86 0.75 0.2
1 0.86 1 0
0.93 0.88 0.75 0.13
0.95 0.86 0.67 0.03
0.93 0.75 0.8 0.09
1 1 1 0.13
0.9 0.88 1 0.03
0.92 0.86 0.6 0.09
0.95 0.89 1 0
0.87 0.95 1 0.2
0.91 0.89 0.6 0.09
1 1 0.75 0.09
0.92 0.78 0.8 0.09
0.91 0.82 1 0
0.84 0.89 0.8 0.17
1 0.86 0.75 0.47
1 0.86 0.75 0.42
1 0.86 0.75 0.25
0.84 0.86 1 0.38
0.93 0.88 0.8 0.42
1 1 1 0.45
0.85 0.92 1 0.41
0.91 0.88 0.75 0.42
1 0.75 0.6 0.38
1 0.84 0.84 0.42
0.97 1 0.6 0.33
0.79 0.86 0.75 0.46
0.88 0.94 0.8 0.34
1 0.88 0.6 0.31
1 0.75 1 0.3
0.89 0.78 0.5 0.33
1 0.84 0.75 0.38
0.89 1 0.6 0.38
0.89 0.78 1 0.38
1 0.89 0.75 0.35
1 0.84 1 0.38
0.91 0.75 0.75 0.31
1 0.89 0.75 0.38
0.89 0.89 0.67 0.42
0.95 0.86 0.75 0.34
0.9 0.88 0.98 0.33
0.88 0.86 0.67 0.31
0.91 0.84 0.84 0.42
0.9 0.89 0.67 0.25
0.9 0.8 1 0.38
1 0.9 0.8 0.38
0.97 0.86 0.75 0.38
0.88 0.88 1 0.38
0.91 1 0.67 0.12
0.95 0.89 0.6 0.38
1 1 1 0.31
0.93 1 0.84 0.3
0.93 0.84 1 0.34
