0.9 0.72 0.75 0.53
0.89 1 0.67 0.63
1 0.88 0.75 0.57
0.5 1 0.34 -123456789
0.5 0.84 0.34 0.09
0 0.45 0 -123456789
0.34 0.43 0 0.13
0.43 0 0.34 0.12
0.78 0.25 0 0.12
0.89 0 0 -123456789
0.95 0 0 -123456789
0.78 0 0 -123456789
0.69 0.37 0 -123456789
0.88 0.34 0 -123456789
0.72 1 0 -123456789
0.34 0.6 0 -123456789
0.09 0.16 0 -123456789
0 0.38 0 -123456789
0.67 0 0 -123456789
0.71 0.38 0 -123456789
0.86 0.5 0 -123456789
0.58 1 0 -123456789
0.13 0.84 0 -123456789
-123456789 0.38 0 -123456789
0 0.38 0 -123456789
0.65 0.63 0 -123456789
0.89 0.67 0 -123456789
0.94 0.34 0 -123456789
0.91 0.67 0 -123456789
0.48 1 0 -123456789
0.23 1 0 -123456789
0.4 0.67 0 -123456789
0.45 0.55 0 -123456789
0.5 0.38 0 -123456789
0.43 0.43 0 -123456789
0.82 0.17 0 -123456789
0.72 0 0 -123456789
0.5 0 0 -123456789
0.43 0 0.15 -123456789
0.75 0 0 -123456789
0.7 0.17 0 -123456789
0.72 0.63 0 -123456789
0 0.38 0 -123456789
0 0.13 0 -123456789
0 0 0 -123456789
0 0.17 0 -123456789
0 0.38 0 -123456789
0 0.58 0 -123456789
0 0.29 0 -123456789
0 0.34 0 -123456789
0 0.12 0 -123456789
0 0.17 0 -123456789
0 0.15 0 -123456789
0.08 0.43 0 -123456789
0.13 0.6 0 -123456789
0.5 0.86 0 -123456789
0 0.89 0 -123456789
0 0.15 0 -123456789
0.7 0.5 0 -123456789
0.45 0.88 0 -123456789
0 0.84 0 -123456789
0.4 0.78 0 -123456789
0.58 0.5 0 -123456789
0.47 0.6 0 -123456789
0.13 0.89 0 -123456789
0 0.86 0 -123456789
0 0.43 0 -123456789
0 0 0 -123456789
0 0 0 0.23
0 0 0 0
0 0 0 0.03
0.7 0.38 0 0.03
1 0.63 0 0.42
0.75 0.45 0.25 0.63
0.74 0 0 0.63
0.67 0.5 0 0.45
0.17 0.34 0 0.42
0 0.4 0 -123456789
0 0 0 -123456789
0 0.34 0 -123456789
0.2 0 0 -123456789
0 0.63 0.25 0
0.34 0.5 0 -123456789
0.69 0.5 0 -123456789
0.2 0.5 0 -123456789
0.95 0.25 0 -123456789
0.96 0.67 0 -123456789
0.5 0.58 0 -123456789
0.48 0.34 0 -123456789
0.48 0.72 0 -123456789
0.31 0.56 0 -123456789
0.5 0.13 0 -123456789
0.6 0 0 -123456789
0.4 0.67 0 -123456789
0.18 0.56 0 -123456789
0 0.72 0 -123456789
0 0.34 0 -123456789
0.13 0.34 0 -123456789
0.17 0.58 0 -123456789
0.67 0.13 0 -123456789
0.35 0.17 0 -1.23457e+08
0 0.5 0 -123456789
0 0 0 -123456789
0.23 0.38 0 -123456789
0.67 0 0 -123456789
0.43 0.88 0 -123456789
0.85 0.84 0 -123456789
0.6 0.84 0 -123456789
0.72 0 0 -1.23457e+08
0.4 0.17 0 -123456789
0.16 0 0 -123456789
0 0.56 0 -123456789
0.25 0.63 0 -123456789
0 0.63 0 -123456789
0 0.13 0 -123456789
0 0 0 -123456789
0.92 0 0 -123456789
0.17 0.63 0 -123456789
0.22 0.38 0 -123456789
0 1 0 -123456789
0.37 0.72 0 -123456789
0.78 0.75 0 -123456789
0.4 0.72 0 -123456789
0 0.17 0 -123456789
0.23 0 0 -123456789
0 0.15 0 -123456789
0 0.86 0 -123456789
0 0.86 0 -123456789
0 0.58 0 -123456789
0 0.25 0 -123456789
0 0.13 0 0
0 0.15 0 -123456789
0 0.13 0 -123456789
0.43 0 0 -123456789
0.45 0.43 0 -123456789
0.72 0.65 0 -123456789
0.77 1 0 -123456789
0.73 0.84 0 -123456789
0 0.6 0 -123456789
0.27 0.58 0 -123456789
0.05 0 0 -123456789
0 0.17 0 0
0.13 0.38 0 -123456789
0.17 0 0 -123456789
0.43 0.67 0 -123456789
0 1 0 -123456789
1 0.86 0 -123456789
0.25 0.67 0 -123456789
0 0.38 0 -123456789
0 0.38 0 -123456789
0 0.3 0 -123456789
0 0.12 0 -123456789
0.23 0.4 0 -123456789
0.43 0.55 0 -123456789
0.5 0.17 0 -123456789
0.24 0.25 0 -123456789
0.19 0.58 0 -123456789
0 0.84 0 -123456789
0.72 0.6 0 -123456789
0.95 0.67 0 -123456789
0.93 1 0 -123456789
0.91 0.43 0 -123456789
0.94 0.34 0 -123456789
0.89 0.5 0 -123456789
0.63 0.67 0 -123456789
0 0.43 0 -123456789
0.74 0.6 0 -123456789
0.86 0.63 0 -123456789
0.72 0.34 0 -123456789
0.92 0 0 -123456789
0.74 0 0 -123456789
0.48 0.63 0 -123456789
0.7 0.8 0 -123456789
0.5 0.75 0 -123456789
0.15 0.56 0 -123456789
0 0.65 0 -123456789
0.13 0.88 0 -123456789
0 0.58 0 -123456789
0 0.5 0 -123456789
0 0 0 -123456789
0.25 0.58 0 -123456789
0 0.63 0 -123456789
0 0.38 0 -123456789
0.7 0.63 0 -123456789
0.74 0.8 0 -123456789
0 0.63 0 -123456789
0.84 0 0 -123456789
0 0.13 0 -123456789
0.5 0.75 0 -123456789
0.5 0.15 0 -123456789
0.72 0.43 0 -123456789
-123456789 0.94 0 -123456789
0.78 0.13 0 -123456789
0.72 0 0 -123456789
0.34 0 0 -123456789
0.72 0 0 -123456789
0 0.5 0 0.13
0.38 0 0 -123456789
0.7 0 0 -123456789
0.43 0.34 0 -123456789
0.46 0.46 0 0.09
0.34 0.38 0 -123456789
0.96 0.5 0 -123456789
0.67 0.29 0 0.22
0.47 0.38 0 0.42
0.38 0 0 0.3
0.19 0.75 0 0.38
0 0.1 0 0.55
0 0 0 -123456789
0.5 0 0 0
0.7 0 0 -123456789
0.71 0.4 0 -123456789
0.73 0.67 0 -123456789
0.7 0.88 0 -123456789
0 0.72 0 -123456789
0.19 0.3 0 -123456789
0.15 0.6 0 -123456789
0.84 0 0 -123456789
1 0 0 -123456789
0.75 0.13 0 -123456789
0.72 0 0 -123456789
0.48 0.38 0 -123456789
0.11 0.67 0 -123456789
0.74 0.5 0 -123456789
0.73 0.86 0.25 -123456789
0.2 0.88 0 -123456789
0.2 0.7 0 -123456789
0.9 0.58 0 -123456789
0.5 0.43 0 -123456789
0.4 0.67 0 -123456789
0.4 0.15 0 -123456789
0.93 0.34 0 -123456789
0.91 0.37 0 -123456789
0.89 0 0 -123456789
0.75 0.17 0 -123456789
0.5 0.17 0 -123456789
0.5 0.4 0 -123456789
0.5 0.63 0 -123456789
0.96 0.29 0 -123456789
0.74 0.86 0 -123456789
0.74 0.75 0 -123456789
1 0.34 0 -123456789
0.56 0.15 0 -123456789
0.72 0.58 0 -123456789
0.73 0.86 0 -123456789
0.45 0.5 0 -123456789
0.25 0.37 0 -123456789
0.34 0.34 0 -123456789
0.45 0.78 0 -123456789
0.21 0.38 0 -123456789
0 0.2 0 -123456789
0 0.56 0 -123456789
0 1 0 -123456789
0 0.86 0 -123456789
0 0.84 0 -123456789
0.43 0.67 0 -123456789
0.5 0.25 0 -123456789
0.67 0.38 0 -123456789
0 0.6 0 -123456789
0.8 0.13 0 -123456789
0 0 0 -123456789
0.71 0.34 0 -123456789
0.85 0.3 0 -123456789
0.63 0.38 0 -123456789
0.13 0.5 0 -123456789
0 0.67 0 -123456789
0.63 0.58 0 -123456789
0.94 0.75 0 -123456789
0.43 0.72 0 -123456789
0.2 0.58 0 -123456789
0.84 0 0 -123456789
0.43 0.17 0 -123456789
0.58 0.19 0 -123456789
0.92 0.6 0 -123456789
0.63 0 0 -123456789
-123456789 0.91 0 -123456789
0.75 0.86 0 -123456789
1 0.67 0 -123456789
0.43 0.5 0 -123456789
0 0.58 0 -123456789
0 0.84 0 -123456789
0 0.72 0 -123456789
0.25 0.67 0 -123456789
0.7 0.34 0 -123456789
0.38 0 0 -123456789
0.75 0 0 -123456789
0.94 0 0 -1.23457e+08
1 0 0 -1.23457e+08
0.78 0 0 -123456789
0.5 0.63 0 -123456789
0 0.12 0 -123456789
0.89 0 0 -123456789
0.93 0.15 0 -123456789
0.72 0.43 0 -123456789
0.43 0.4 0 -123456789
0.19 0.3 0 -123456789
0.45 0.67 0 -123456789
0.47 0.63 0 -123456789
0.75 0 0 -123456789
0.89 0.86 0 -123456789
0.88 0.88 0 -123456789
0.66 0.5 0 -123456789
0 0.56 0 -123456789
0.38 0.63 0 -123456789
0.78 0.45 0 -123456789
1 0.63 0 -123456789
0.72 0.67 0 -123456789
0.86 0.5 0 -123456789
0.63 0.67 0 -123456789
0.5 0.5 0 -123456789
0.63 0.67 0 -123456789
0.6 0.88 0 -123456789
0 0.84 0 -123456789
0.46 0.3 0 -123456789
0.78 0.29 0 -123456789
0.48 0 0 -123456789
0.86 0 0 -123456789
1 0.38 0 -123456789
0.94 0.63 0 -123456789
0.82 0.4 0 -123456789
0.5 0.25 0 -123456789
0.24 0.86 0.25 -123456789
0.2 0.4 0 -123456789
0 0 0 -123456789
0.24 0.63 0 -123456789
0.89 0.84 0 -123456789
0.86 0.58 0 -123456789
1 0.25 0 -123456789
0.67 0.56 0 -123456789
0.75 0.58 0 -123456789
0.94 1 0 -123456789
1 1 0 -123456789
0.89 0.86 0 -123456789
0.89 1 0 -123456789
0.92 1 0 -123456789
0.88 0.67 0 -123456789
1 0.75 0 -123456789
0.87 1 0 -123456789
0.93 0.84 0 -123456789
1 0.86 0.34 -123456789
0.94 0.9 0 -123456789
0.88 1 0 -123456789
0.88 0.86 0 -123456789
0.94 0.88 0 -123456789
1 0.88 0 -123456789
0.93 0.75 0 -123456789
1 1 0 -123456789
0.89 1 0 -123456789
0.89 0.86 0 -123456789
1 1 0 -123456789
0.93 1 0 -123456789
0.88 0.84 0 -123456789
0.84 0.86 0 -123456789
0.91 0.86 0 -123456789
0.93 1 0 -123456789
1 0.92 0 -123456789
0.88 0.84 0 -123456789
0.88 0.84 0 -123456789
0.8 0.84 0 -123456789
0.89 0.84 0 -123456789
0.86 0.75 0 -123456789
0.95 1 0 -123456789
0.87 0.86 0 -123456789
0.89 0.86 0 -123456789
0.87 1 0 -123456789
0.88 0.67 0 -123456789
0.89 0.86 0 -123456789
1 0.86 0 -123456789
0.95 0.86 0 -123456789
0.95 0.75 0 -123456789
0.92 0.84 0 -123456789
1 0.86 0 -123456789
1 1 0 -123456789
1 0.86 0 -123456789
0.93 0.8 0 -123456789
1 0.86 0 -123456789
1 0.84 0 -123456789
0.94 0.86 0 -123456789
1 0.86 0 -123456789
0.78 0.86 0 -123456789
1 0.84 0 -123456789
0.93 0.84 0 -123456789
0.86 0.84 0 -123456789
0.89 0.88 0 -123456789
1 1 0 -123456789
0.94 0.84 0 -123456789
0.94 0.86 0 -123456789
0.95 1 0 -123456789
0.89 0.88 0 -123456789
1 0.84 0.34 -123456789
0.93 0.8 0 -123456789
0.93 0.72 0 -123456789
0.95 1 0 -123456789
0.92 0.86 0 -123456789
1 0.72 0 -123456789
1 0.84 0 -123456789
1 0.88 0 -123456789
0.84 1 0 -123456789
1 0.75 0 -123456789
0.89 0.75 0 -123456789
0.94 1 0 -123456789
0.99 0.92 0 -123456789
0.88 0.84 0 -123456789
0.95 1 0 -123456789
0.94 0.88 0 -123456789
1 1 0 -123456789
1 0.6 0 -123456789
-123456789 0.85 0 -123456789
0.89 1 0 -123456789
0.95 0.86 0 -123456789
0.93 0.78 0 -123456789
1 1 0 -123456789
0.95 0.86 0 -123456789
0.94 1 0 -123456789
0.95 0.86 0 -123456789
0.92 1 0 -123456789
0.95 0.75 0 -123456789
1 0.78 0 0
1 0.75 0 -123456789
0.89 0.8 0 -123456789
0.95 0.84 0 -123456789
0.92 0.88 0 -123456789
0.93 0.8 0 -123456789
1 0.86 0 -123456789
1 1 0 -123456789
0.84 0.88 0 -123456789
0.93 1 0 -123456789
1 0.84 0 -123456789
0.92 0.82 0 -123456789
1 0.5 0 -123456789
0.93 1 0 -123456789
0.94 1 0 -123456789
0.86 0.84 0 -123456789
1 0.75 0 -123456789
0.93 0.72 0 -123456789
0.94 0.72 0 -123456789
1 1 0 -123456789
0.88 0.84 0 -123456789
1 0.84 0 -123456789
1 0.63 0 -123456789
1 0.72 0 -123456789
1 0.84 0 -123456789
1 0.75 0 -123456789
0.88 0.84 0 -123456789
0.94 1 0 -123456789
0.87 0.75 0 -123456789
0.8 0.84 0 -123456789
0.85 0.72 0 -123456789
0.93 0.84 0 -123456789
0.85 0.86 0 -123456789
0.94 1 0 -123456789
0.94 0.75 0 -123456789
1 0.86 0 -123456789
0.95 1 0 -123456789
0.88 0.84 0 -123456789
0.99 0.88 0.34 -123456789
0.94 1 0.25 -123456789
0.93 1 0.25 -123456789
0.94 0.86 0.34 -123456789
0.94 0.84 0.25 -123456789
0.93 1 0.4 -123456789
1 0.88 0.25 -123456789
0.94 1 0.5 -123456789
1 0.88 0.34 -123456789
1 1 0.67 -123456789
1 0.86 0.6 -123456789
1 0.72 1 -123456789
1 0.72 1 -123456789
1 0.78 1 -123456789
0.94 0.84 1 -123456789
1 0.86 0.75 -123456789
0.93 1 1 -123456789
1 0.86 0.75 -123456789
0.94 0.86 0.67 0.13
0.93 1 0.75 0.13
0.9 0.72 0.75 0.2
0.95 1 0.67 0.06
0.89 0.84 0.75 0.22
0.93 0.7 0.67 0
0.9 1 0.67 0.03
0.95 0.75 0.6 0.13
0.93 0.84 1 0.09
0.85 0.86 0.5 0.13
1 0.84 0.8 0.13
0.93 0.86 0.5 0.19
0.73 0.8 0.75 0.03
0.95 1 0.75 0.03
0.93 0.84 1 0.03
0.93 0.86 0.6 0.13
1 0.84 0.75 0.39
0.94 0.86 0.6 0.33
1 0.86 1 0.35
0.78 0.91 0.8 0.38
0.95 0.86 0.6 0.38
0.93 0.86 0.75 0.25
0.94 0.86 0.75 0.38
0.87 1 0.75 0.33
0.88 0.72 0.75 0.31
0.86 1 0.75 0.42
0.93 1 0.6 0.42
0.93 0.88 0.75 0.35
0.94 1 1 0.25
1 0.84 1 0.25
0.86 1 1 0.47
1 0.84 1 0.42
0.95 0.86 0.75 0.3
0.93 0.84 0.6 0.38
0.93 0.86 0.75 0.42
0.93 0.86 0.75 0.38
0.99 0.78 0.75 0.47
0.87 0.8 1 0.12
0.89 0.86 1 0.38
0.88 0.86 0.75 0.25
0.93 0.86 0.67 0.38
1 1 0.75 0.38
1 1 1 0.42
-123456789 0.86 0.75 0.3
0.88 0.75 1 0.62
0.94 0.86 0.75 0.25
1 0.86 0.75 0.38
1 0.88 0.8 0.38
0.86 0.84 0.67 0.25
1 1 0.67 0.38
0.94 0.72 0.75 0.25
1 0.84 0.75 0.38
1 0.86 1 0.3
0.93 0.86 1 0.38
0.8 0.88 0.67 0.25
0.95 0.75 0.67 0.38
0.94 0.86 0.67 0.33
0.93 0.8 0.6 0.25
0.93 0.75 0.75 0.38
1 0.85 1 -123456789
1 1 1 0.39
0.95 0.84 0.6 0.25
0.94 0.84 1 0.38
0.95 0.72 0.75 0.31
1 0.86 0.5 0.21
0.95 0.84 1 0.38
0.84 0.88 0.6 0.38
0.89 0.84 0.67 0.38
1 0.89 1 0.42
1 0.88 1 0.38
0.92 0.86 0.84 0.31
0.95 0.86 0.67 0.38
0.99 0.88 1 0.33
