1 0.63 1 0.48
0.93 0.86 0.75 0.63
1 1 0.67 0.45
0.7 0.88 0.34 0.14
0.12 0.63 0 -123456789
0 0.25 0 -123456789
0.15 0 0 -123456789
0.5 0 0 -123456789
0.8 0 0 -123456789
0.8 0 0 -123456789
0.84 0 0 -123456789
0.5 0 0 -123456789
0.17 0 0 -123456789
0.15 0.2 0 -123456789
0 0 0 -123456789
0.23 0 0 -123456789
0 0.6 0 -123456789
0 0.38 0 -123456789
0.13 0.15 0 -123456789
0.74 0.38 0 -123456789
0 0.29 0 -123456789
0.17 0.7 0 -123456789
0 0.5 0 -123456789
0.1 0.34 0 -123456789
0.43 0.13 0 -123456789
0.48 0 0 -123456789
0.43 0 0 -123456789
0 0 0 -123456789
0.15 0 0 -123456789
0 0 0 -123456789
0 0 0 -123456789
0 0 0 -123456789
0 0.2 0 -123456789
0 0 0 -123456789
0 0 0 -123456789
0 0 0 -123456789
0 0.12 0 -123456789
0 0.38 0 -123456789
0 0.43 0 -123456789
0 0.56 0 -123456789
0 0.82 0 -123456789
0 0.6 0 -123456789
0 0.67 0 -123456789
0 0.63 0 -123456789
0 0.17 0 -123456789
0 0 0 -123456789
0 0 0 -123456789
0 0 0 -123456789
0 0 0 -123456789
0 0.13 0 -123456789
0 0 0 -123456789
0 0.25 0 -123456789
0 0 0 -123456789
0 0 0 -123456789
0 0.1 0 -123456789
0 0.3 0 -123456789
0 0 0 -123456789
0 0.25 0 -123456789
0 0.34 0 -123456789
0 0.34 0 -123456789
0 0.12 0 -123456789
0 0 0 -123456789
0 0 0 -123456789
0 0 0 -123456789
0 0 0 -123456789
0 0.15 0 -123456789
0 0.1 0 -123456789
0 0 0 -123456789
0 0 0 -123456789
0.06 0 0 -123456789
0 0 0 -123456789
0 0 0 -123456789
0 0 0.25 -123456789
0 0.84 0 -123456789
0 0.29 0 -123456789
0 0.23 0 -123456789
0 0 0 -123456789
0 0.4 0 -123456789
0 0 0 -123456789
0 0 0 -123456789
0 0 0 -123456789
0 0 0 -123456789
0 0 0 -123456789
0 0 0 -123456789
0 0.63 0 -123456789
0 0 0 -123456789
0 0 0 -123456789
0 0 0 -123456789
0 0.72 0 -123456789
0 0.38 0 -123456789
0 0.17 0 -123456789
0 0.15 0 -123456789
0 0.23 0 -123456789
0 0 0 -123456789
0 0.56 0 -123456789
0 0.86 0 -123456789
0 0.67 0 -123456789
0 0.63 0 -123456789
0 0.3 0 -123456789
0 0 0 -123456789
0 0 0 -123456789
0 0.34 0 -123456789
0 0.8 0.17 -1.23457e+08
0 0.34 0 -1.23457e+08
0 0 0 0.21
-123456789 0.13 0 0.61
0 0 0 0.63
0 0.38 0 0.63
0 0.67 0 0.57
0 0.34 0 0.63
0 0.4 0 -123456789
0 0 0 -123456789
0 0.43 0 -123456789
0 0.2 0 -123456789
0 0 0 -123456789
0 0 0 -123456789
0 0.15 0 -123456789
0 0.4 0 -123456789
0 0.88 0 -123456789
0 0.63 0 -123456789
0 0.3 0 -123456789
0 0 0 -1.23457e+08
0 0.13 0 -123456789
0 0.55 0 0.03
0 0.13 0 -123456789
0 0.1 0 -123456789
0 0 0.2 -123456789
0 0.1 0 -123456789
0 0.25 0 -123456789
0 0 0 -123456789
0 0 0 -123456789
0 0 0 -123456789
0 0 0 -123456789
0 0 0 -123456789
0 0 0 -123456789
0 0 0 -123456789
0.17 0 0 -123456789
0.01 0 0 -123456789
0 0 0 -123456789
0 0 0 -123456789
0 0.37 0 -123456789
0 0.38 0 -123456789
0 0 0 -123456789
0 0 0 -123456789
0 0 0 -123456789
0 0 0 -123456789
0 0.17 0 -123456789
0 0.67 0 -123456789
0 0.34 0 -123456789
0 0.38 0 -123456789
0 0 0 -123456789
0 0 0 -123456789
0 0 0 -123456789
0 0 0 -123456789
0 0.15 0 -123456789
0 0 0 -123456789
0 0 0 -123456789
0 0.65 0 -123456789
0 0 0 -123456789
0 0.5 0 -123456789
0 0.34 0 -123456789
0 0.43 0 -123456789
0 0.63 0 -123456789
0 0 0 -123456789
0 0 0 -123456789
0 0.38 0 -123456789
0 0.56 0 -123456789
0 0.84 0 -123456789
0.1 0.5 0 -123456789
0 0.15 0 -123456789
0 0 0 -123456789
0 0.13 0 -123456789
0 0 0 -123456789
0 0 0 0.03
0 0 0 -123456789
0 0.43 0 -123456789
0 0.75 0 -123456789
0 0.37 0 -123456789
0 0 0 -123456789
0 0 0 -123456789
0 0 0 -123456789
0 0 0 -123456789
0.13 0.55 0 -123456789
0 0.43 0 -123456789
0 0.43 0 -123456789
0 0.87 0 -123456789
0.05 0.34 0 -123456789
0 0 0 -123456789
0.12 0 0 -123456789
0 0 0 -123456789
0 0 0 -123456789
0 0 0 -123456789
0 0 0 -123456789
0 0 0 -123456789
0 0 0 -123456789
0 0 0 -123456789
0 0 0 -123456789
0 0 0 -123456789
0 0.13 0 -123456789
0 0 0 -123456789
0 0.25 0 -123456789
0 0.37 0 -123456789
0 0.67 0 -123456789
0 0.38 0 -123456789
0 0.63 0 -123456789
0 0 0 -123456789
0 0.6 0 -123456789
0 0.84 0 -123456789
0 0.34 0 0
0 0.38 0 -123456789
0 0 0 -123456789
0 0 0 -123456789
0 0 0 -123456789
0.17 0 0 -123456789
0 0.4 0 -123456789
0 0.13 0 -123456789
0 0 0 -123456789
0 0.38 0 -123456789
0 0.29 0 -123456789
0 0.38 0 -123456789
0 0.58 0 -123456789
0.23 0.75 0 -123456789
0 0.84 0 -123456789
0.25 0.89 0 -123456789
0.19 0.86 0 -123456789
0.43 0.75 0 -123456789
0.47 0.82 0 -123456789
0 1 0 -123456789
0.64 0.67 0 -123456789
0 0.78 0 -123456789
0.93 0.72 0 -123456789
0.94 0.84 0 -123456789
0.86 0.86 0 -123456789
1 0.86 0 -123456789
0.9 0.84 0 -123456789
0.93 1 0 -123456789
0.83 1 0 -123456789
0.92 0.88 0 -123456789
0.94 0.75 0 -123456789
0.87 0.86 0 -123456789
0.8 0.86 0 -123456789
0.95 0.84 0 -123456789
0.92 0.84 0 -123456789
1 0.88 0 -123456789
0.93 1 0 -123456789
0.99 0.92 0 -123456789
0.93 0.86 0 -123456789
0.95 0.86 0 -123456789
1 0.86 0 -123456789
0.87 1 0 -123456789
0.93 0.84 0 -123456789
1 0.86 0 -123456789
0.94 0.84 0 -123456789
0.93 0.86 0 -123456789
0.93 0.92 0 -123456789
0.92 0.86 0 -123456789
0.79 0.84 0 0.38
0.94 1 0 0.25
0.93 1 0 0.38
0.9 1 0 -1.23457e+08
0.92 0.75 0 0.59
1 0.84 0 0.09
1 0.88 0 -123456789
0.91 0.86 0 -123456789
0.85 0.75 0 -123456789
0.95 0.88 0 -123456789
1 0.86 0 -123456789
0.91 0.86 0 -123456789
0.86 1 0 -123456789
0.94 1 0 -123456789
1 1 0 -123456789
0.85 1 0 -123456789
0.89 0.84 0 -123456789
0.95 0.86 0 -123456789
0.88 0.84 0 -123456789
1 0.78 0 -123456789
0.91 0.84 0 -123456789
1 0.84 0 -123456789
1 0.84 0 -123456789
0.95 0.75 0 -123456789
1 0.86 0 -123456789
1 0.84 0 0.03
0.78 0.84 0 0.2
0.87 0.84 0 0.03
0.93 1 0 0.13
1 1 0 0.05
0.93 0.91 0 -123456789
1 1 0 -123456789
0.94 0.86 0 -123456789
0.89 0.86 0 -123456789
0.67 0.84 0 -123456789
1 0.84 0 -123456789
0.94 1 0 -123456789
0.93 0.86 0 -123456789
0.99 0.8 0 -123456789
1 0.86 0 -123456789
0.93 1 0 -123456789
0.86 0.86 0 -123456789
1 0.89 0 -123456789
0.82 0.84 0 -123456789
0.93 0.86 0 -123456789
0.89 0.86 0 -123456789
0.93 1 0 -123456789
0.93 0.84 0 -123456789
1 0.67 0 -123456789
1 0.86 0 -123456789
0.95 0.75 0 -123456789
0.95 1 0 -123456789
0.94 0.86 0 -123456789
0.89 1 0 -123456789
0.92 1 0 -123456789
0.93 1 0 -123456789
0.9 0.84 0 -123456789
0.91 0.84 0 -123456789
0.94 1 0 -123456789
0.82 0.75 0 -123456789
-123456789 1 0 -123456789
0.93 1 0 -123456789
1 0.86 0 -123456789
0.87 0.86 0 -123456789
0.93 0.84 0 -123456789
-123456789 0.92 0 -123456789
0.93 1 0 0.05
0.93 1 0 -123456789
0.93 1 0 -123456789
0.88 0.84 0 -123456789
0.98 1 0 -123456789
0.95 0.72 0 -123456789
1 0.86 0 0
0.94 0.84 0 -123456789
0.89 0.86 0 -123456789
0.91 0.84 0 -123456789
1 0.86 0 -123456789
0.89 1 0 -123456789
-123456789 0.84 0 -123456789
0.89 0.78 0 0.13
0.8 1 0 -123456789
0.82 0.84 0 -123456789
0.86 0.84 0 -123456789
1 0.84 0 -123456789
0.91 0.84 0 -123456789
1 1 0 -123456789
0.9 1 0 -123456789
0.91 0.86 0 -123456789
0.94 0.84 0 -123456789
0.99 0.93 0 -123456789
0.95 0.84 0 -123456789
0.93 1 0 -123456789
0.75 1 0 -123456789
0.93 1 0 -123456789
1 0.86 0 -123456789
1 0.75 0 -123456789
0.82 1 0 -123456789
0.93 0.75 0 -123456789
1 0.75 0 -123456789
-123456789 0.9 0 -123456789
0.89 0.8 0 -123456789
0.95 0.86 0 -123456789
1 0.86 0 -123456789
0.94 0.84 0 -123456789
0.94 0.88 0 -123456789
0.93 0.84 0 -123456789
1 0.84 0 -123456789
0.94 0.86 0 -123456789
1 1 0 -123456789
0.89 0.75 0 -123456789
1 0.8 0 -123456789
0.94 0.84 0 -123456789
0.88 0.84 0 -123456789
1 0.86 0 -123456789
0.86 0.84 0 -123456789
0.94 0.86 0 -123456789
0.93 0.72 0 -123456789
1 0.67 0 -123456789
1 0.84 0.25 -123456789
0.95 0.84 0 -123456789
0.86 0.75 0 -123456789
1 0.84 0 -123456789
0.91 0.86 0 -123456789
0.99 0.9 0 -123456789
1 0.75 0 -123456789
0.92 1 0 -123456789
1 0.75 0 -123456789
0.93 0.84 0 -123456789
1 0.84 0 -123456789
0.93 0.84 0 -123456789
1 1 0 -123456789
1 0.78 0 -123456789
0.95 1 0 -123456789
0.93 0.78 0 -123456789
1 1 0 -123456789
0.94 0.84 0 -123456789
0.99 0.88 0 -123456789
0.95 0.86 0 -123456789
0.93 0.72 0 -123456789
0.88 1 0 -123456789
0.95 0.84 0 -123456789
0.86 0.84 0 -123456789
0.89 1 0 -123456789
1 0.86 0 -123456789
0.95 0.72 0 -123456789
0.87 0.9 0 -123456789
1 1 0 -123456789
0.93 0.86 0 -123456789
0.94 0.88 0 -123456789
0.95 0.84 0 -123456789
0.92 0.86 0 -123456789
1 0.86 0 -123456789
0.95 0.84 0 -123456789
0.7 1 0 -123456789
1 0.88 0 -123456789
0.93 1 0 -123456789
1 0.72 0 -123456789
0.91 1 0 -123456789
0.88 1 0 -123456789
1 0.88 0 -123456789
0.83 1 0 -123456789
0.96 0.86 0 -123456789
0.95 0.86 0 -123456789
0.94 1 0 -123456789
0.94 0.72 0 -123456789
1 0.78 0 -123456789
0.87 0.84 0 -123456789
-123456789 1 0 -123456789
0.95 1 0 -123456789
0.95 0.84 0 -123456789
1 0.86 0 -123456789
0.87 1 0 -123456789
0.92 1 0 -123456789
1 0.86 0 -123456789
0.95 0.84 0 -123456789
1 0.86 0 -123456789
1 1 0 -123456789
0.95 1 0 -123456789
1 0.88 0 -123456789
0.93 0.84 0 -123456789
1 1 0 -123456789
1 0.86 0 -123456789
0.93 0.84 0 -123456789
0.93 0.72 0 -123456789
0.94 0.86 0 -123456789
0.93 1 0 -123456789
1 0.86 0 -123456789
0.67 0.84 0 -123456789
0.9 0.72 0 -123456789
0.93 0.78 0 -123456789
0.93 1 0 -123456789
0.93 0.84 0 -123456789
1 0.84 0 -123456789
0.84 1 0 -123456789
0.93 0.86 0 -123456789
0.93 0.72 0 -123456789
0.94 0.84 0 -123456789
1 0.86 0 -123456789
0.88 1 0.34 -123456789
0.87 0.86 0.34 -123456789
0.93 1 0.34 -123456789
0.94 1 0.2 -123456789
-123456789 1 0.25 -123456789
1 1 0.25 -123456789
0.94 0.86 0.4 -123456789
0.95 0.72 0.25 -123456789
0.93 0.72 0.43 -123456789
1 0.72 0.25 -123456789
0.88 0.84 0.75 -123456789
1 0.75 0.67 -123456789
0.99 0.86 0.8 -123456789
0.94 1 0.75 -123456789
1 1 0.67 -123456789
0.93 0.84 0.6 0.42
1 0.88 1 0.38
0.89 0.86 1 0.25
0.89 1 0.8 0.35
1 0.86 0.67 0.21
0.93 0.8 1 -123456789
0.99 0.93 0.67 -123456789
0.92 0.84 0.75 -123456789
1 0.63 0.4 -123456789
0.86 1 0.67 -123456789
0.93 0.86 0.6 -123456789
0.94 0.86 0.5 -123456789
0.83 1 1 -123456789
0.9 1 0.75 -123456789
0.93 1 0.6 -123456789
1 0.84 0.67 -123456789
-123456789 0.92 0.75 -123456789
0.93 0.84 0.75 -123456789
0.95 0.86 0.75 -123456789
1 1 0.75 -123456789
1 0.84 1 0.2
0.91 0.84 0.75 0.2
0.95 0.84 0.75 0.13
1 0.84 0.6 0.03
0.93 1 0.75 0.03
0.94 1 0.6 -123456789
1 0.86 0.6 0.13
1 0.9 1 0.07
0.93 0.75 0.6 0.13
0.9 1 0.75 0.03
0.94 0.72 0.5 0.14
1 0.88 0.75 0.09
0.94 0.84 0.67 0.09
1 1 0.75 0.03
0.92 0.86 0.67 0
0.93 1 1 0.03
0.94 0.86 0.75 0.03
0.88 1 1 -123456789
1 1 0.67 0.03
0.99 1 0.5 0.25
1 0.84 0.67 0.38
0.94 0.84 0.75 0.42
0.94 0.84 0.75 0.31
0.87 0.86 0.34 0.38
1 0.9 0.75 0.31
0.95 1 0.67 0.2
1 0.84 1 0.33
1 0.86 0.75 0.42
0.93 0.84 1 0.25
0.86 0.72 1 0.38
0.89 0.72 0.75 0.21
0.89 1 0.67 0.38
1 1 1 0.31
0.86 0.72 1 0.46
1 0.86 0.5 0.25
0.95 1 0.75 0.38
0.94 1 0.75 0.42
0.93 0.75 0.75 0.25
1 0.8 0.8 0.33
1 0.84 0.75 0.38
0.93 0.75 0.8 0.25
0.89 1 1 0.27
0.93 0.84 1 0.33
1 0.84 1 0.25
1 0.88 0.34 0.21
0.86 0.86 1 0.3
0.94 1 1 0.38
0.89 0.8 0.67 0.38
0.8 0.88 1 0.38
0.93 1 0.5 0.25
0.94 0.86 1 0.31
0.95 0.88 0.6 0.31
0.88 0.84 0.75 0.33
1 0.72 1 0.25
0.89 1 0.75 0.42
1 0.72 0.6 0.33
0.89 0.75 0.75 0.38
0.93 0.84 0.75 0.33
0.93 1 0.6 0.38
1 1 0.75 0.38
0.93 1 0.75 0.63
0.87 0.75 1 0.63
1 0.84 1 0.57
1 0.75 0.5 0.57
0.93 1 0.75 0.57
0.95 0.88 1 0.55
1 1 1 0.31
0.86 0.84 0.75 0.35
0.88 0.84 0.5 0.38
0.93 1 0.75 0.38
0.83 1 1 0.33
0.89 0.84 0.75 0.25
