1 0.9 0.6 0.66
1 1 0.6 0.58
0.65 0.88 0.34 0.29
0.37 0.88 0.25 0.18
0.54 0.55 0 0.03
0.74 0.7 0.4 0.15
0.72 0.6 0 0.14
1 0 0 -123456789
0.88 0 0.5 -123456789
0.67 0 0 -123456789
0.92 0 0 -123456789
0.63 0.75 0 -123456789
0.74 0.72 0 -123456789
0.39 0.4 0 -123456789
0.14 0.34 0 -123456789
0.7 0 0 -123456789
0.87 0.34 0 -123456789
0.93 0.86 0 -123456789
0.43 0.93 0 -123456789
0 0.89 0 -123456789
0.18 0.34 0 0
0.63 0 0 -123456789
0.74 0.63 0 -123456789
0.98 0 0 -123456789
0.9 0.7 0 -123456789
0.34 0.78 0 -123456789
0.5 0.88 0 -123456789
0.77 0.56 0 -123456789
0.43 0.7 0 -123456789
0.72 0.58 0 -123456789
1 0 0 -123456789
0.84 0 0 -123456789
0.5 0 0 -123456789
0.43 0 0.25 -123456789
0 0 0 -123456789
0.72 0.42 0 -123456789
0.78 0.72 0 -123456789
0 0.34 0.25 -123456789
0 0.13 0 -123456789
0 0 0 -123456789
0.15 0.55 0 -123456789
0 0.5 0 0
0 0.71 0 -123456789
0 0.63 0 -123456789
0 0.44 0 0
0 0.29 0 -123456789
-123456789 0.44 0 -123456789
0.58 0.67 0 -123456789
0.75 1 0 -123456789
0.34 0.86 0 -123456789
0 1 0 -123456789
0.45 0.72 0 -123456789
0.63 0.74 0 -123456789
0.48 0.78 0 -123456789
0.39 0.86 0 -123456789
0.87 0.64 0 -123456789
0.25 1 0 -123456789
0 0.62 0 -123456789
0.23 0 0 -123456789
0.29 0 0 -123456789
0.43 0 0 -123456789
0.67 0 0 -123456789
0.89 0.63 0 -123456789
0.94 0.92 0 0.15
1 0.6 0 0.12
0.67 0.7 0 0.09
0.55 0.43 0 0.2
0.15 0.7 0 0.03
0 0.45 0 0.09
0 0.4 0 0.03
0 0.15 0 0.15
0 0.97 0 -123456789
0.43 0.6 0 -123456789
0.7 0.79 0 -123456789
0.69 0.56 0 -123456789
0.95 0.2 0 -123456789
0.96 0.59 0 -123456789
0.77 0.65 0 -123456789
0.34 0.38 0 -123456789
0 0.72 0 -123456789
0.17 0.29 0 -123456789
0.46 0 0 -123456789
0.95 0 0 -123456789
0.2 0.63 0 -123456789
0 0.5 0 -123456789
0.29 1 0 -123456789
0.27 0.38 0 -123456789
0.12 0.63 0 -123456789
0.58 0.4 0 -123456789
0.43 0.23 0 -123456789
0 0.12 0 -123456789
0.45 0 0 -123456789
0.67 0.43 0 -123456789
0 0.89 0 -123456789
0.67 0.85 0 -123456789
0.95 1 0 -123456789
0.92 0.86 0 -123456789
0.88 0.86 0 -123456789
0.58 0.72 0 -123456789
0.49 0.22 0 -123456789
0.91 0.2 0 -123456789
0.52 0.34 0 -123456789
0 0.67 0 -123456789
0 0.63 0 -123456789
0.09 0 0 -123456789
0 0.67 0 -123456789
0.17 0.38 0 -123456789
0 0 0 -123456789
0.55 0 0 -123456789
-123456789 0.42 0 -123456789
0 0.56 0 -123456789
0 0.7 0 -123456789
0.59 0.42 0 -123456789
0.75 1 0 -123456789
0.94 0.67 0 -123456789
0.97 0.94 0 -123456789
0.14 0.61 0 -123456789
0.48 0.42 0 -123456789
0.27 0 0 -123456789
0 0.72 0 -123456789
0 0.75 0 -123456789
0 0.72 0 -123456789
0.22 0.47 0 -123456789
0 0.62 0 -123456789
0.75 0.73 0 -123456789
0.72 0.39 0 -123456789
0.94 0.5 0 -1.23457e+08
0.63 0.63 0 0.03
0.75 0.89 0 -123456789
1 0.88 0 -123456789
0.75 1 0 -123456789
0 0.56 0 -123456789
0.29 0.67 0 -123456789
0 0.75 0 -123456789
0 0.63 0 -123456789
0 0.4 0 -123456789
0 0 0 -123456789
0.34 0.38 0 -123456789
0 0.67 0 -123456789
0.38 1 0 -123456789
0.96 0.67 0 -123456789
0.45 0.86 0 -123456789
0 0.5 0 -123456789
0.24 0.29 0 -123456789
0.12 0.4 0 -123456789
0.73 0.1 0 -123456789
0.58 0.92 0 -123456789
0 0.69 0 -123456789
0.67 0.4 0 -123456789
0.28 0.72 0 -123456789
0.24 0.72 0 -123456789
0.43 0.8 0 -123456789
0.15 0.63 0 -123456789
0.78 0.58 0 -123456789
0.96 0.86 0 -123456789
0.9 0.43 0 -123456789
0.95 0.25 0 -123456789
0.63 0.8 0 -123456789
0.64 0.58 0 -123456789
0.65 0.38 0 -123456789
0.65 0.63 0 -123456789
0.86 0.56 0 -123456789
0.96 0 0 -123456789
0.79 0 0 -123456789
0.75 0.34 0 -123456789
0.67 0.67 0.25 -123456789
-123456789 0.7 0 -123456789
0.34 0.5 0 -123456789
0.7 1 0 -123456789
0 0.88 0 -123456789
0 0.67 0 -123456789
-123456789 0.45 0 -123456789
0.23 0.58 0 -123456789
0 0.34 0 -123456789
0.69 0.67 0 -123456789
0.67 0.8 0 -123456789
0.43 0.56 0 -123456789
0.1 0.25 0.25 -123456789
0.75 0 0 -123456789
0 0.72 0 -123456789
0.58 0.23 0 -123456789
0.45 0.15 0 -123456789
0.65 0.29 0 -123456789
0.17 0.86 0 -123456789
0.29 0.39 0 -123456789
0.4 0 0 -123456789
0.67 0 0 -123456789
0.43 0.1 0 -123456789
0.39 0.25 0 -123456789
0.42 0 0 -123456789
0.66 0.2 0 -123456789
0.46 0 0 -123456789
0.5 0.8 0 -123456789
0.43 0.38 0 -123456789
0.91 0.43 0 -123456789
0.6 0.43 0 -123456789
0.53 0 0 -123456789
0.7 0.7 0 -123456789
0.34 0.4 0 0.5
0 0.18 0 0.38
0.5 0 0 0.33
0.54 0.38 0 0.25
0.79 0.15 0 0.31
0.43 0.5 0 0.38
0.75 0.5 0 0.16
0.75 0.86 0 -123456789
0.5 0.72 0 -123456789
0 0.6 0 -123456789
0.12 0.3 0 0.07
0.94 0 0 -123456789
1 0 0.2 -123456789
0.72 0 0 -123456789
0.8 0 0 -123456789
0.46 0 0 -123456789
0.7 0.75 0 -123456789
0 0.84 0 -123456789
0.5 0.88 0 -123456789
0.67 0.63 0 -123456789
0.4 0.38 0.17 -123456789
0.5 0.62 0 -123456789
0.94 0.43 0 -123456789
0.96 0.13 0 -123456789
0.89 0 0 -123456789
0.84 0.2 0 -123456789
0.45 0.2 0 -123456789
0.71 0.3 0 -123456789
1 0.38 0 -123456789
0.67 0.46 0 -123456789
0.38 0.72 0 -123456789
0.7 0.67 0 -123456789
1 0.43 0 -123456789
0.69 0 0 -123456789
0.96 0.63 0 -123456789
0.58 0.89 0 -123456789
0.38 0.56 0 -123456789
0.82 0.92 0 -123456789
0.25 0.5 0 -123456789
0.2 0.15 0 0.09
0 0 0 -123456789
0 0.15 0 -123456789
0 0.56 0 -123456789
0 1 0 -123456789
0 1 0 -123456789
0 0.86 0 -123456789
0.47 0.29 0 0
0.45 0 0 -123456789
0.5 0.62 0 -123456789
0 0.23 0 -123456789
0.48 0 0 -123456789
0.47 0.64 0 -123456789
0.73 0.38 0 -123456789
0.29 0.63 0 -123456789
0.47 0.58 0 -123456789
0.89 0.6 0 -123456789
0.91 0.91 0 -123456789
0.5 0.72 0 -123456789
0.72 0 0 -123456789
0.5 0.45 0 -123456789
0 0.37 0 -123456789
1 0.5 0 -123456789
0.87 0.39 0 0.12
0.74 0.92 0 -123456789
0.19 1 0 -123456789
0 1 0 -123456789
0.84 0.67 0 -123456789
0.89 0.38 0 -123456789
0 0.5 0 -123456789
0 0.84 0 -123456789
0 1 0 -123456789
0 0.6 0 -123456789
0.17 0.43 0 -123456789
0.47 0.38 0 -123456789
0.64 0 0 -123456789
0.37 0 0 -123456789
1 0 0 -123456789
0.93 0.1 0 -123456789
0.9 0.67 0 -123456789
0.67 0.67 0 0
0.4 0.38 0 -123456789
0.54 0.15 0 -123456789
1 0 0 -123456789
0.93 0.2 0 -123456789
0.94 0.15 0 -123456789
0.5 0 0 -123456789
0.75 0.65 0 -123456789
0.63 0 0 -123456789
0.84 0.72 0 -123456789
0.67 0.7 0 -123456789
0.95 1 0 -123456789
0.9 0.88 0 -123456789
0.67 0.78 0 -123456789
0.5 0.72 0 -123456789
0.5 0.65 0 -123456789
0.72 0.98 0 -123456789
0.96 0.6 0 -123456789
0.74 0.69 0 -123456789
0.88 1 0 -123456789
0.67 0.63 0 -123456789
0.73 0.3 0 -123456789
0.37 0.8 0 -123456789
0 1 0 -123456789
0.46 0.88 0 -123456789
0.2 0.43 0 -123456789
0.75 0 0 -123456789
0.5 0 0 -123456789
0.82 0 0 -123456789
1 0.34 0 -123456789
0.89 0.72 0 -123456789
0.93 0.4 0 -123456789
-123456789 0.67 0 -123456789
0.25 0.7 0 -123456789
0.05 0.4 0 -123456789
0 0.39 0 -123456789
0.5 0.29 0 -123456789
0.92 0.75 0 -123456789
0.93 0.63 0 -123456789
1 0.34 0 -123456789
1 0.5 0 -123456789
0.78 0.67 0 -123456789
0.95 1 0 -123456789
0.97 0.9 0 -123456789
0.93 1 0 -123456789
0.89 0.86 0 -123456789
0.9 0.89 0 -123456789
0.91 0.88 0 -123456789
0.78 0.86 0 -123456789
1 0.86 0 -123456789
0.89 0.84 0 0.03
0.85 0.67 0 0.13
-123456789 0.94 0 0.2
0.94 1 0 -123456789
0.7 1 0 -1.23457e+08
0.94 0.86 0 -1.23457e+08
0.9 0.75 0.34 -123456789
1 0.84 0 -123456789
0.86 0.9 0 -123456789
0.77 0.7 0 -123456789
0.87 1 0 -123456789
0.95 0.86 0 -123456789
0.91 0.86 0 -123456789
0.88 0.86 0 -123456789
0.89 0.88 0 -123456789
0.96 0.56 0 -123456789
1 1 0 -123456789
0.95 1 0 -123456789
0.93 0.67 0 -123456789
1 0.86 0 -123456789
0.85 1 0 -123456789
0.99 0.89 0 -123456789
0.84 0.75 0 -123456789
0.88 0.86 0 -123456789
0.94 0.84 0 -123456789
0.92 0.86 0 -123456789
0.95 1 0 -123456789
0.91 0.72 0 -123456789
0.95 0.86 0 -123456789
1 0.86 0 -123456789
1 0.86 0 -123456789
0.91 1 0 -123456789
1 0.86 0 -123456789
1 1 0 -123456789
0.88 1 0 -123456789
0.79 0.86 0 -123456789
0.92 1 0 -123456789
0.96 0.75 0 -123456789
0.93 0.86 0 -123456789
0.88 1 0 -123456789
0.94 1 0 -123456789
0.93 0.9 0 -123456789
0.87 0.75 0 -123456789
1 0.86 0 -123456789
0.92 0.86 0 -123456789
0.88 0.86 0 -123456789
0.86 0.63 0 -123456789
0.88 0.8 0 -123456789
0.95 0.72 0 -123456789
1 0.89 0 -123456789
1 1 0 -123456789
0.93 0.63 0 -123456789
1 0.75 0 -123456789
0.86 0.75 0 -123456789
0.94 1 0 -123456789
0.94 0.84 0 -123456789
1 0.67 0 -123456789
0.86 0.88 0 -123456789
1 1 0 -123456789
1 0.84 0 -123456789
0.95 0.86 0 -123456789
0.94 1 0 -123456789
0.7 0.86 0 -123456789
0.87 0.72 0 -123456789
0.9 0.72 0 -123456789
0.88 0.86 0 -123456789
1 0.88 0 -123456789
0.95 0.86 0 -123456789
0.89 0.9 0 -123456789
0.84 0.75 0 -123456789
1 0.88 0 -123456789
1 0.84 0 -123456789
0.94 0.92 0 -123456789
0.89 0.86 0 -123456789
0.93 0.86 0 -123456789
0.99 1 0 -123456789
1 0.86 0 -123456789
0.93 0.84 0 -123456789
0.89 1 0 -123456789
1 1 0 -123456789
0.88 0.88 0 -123456789
0.91 0.84 0 -123456789
0.91 0.86 0 -123456789
1 0.75 0 -123456789
1 0.86 0 -123456789
0.96 0.43 0 -123456789
0.94 0.67 0 -123456789
0.88 0.72 0 -123456789
0.95 0.84 0 -123456789
0.91 0.86 0 -123456789
0.95 0.72 0 -123456789
1 0.84 0 -123456789
0.94 0.86 0.25 -123456789
0.99 0.84 0.34 -123456789
1 0.86 0.25 -123456789
0.9 0.86 0.34 -123456789
0.78 0.86 0.5 -123456789
0.91 0.86 0.5 0.13
0.93 0.84 0.25 0.09
1 0.84 0.34 0.09
1 0.84 0.34 0.13
1 0.86 0.29 0.09
0.88 0.88 0.67 0.12
1 0.88 0.67 0.04
0.93 0.72 0.75 0.03
0.94 0.86 0.75 0.13
1 0.84 0.67 0.13
0.91 0.86 0.67 -123456789
0.86 1 1 0
1 0.86 0.6 0.13
0.9 0.92 1 0.04
0.9 0.88 1 0.04
0.94 0.86 0.75 -1.23457e+08
0.94 0.86 0.75 -1.23457e+08
0.84 0.84 0.75 -123456789
0.95 1 0.75 0
0.93 0.84 0.75 0
0.95 0.75 0.5 0.13
0.9 0.84 0.6 0.13
0.87 1 1 0.13
0.89 0.86 0.86 0.03
1 0.86 0.67 0.2
0.95 1 0.75 0.09
0.92 0.84 0.84 0.09
0.96 0.86 0.75 0.13
0.95 0.72 0.67 -123456789
0.95 0.86 0.75 0.11
0.9 1 1 0.13
0.89 0.86 0.6 0.13
0.87 0.84 1 0
1 0.86 0.75 0.06
1 0.93 0.67 0.03
0.95 0.86 1 0.13
0.89 1 0.67 0.31
0.93 0.86 0.8 0.38
-123456789 0.91 1 0.38
0.89 0.72 0.75 0.31
1 0.93 0.8 0.38
0.89 0.8 0.67 0.33
1 1 0.67 0.42
1 1 0.75 0.38
0.95 0.84 1 0.33
0.88 0.85 0.67 -1.23457e+08
1 0.84 1 0.25
0.94 0.88 0.75 0.25
0.87 0.84 1 0.38
0.93 0.72 0.67 0.15
0.93 0.86 1 0.12
0.87 0.75 0.75 0.38
1 0.8 0.75 0.38
0.89 0.84 0.6 0.35
0.96 0.84 1 0.17
0.94 0.67 0.75 0.3
0.88 0.88 1 0.2
1 0.72 0.6 0.38
0.94 0.63 0.67 0.31
1 0.72 0.75 0.37
1 0.8 0.6 0.45
0.95 0.86 0.86 0.32
0.89 0.86 0.6 0.33
0.9 0.75 0.75 0.38
1 1 1 0.42
0.87 0.86 0.5 0.25
0.94 0.86 1 0.33
0.89 1 0.6 0.25
0.95 0.86 0.75 0.21
0.94 0.8 0.75 0.3
1 0.72 0.6 0.38
0.91 1 1 0.25
0.95 1 0.6 0.38
1 0.86 0.8 0.38
1 0.63 1 0.3
0.93 0.78 0.84 0.75
