0.78 0.72 0.75 0.63
0.94 1 0.86 0.63
0.89 0.63 0.6 0.5
0.89 0.84 0.75 0.42
0.39 0.84 0.34 0.2
0.72 1 0.25 0.13
0.67 0.86 0.25 0.38
0.67 0.5 0.25 0.64
0.67 0.58 0.25 0.38
0.73 0.67 0.25 0.13
0.8 0.67 0.34 0.03
0.93 0.67 0 0.13
1 0.67 0.84 0.13
0.95 0.38 0.5 0.09
0.89 0.34 0.5 0.03
0.9 0.43 0 -123456789
0.95 0 0.6 0.3
1 0.5 1 -123456789
0.67 0.13 0.5 -123456789
0.72 0 0.2 -123456789
0.91 0.75 0.4 0.09
0.95 1 0 -123456789
1 1 0.4 -123456789
0.75 0.45 0.15 -123456789
0.6 0.63 0 -123456789
0.34 0.56 0 -123456789
0 0.34 0.25 -123456789
0 0.25 0 -123456789
0.89 0.43 0 -123456789
0.77 0.63 0.25 -123456789
0.86 0.4 0 -123456789
0.95 0.63 0 -123456789
0.84 0.8 1 -123456789
-123456789 1 0.34 -123456789
0.69 0.84 0.25 -123456789
0.17 0.86 0.34 -123456789
0 0.9 0 -123456789
0.46 0.6 0 0.15
0.62 0.42 0.34 0.18
0.95 0.5 0.43 -123456789
0.79 0.84 0.34 -123456789
0.25 0.67 0 -123456789
1 0.63 0.34 -123456789
0.91 0 0 -123456789
1 0.86 0 -123456789
0.88 0.67 0 0.13
0.93 0.63 0 0.13
1 1 0 -123456789
0.48 0.89 0 -123456789
0.8 0.86 0 -123456789
0.88 0.88 0 -123456789
0.67 0.86 0 0.25
0.73 0.67 0 0.03
0.72 0 0 0.03
0.5 0.63 0 0.21
0.58 0.5 0 0.13
1 0.34 0 0.12
0.88 0.58 0 -123456789
1 0.67 0 -123456789
1 0.29 0 0.13
0.7 0 0.4 0.03
1 0 0.25 -1.23457e+08
0.55 0.58 0.6 -1.23457e+08
0.78 1 0.34 -1.23457e+08
0.67 0.6 0.25 -1.23457e+08
0.3 1 0.84 -1.23457e+08
0 0 0.25 -1.23457e+08
0 0.63 1 -123456789
0.69 0.94 0.8 -123456789
0.47 0.72 1 -123456789
0.44 0.65 1 -123456789
0 0.9 0.2 -123456789
0.53 0.75 0 -123456789
0.93 0.56 0 -123456789
0.84 0.28 0 -123456789
0.89 0.72 0 -123456789
0.63 0.69 1 -123456789
-123456789 0.38 0.34 -1.23457e+08
0.87 0.54 0 0
-123456789 0.93 0.38 -123456789
0.84 0.86 0.67 0.03
0.7 0.84 0.67 0.09
0.18 0.88 0.34 -123456789
0.5 0.88 0 -123456789
0.85 0.86 0 -123456789
1 0.85 0 -123456789
0.9 0.58 0 -123456789
0.91 0.84 0 -123456789
0.75 1 0 0.09
0.24 0.84 0 0.03
0.84 1 0 0.2
0.63 0.78 0 0.03
0.67 1 0 -123456789
1 1 0 -123456789
0.84 0.5 0.67 -123456789
0.47 0 0.34 -123456789
0 0.86 0.34 -123456789
0 0.84 0 -123456789
0.75 0.84 0 -123456789
0.71 0.88 0 -123456789
0.4 1 0 -123456789
0.2 0.43 0 -123456789
0.72 0.13 0 0.2
0.93 0 0 0.13
0.67 0.12 0 0.25
0.88 0 0 -123456789
0.67 0.29 0 -123456789
0.67 1 0 -123456789
0.88 0.75 0 -123456789
0.82 0.86 0 -123456789
0.88 0.88 0 -123456789
0.94 0.63 0 -123456789
0.93 0.67 0 -123456789
0.7 0.43 0 -123456789
0.13 0.67 0 -123456789
0.86 0.67 0 -123456789
0.72 0.59 0 -123456789
1 1 0 -123456789
0.6 0.69 0 -123456789
0.5 0.43 0 -123456789
0.48 0.58 0 0.17
0.26 0.67 0 0.15
0.96 0.94 0 -123456789
0.77 0.97 0 0.13
0.63 0.63 0 -123456789
0.74 0.9 0 -123456789
1 0.94 0 0.18
0.91 0.38 0 0.06
0.95 0.7 0 -123456789
0.93 1 0 0.13
0.78 0.84 0 -123456789
0.92 1 0 -123456789
0.59 0.62 0 0.13
0.8 0.95 0 0.38
0.63 0.45 0 0.45
0.73 0.5 0 0.42
0.28 0 0 0.13
0.78 0 0 -123456789
1 0.63 0 0.04
0.71 0 0 0.09
0.48 1 0 0.09
0 0.88 0 0.25
0.93 0.93 0 0.39
0.75 0.86 0 0.37
0.75 0.78 0 0.5
0.94 0.39 0 0.64
0.43 0.34 0 0.41
0.77 0.86 0 0.09
1 0.46 0.5 -123456789
0.92 0.19 0.8 -123456789
0.64 0.93 0.67 -123456789
0.4 0.67 0.5 -123456789
0 0.5 0.75 -123456789
0.5 0 0.84 0
0 0.58 0.75 0.03
0.5 0 0.89 0.2
0.34 0.78 1 0.5
0 0.88 0.34 0.34
0.9 0.64 0.34 0.47
0.92 0.4 0.34 0.03
0.7 0 0 0.09
1 0.8 0 0.15
0.77 0.75 0 -123456789
0.85 1 0 -123456789
1 0.88 0 -123456789
0.95 1 0 -123456789
1 0.86 0 0.12
1 0.89 0 0.17
0.89 1 0 0.15
0.75 0.67 0 -123456789
0.67 0.82 0 -123456789
0.88 0.4 0 -123456789
0.8 0.5 0 -123456789
0.96 0.34 0 -123456789
1 0.37 0 -123456789
0.49 0 0 -123456789
0 1 0 -123456789
0 0.5 0.5 0.14
0.72 0.58 0 -123456789
0.71 0.82 0 0.09
0.5 0.56 0 -123456789
0.58 0.58 0 -123456789
0.43 0.67 0 0.31
0.4 0.43 0 0.25
0.96 0.15 0 0.42
0.8 0.45 0 0.35
0.75 0.58 0 0.03
0 0.91 0 -123456789
0.23 0.91 0 -123456789
0.43 0.62 0.4 -123456789
0.96 0.67 0 -123456789
0.93 0.82 0 0.45
0.47 0.93 0 0.49
0.78 0.88 0 0.63
1 0.63 0 -123456789
0.17 0.63 0 -123456789
0 0 0.25 -123456789
0.45 0.13 0.4 -123456789
0.16 0 0.6 -123456789
0 0.17 1 -123456789
0.2 0.89 0.34 -123456789
0 1 0 -123456789
0.7 0.75 0 -123456789
0.5 0.89 0 -123456789
0.45 0.58 0 -123456789
0.78 0.38 0.4 -123456789
0.8 0 0 -123456789
0.87 0.58 0.5 -123456789
0.67 0.58 0.34 -123456789
0.77 0.34 0 -123456789
0.8 0 0.34 -123456789
0.95 0.75 0 -123456789
0.86 0.65 0 -123456789
0.97 0.88 0 0.03
0.74 0.67 0 -123456789
1 0.91 0 -123456789
1 0.84 0 -123456789
0.95 0.86 0 -123456789
0.97 1 0 -123456789
0.75 0.88 0 -123456789
0.84 0.86 0 -123456789
0.72 1 0 -123456789
0.48 0.56 0.67 -123456789
0.65 0.84 0.75 -123456789
0.1 0.88 0.75 -123456789
0.17 0.67 0.75 -123456789
0 0.38 0.8 -123456789
0.38 0 0.75 -123456789
0.48 0.64 0.2 -123456789
0.6 0.31 0.34 -123456789
0.93 0.4 0 -123456789
0.86 0.72 0 0.03
0.78 0.55 0 0.2
0.69 0.64 0 -123456789
0.96 0.75 0 -123456789
0.93 0.7 0 -123456789
0.93 0.86 0 -123456789
0.95 0.86 0 -123456789
0.72 0.84 0 -123456789
0 0.63 0 -123456789
0 0.34 0 -123456789
0.43 0.64 0 -123456789
0.73 0.5 0 -123456789
0.97 0.13 0 -123456789
0.75 0.58 0 -123456789
0.54 0.63 0 0.09
0.93 0.34 0.15 0.13
0.77 0.39 0 -123456789
0.17 0.5 0 0
0.47 0.67 0 -123456789
0.54 0.5 0 0.13
0.77 0.6 0 0.13
0.91 1 0 0.04
0.75 0.72 0 -123456789
0.92 0.75 0 -123456789
0.91 0.89 0.2 -123456789
0.96 1 0 -123456789
0.98 0.94 0 -123456789
0.91 0.63 0 -123456789
0.95 0.34 0 -123456789
0.9 0.58 0 0.15
1 0.84 0.2 0.09
1 0.75 0.2 0.18
0.67 0.75 0.25 0
0.72 0.63 0 -123456789
0.9 0.5 1 0.1
0.84 0.75 1 0.13
0.78 0.58 0.89 0.13
0 0.58 0.34 0.13
0.95 0.75 0.4 0.03
0.96 0.56 0.25 0.13
0.67 0.58 1 0.2
0.95 0.12 0.75 -123456789
0.96 0 1 -123456789
0.7 0.3 1 -123456789
0.55 0.88 0.8 -123456789
0.72 0.63 0.75 -123456789
0.93 0.67 0.6 -123456789
0.43 1 0.2 0.42
0.38 1 0.4 0.38
0 0.86 0.34 0.45
0 0.5 0 0.2
0.72 0.5 0.25 0.25
0.74 0.78 0 0.42
-123456789 0.9 0 -123456789
0.24 0.8 0 -123456789
0 0.78 0.67 -123456789
0 0.65 0.72 -123456789
0.87 0 0.6 -123456789
0.5 0.63 0.4 -123456789
0.2 0.8 0 -123456789
0.91 0.9 0 -123456789
0.78 0.86 0.34 -123456789
0.95 0.67 0.34 -123456789
-123456789 0.67 0.42 -123456789
0.95 1 0 0.03
0.92 0.89 0 0.2
0.77 0.64 0 0.05
0.34 0.84 0 0.13
0.75 1 0 -123456789
0.96 0.5 0 -123456789
0.74 0.15 0 -123456789
0.67 0.6 0.34 -123456789
1 0.9 0.85 -123456789
0.84 0.75 0.75 -123456789
0.48 0.18 0.67 -123456789
0.77 0 0.5 -123456789
0.74 0 0.34 -123456789
0.89 0.86 0.25 -123456789
0.72 0.86 1 -123456789
0.48 0.86 0.75 -123456789
0.43 1 0.75 -123456789
0.62 0.4 0.34 -123456789
0.88 0.1 0.25 -123456789
0.72 0.17 0 -123456789
0 0 0 -123456789
1 0.64 0 -123456789
0.73 0.88 0 -123456789
0.12 0.37 0.37 -123456789
0.67 0 0 -123456789
0.43 0.6 0 -123456789
0.33 0.2 0 -123456789
0.82 0 0 -123456789
-123456789 0.92 0.34 -123456789
0.65 0.86 0 -123456789
0.79 0.6 0 -123456789
0.8 0.34 0 -123456789
0.95 0.5 0 -123456789
0.9 0.84 0 -123456789
0.88 0.7 0.25 -123456789
0.5 0.25 0.25 -123456789
0.75 0.5 0.58 -123456789
0.79 0.95 0.4 -123456789
0.63 0.86 0.25 -123456789
0.15 0.92 0.5 -123456789
0.12 0.5 0.84 -123456789
0 0.15 0.5 -123456789
0.69 0.23 1 0.12
0.75 0.6 0.84 -123456789
0.83 0.34 0.6 -123456789
0.9 0.17 0.75 -123456789
0.87 0.5 0.8 -123456789
0.71 0.67 0.75 -123456789
0 0.63 0.34 -123456789
0.69 0.6 0 -123456789
0.72 0.86 0.5 0.14
0.84 0.84 0 0.13
0.73 0.72 0 0.09
0.5 0.58 0 0.09
0.45 0.72 0 0.25
0.34 0.58 0.25 0.37
0.27 0.63 0 -123456789
0.99 0.13 0.25 0.09
0.89 0.43 0.25 0.03
0.71 0.63 0 0.04
0.75 0.86 0 -123456789
1 0.72 0 -123456789
0.5 0 0 -123456789
0.25 0.63 0 0.18
0.5 0.85 0.34 0.38
0.74 0.45 0.75 0.38
0.95 0.56 0.34 0.13
0.83 1 0.34 0.2
1 0.84 0.25 -123456789
0.75 0.86 1 -123456789
0.46 1 0.75 0.09
0.25 0.84 0.5 0.09
1 0.86 0 0.03
0.93 0.67 0 -123456789
1 0.6 0 0
0.65 0 0 0.18
0.5 0.8 0 0.03
0.42 0 0 0.2
0.88 1 0 0.03
0.89 0.58 0 0.3
0.94 0.43 0 0.13
0.84 0.43 0 0.13
0.95 0.67 0 0
1 0.58 0 0.22
0.94 0.3 0 0.18
1 0.58 0 0.13
0.8 0.23 0 0.2
0.8 0.43 0 0.4
0.93 0.58 0 0.42
0.75 0.78 0 0.03
0 0.67 0 -123456789
0.92 0.58 0 -123456789
0.95 0.75 0 -123456789
1 0.5 0 -123456789
0.63 1 0 -123456789
0.67 0.88 0 -123456789
0.75 0.88 0 -123456789
0.94 0.86 0 -123456789
0.94 0.58 0 0.25
0.92 0.43 0 -123456789
0.96 0.63 0 -123456789
0.69 0.63 0.2 -123456789
0.85 0.5 0 -123456789
0.75 0.86 0 -123456789
0 0.8 0 0.07
0.93 0.67 0 0.03
1 0.67 0 0.13
0.67 0.43 0 -123456789
0.3 0.88 0 -123456789
0.7 0.58 0 -123456789
0.55 0.38 0.34 -123456789
0.08 0.4 0.2 -123456789
0 0.15 0.17 -123456789
1 0.4 0 0.04
0.42 0.67 0 0.09
0.55 0.63 0 0.09
0 0.75 0 0.25
0.2 0.58 0 0.13
0 0.86 0 0.13
0.25 0.84 0 -123456789
0.38 1 0 -123456789
0.77 1 0 -123456789
0 0.86 0 0.13
0.88 0.84 0 0.03
0.8 0.5 0 0.09
0.74 0.17 0 0.06
0.95 0.43 0 0.03
0.72 0.67 0 0.13
0.2 0.43 0 0.13
0.58 0.8 0 0.38
0.56 0.34 0 0.13
0.29 0.43 0 -123456789
0.69 0 0 0.2
0.67 0.86 0 0.09
0.67 0.67 0 0.04
1 0.43 0 0.02
0.8 0.4 0 0.09
0.73 0.58 0 0.09
0.73 1 0 0.06
0 0.86 0 0.13
0.56 0.58 0 0.03
0.85 0.58 0 0.03
0.93 0.5 0 0.12
0.95 1 0 -123456789
0.89 1 0 -123456789
0.89 0.84 0 -123456789
0.38 0.86 0 0.09
0.5 0.67 0 0
0.74 0.38 0 -123456789
0.55 0.34 0 -123456789
1 0 0 -123456789
0.88 0.4 0 0.09
0.9 0.5 0 -123456789
1 0 0 -123456789
0.65 0.78 0 0.13
0.4 0.86 0 0.09
0 1 0 0.03
0.72 0.86 0 0.2
0.29 1 0 0.13
0.6 0.75 0 0.24
0.99 0.56 0 0.03
0.45 0.67 0 0.05
0 0.84 0 0.09
0 0.94 0 0.13
0.15 1 0 0.3
0.73 0.78 0 0.42
0.75 0.5 0.34 0.03
1 0.63 0 0.15
0.98 0.56 0.34 0.3
0.67 0.2 0.6 0.38
0.72 0 1 0.09
0.88 0.5 0 0.03
0.9 0.34 0 0.35
0.9 0 0 0.13
0.94 0 0 -123456789
0.95 0 0.34 0.09
0.91 0.72 0.4 -123456789
0.9 0.67 0 -123456789
1 0 0.2 0.09
0.75 0.78 0 0.13
0.72 0.75 0 0.38
0.39 0.93 0 0.47
0.93 0.5 0 0.25
1 0.25 0 0.47
0.9 0.34 0 0.21
0.91 0 0 0.63
0.96 0.5 0 0.57
0.89 0.5 0.25 0
0.94 0.67 0.25 -1.23457e+08
0.09 1 0.25 0.17
0.7 0.58 0 0.09
0.88 0.72 0 -123456789
0.8 0.72 0 -123456789
0.75 0.86 0 -123456789
0.13 0.58 1 -123456789
1 0 0 -123456789
1 1 0 -123456789
0.93 0.84 0 -123456789
0.96 0.86 0 -123456789
0.94 1 0 0.13
0.71 1 0 0.05
0 0.56 0 0.03
0.77 0.58 0 0.13
0.67 0.86 0 0.25
1 1 0 0
0.88 0.58 0 -123456789
0.8 0.67 0 -123456789
0.71 0.72 0 0.09
0.94 0.89 0 -123456789
0.95 0.63 0 -123456789
0.72 0.25 0 -123456789
0.9 0.84 0 0.09
1 0.72 0 0.13
0.89 0.88 0 0
0.89 0.73 0 0.25
0.74 0.56 0 0.09
0.45 0 0 0.03
0.72 1 0.34 -123456789
0.72 1 0 -123456789
0.74 0.86 0 -123456789
0.7 0.95 0 -123456789
0.7 0.75 0.2 -123456789
0.74 0.43 0 -123456789
0.79 0.43 0 -123456789
0.93 0.4 0 -123456789
0.95 1 0 0.09
0.5 0.15 0 -123456789
0.89 0 0 0.03
0.99 1 0 0.25
0.91 0.5 0.25 0.13
1 0.72 0.25 0.06
0.86 1 0.34 0.03
0.91 0.58 0.6 0.12
0.86 0.43 0.8 0.13
0.45 0.56 1 -123456789
0.22 0.84 0.67 -123456789
0.43 0.84 1 0.09
0 0.34 0.67 0.03
0.46 0 0.25 0.13
0.48 1 0 0.03
0.32 0.6 0 0.18
0.87 0.56 0 -123456789
0.89 0.84 0.25 -123456789
0.89 1 0 0.07
0.88 0.86 0.25 0.18
0.89 0.75 0.5 0.09
0.8 0.38 0.67 0.09
0.82 0.67 0 0.09
0.95 1 0 -123456789
0.9 0.78 0 0.17
1 0.86 0 0.2
1 0.86 0 -123456789
0.89 1 0 0.38
0.94 0.86 0.2 0.38
0.94 1 0.34 0.21
1 1 0.34 0.31
0.82 0.84 0.34 0.38
0.93 0.84 0.75 0.38
0.89 0.67 0.75 0.38
1 0.88 0.6 0.42
0.94 0.75 1 0.38
1 1 1 -1.23457e+08
1 0.86 0.6 0.3
0.94 0.84 0.75 0.38
0.9 0.75 0.67 0.25
0.93 0.72 0.75 0.18
1 0.86 0.75 0.25
0.95 1 0.67 0.25
1 0.86 0.67 0.3
0.87 0.84 0.67 0.33
1 0.72 0.67 0.38
0.94 0.84 1 0.31
0.93 0.86 0.75 0.38
0.95 0.84 0.4 0.33
0.88 0.67 0.6 0.31
1 0.86 1 0.38
1 0.84 0.75 0.38
1 1 1 0.31
0.9 1 0.75 0.35
1 0.84 0.75 0.25
0.94 0.86 0.67 0.25
1 0.84 1 0.4
0.94 0.72 0.75 0.38
1 1 1 0.38
1 1 0.6 0.42
0.99 1 1 0.25
0.88 0.84 0.75 0.38
0.94 0.72 1 0.35
0.88 0.88 0.67 0.42
