1 0.84 0.75 0.3
0.94 0.86 0.75 0.63
0.94 1 0.75 0.44
0.96 0.93 0.8 0.67
0.84 0 0.78 0.54
0.96 0 0.84 0.35
0 0.19 0.88 0.6
0 0.71 0.91 0.38
0 0.69 0 0.66
0 0 0 0.67
0.6 0 0 0.03
0.9 0.17 0.42 -123456789
0 0.5 0.34 0.09
0 0.8 0.91 0.13
0 0 0.88 0.44
0 0 0 0.44
0 0.1 0 -123456789
1 0.7 0 -123456789
0.95 0 0 0.2
0 0.07 0 0.17
0 1 0.43 -123456789
0 0.95 0.34 -123456789
0.22 0 0.38 -123456789
1 0 0.4 0.17
1 0 0 0.19
0.12 0.59 0.1 0.18
0 0.65 0 0.05
0 0 0 0.17
0 0 0 0.39
0 0.35 0.47 -123456789
1 0.93 0 -123456789
0.9 0.45 0 -123456789
0.91 0 0 -123456789
0 0.92 0 0.2
0 0.72 0 0.17
0 0 0 0.13
0 0 0.5 -123456789
0.7 0.39 0.46 -123456789
0.94 0.72 0 -123456789
0 0.54 0 0.13
0.2 0.2 0 0.18
0.65 0 0 0.15
0.89 0 0.5 0.21
0.11 0 0.13 0.09
0 0.24 0.4 0.34
0 0.93 0 0.09
0 0.89 0 0.19
0.44 0 0 0.35
0.91 0 0 0.42
0.22 0 0 0.33
0 0.42 0 0.42
0 0.65 0.39 0.42
0 0 0.43 0.42
0 0 0.42 -123456789
0 0 0 0.18
0.07 0.82 0 0.1
1 0.5 0 -123456789
0.75 0 0 0.22
0 0.56 0 0.17
0 0.93 0.12 0.19
0 0 0 0.44
0.15 0 0 0.15
1 0 0.42 -123456789
0.22 0.89 0.82 -123456789
0 0.73 1 -123456789
0 0 0.8 0.15
0 0 0.4 0.39
0 0 0 0.75
0.73 0 0 0.04
0.92 0.94 0 -123456789
0.19 0.85 0 -123456789
0 0 0 -123456789
0.92 0 0 -123456789
0.65 0 0 0.09
0.19 0 0.89 0.47
0 0.1 0.5 0.47
0 0 0 -123456789
0 0.6 0 0.53
0.28 0 0 0.33
0.95 0 0 0.42
0.2 0.17 0.13 0.67
0 0.6 0.72 0.28
0 0.65 1 -123456789
0 0 0.5 -123456789
0.58 0 0 -123456789
0.93 0.19 0 0.25
0 0.6 0 0.44
0 0.75 0 0.42
0 0 0 0.45
0 0 0 -123456789
0 0 0.34 -123456789
0.73 0.22 0 -123456789
1 0 0 0.19
0.22 0.67 0 0.25
0 1 0 0.42
0 0 0 0.4
0 0 0 0.35
0 0 0.72 -123456789
1 0.84 1 -123456789
0.86 0.93 0 -123456789
0.73 0.18 0 -123456789
0.96 0 0 -123456789
0 0.1 0 -123456789
0 0.95 0.34 -123456789
0 0 0.72 -123456789
0.07 0 0.5 0.4
0.95 0 0 0.4
0.92 0.16 0 0.52
0 0.15 0 0.41
0 0.92 0 -123456789
0 0.64 0 -123456789
0 0 0 0.13
0.89 0 0 -123456789
0.85 0.24 0 -123456789
0 0.5 0 -123456789
0 0.8 0 0.33
0 0 0.34 0.61
0 0 0.5 -1.23457e+08
0.93 0.31 1 -123456789
0.92 0.96 0 -123456789
0.74 0.65 0 -123456789
0.6 0 0 0.09
0.55 0 0 0.12
0 0 0.5 0.19
0 0 0 0.15
0 0.93 0 0.15
0.23 0.95 0 -123456789
0.1 0 0 -123456789
1 0 0.4 -123456789
0.17 0.19 0.67 -123456789
0 0.64 0.89 0.12
0 0.62 0 0.07
0 0 0 0.2
0.93 0 0.4 -123456789
0.88 0.19 0.8 -123456789
0 0.65 1 -123456789
0 0.63 0.9 0.09
0 0.27 0 0.12
0.52 0 0 0.19
0.88 0 0 0.3
0.23 0.2 0.4 0.44
0 0.42 0.42 0.25
0 0.55 0 0.36
0.74 0 0 0.46
0.6 0 0 0.4
0 0.18 0.88 0.38
0.08 0.96 0 0.62
0 0.67 0 0.62
0 0 0 0.62
0 0 0 0.34
0.75 0 0 -123456789
0.96 0.95 0 -123456789
0 0.59 0 -123456789
0.04 0 0.84 0.15
0.92 0 0.25 0.17
0.96 0 0 0.25
0 0.9 0 0.52
0 0.69 0 0.75
0 0 0 0.61
0 0 0 0.42
0 0 0.4 -123456789
0.62 0.64 0.4 0.07
1 0.39 0 -123456789
0.94 0 0 0.07
0 0.62 0 0.09
0 0.88 0 0.38
0 0 0.39 0.42
0.14 0 0.34 0.5
0.82 0 0 0.37
0.78 0.72 0 -123456789
0 0.64 0 0.19
0.82 0 0 0.2
1 0 0 0.1
0 0 0 0.41
0 0.62 1 0.12
0 0.89 0.34 -123456789
0 0.94 0 0.33
0.5 0 0 0.42
0.96 0 0 0.41
0.25 0 0 0.28
0 0.69 0 0.75
0 1 0.91 0.6
0 0 0.75 0.67
0 0 0.34 0.52
0.16 0 0 -123456789
0.24 0.12 0 -123456789
0 0.89 0 0.13
0 0.67 0.4 0.19
0 0 0.34 0.25
0 0 0.38 0.15
0.93 0 0 0.19
0.72 0.67 0 0.12
0 0.62 0 0.4
0.16 0 0 0.4
0.77 0 0 -123456789
0.72 0 0 0.2
0 0 0 0.71
0 0.85 0 0.13
0.12 0.6 0 -123456789
0 0 0 0.2
0.72 0 0.2 -123456789
0.91 0.18 1 -123456789
0.22 0.73 0.4 -123456789
0 0.64 0.42 -123456789
0.47 0 0.38 0.12
0.92 0 1 0.25
0.17 0.13 0 0.37
0 0.25 0 0.09
0 0.65 0 -123456789
0.67 0 0 0.39
0.9 0 0.38 0.5
0.45 0 0.84 0.42
0 0 1 0.35
0 0.96 0 0.4
0.24 0.5 0 0.45
0.72 0 0 0.42
0.73 0 0 0.5
0 0 0 -1.23457e+08
0 0.5 0 -1.23457e+08
0 0.88 0 -1.23457e+08
0.46 0.95 0 -1.23457e+08
0.94 0.92 0.34 0.14
0.74 0.61 0.23 0.69
0.86 0 0.88 0.67
0 1 0.84 0.63
0.06 0.8 0.8 0.55
0 0 0.84 0.54
0 0 0.45 0.65
0.92 0 0 0.09
1 0 0 -123456789
0.22 0.9 0.34 0.46
0 0.42 0.34 0.66
0 0 0.25 0.57
0 0.67 0.6 0.59
