0.91 0.86 1 0.63
0.93 0.84 0.75 0.42
0.93 1 0.67 0.45
0.89 1 0.84 0.68
1 0 1 0.64
0.77 0 1 0.44
0 0.43 0.29 0.59
0 0.69 0 0.6
0.78 0.2 0 0.31
0.9 0 0 0.71
0.47 0.3 0.34 0.53
0 0.67 0.38 0.38
0 0.63 0.84 0.54
0 0 0.67 0.75
0 0 0.8 0.17
0.3 0 0 -123456789
0.95 0 0 0.55
0.25 1 0 0.57
0 0.63 0 0.47
0.05 0.4 0 0.54
0 0.36 0 -123456789
0.87 0.08 0 0.01
1 0 0.67 0.53
0.5 0.38 0.25 0.65
0.15 0 0.45 0.5
0 0.86 0.4 0.22
0.12 0.7 0.5 0.15
0.7 0 0.34 0.59
0.9 0.07 0.84 0.62
0 0.38 0.25 0.6
0 0.56 0.25 0.33
0.2 0.67 0 0.19
0.74 0 0.8 0.65
0.96 0 0.8 0.37
0 0.38 0.86 0.6
0 0.72 0.25 0.52
0 0.72 0 0.5
0 0.18 0 0.7
0 0 0 -123456789
1 0.44 0.17 0.13
0.39 0.5 0.43 0.45
0 0.34 0.75 0.53
0.24 0 1 0.17
0 0 0 0.09
1 0.96 0 0.09
0.92 0.89 0 -123456789
0.91 0 0 -123456789
0.74 0.13 0 0.14
0 0.34 0 0.17
0 0.7 0 0.09
0.07 0.16 0 0.2
0 0.1 0 0.17
0.1 0 0.34 0.53
0.92 0.37 0.5 0.09
0.82 0.78 0.25 0.39
0.45 0.63 0.5 0.03
0 0.15 0.4 0.39
1 0 0.4 0.42
0.96 0 0 0.15
0 0.91 0 0.12
0 0.89 0 0.15
0 0 0.5 0.44
0 0.08 0.2 0.45
0 0 0 0
1 0.67 0.47 -123456789
1 0.96 0.84 -123456789
0 0.7 1 -123456789
0 0 0.29 -123456789
0.7 0 0 -123456789
0.91 0.11 0 -123456789
0.18 0.89 0 -123456789
0 0.67 0 -123456789
0 0 0 -123456789
0.45 0 0 -123456789
0.1 0.2 0.47 -123456789
0 0.5 0 -123456789
0 0.79 0 -123456789
0.08 0.37 0 -123456789
0.94 0 0 0.09
0.9 0 0 0.13
0.16 0.28 0 0.44
0 0.9 0.25 -123456789
0 0.43 0.25 -123456789
0.23 0 0.86 0.68
0.63 0 0.8 0.7
0.9 0.05 0 0.38
0.38 0 0 0.13
0.5 0.13 0 0.31
0 0.9 0 0.57
0 0.8 0 0.63
0 0 0.38 0.62
0.93 0 0.4 -123456789
0.91 0 0.84 -123456789
0 0.63 0.84 -123456789
0 1 0.6 0.18
0 0.37 0.86 0.09
0 0 0.42 0.19
0 0.46 0 0.09
0.47 0.63 0 0.55
0.82 0 0 0.65
0.92 0 0 0.59
0 0 0 0.68
0 0.69 0 0.31
0 0.7 0 -123456789
0.25 0 0 0.12
0.96 0 0.6 0.09
0 0 0.84 0.19
0 0.95 0 0.7
0 0.78 0 0.65
0.25 0 0 0.68
0.93 0 0 0.09
0.72 0.19 0 -123456789
0 0.66 0 -123456789
0 0.93 0 -123456789
0 0 1 -123456789
0 0 0.5 -123456789
0.48 0.2 0 -123456789
1 0.67 0 0.05
0.13 0.67 0 0.22
0 0.42 0 0.18
0.07 0 0 0.13
1 0 0 -123456789
0.67 0.13 0 -123456789
0.23 0.9 0 -123456789
0 0.82 0.88 -123456789
0 0.1 1 0.02
0 0 0.34 0.09
0 0 0 0.53
0.91 0.7 0 -123456789
0.93 0.69 0 -123456789
0.19 0.7 0 -123456789
0 0.7 0 -123456789
0.45 0 0 0.13
0.67 0 0 0.38
0.17 0 0.17 0.44
0 1 0.34 0.09
0.4 0.92 0.42 -123456789
0.62 0 1 0.09
1 0 0 0.12
0.93 0 0 0.13
0.23 0.7 0 0.09
0 0.7 0 0.4
0.24 0.1 0 0.42
0.5 0 0 0
0.91 0.6 0 -123456789
0 0.95 0.4 0.19
0 0.82 0.67 0.15
0 0 1 0.05
0.17 0 0 0.57
0.82 0.19 0 0.02
1 0.89 0 -123456789
0.46 0.92 0 0.19
0.22 0 0 0.11
0.39 0 0.25 0.04
0.43 0 0.84 0.32
0.28 0 0.5 0.3
0.43 0 0 0.35
0.89 0.93 0 0.3
0 0.64 0 0.25
0 0.4 0 0.66
0 0 0 0.59
0.85 0.13 0 0.42
0.58 0.25 0 0.2
0.34 0.94 0.5 0.22
0.29 0.7 0.15 0.35
0 0 0 0.25
0.58 0 1 0.75
1 0.56 0 0.03
1 0.67 0 0.25
0.45 0.95 0 0.45
0 0.64 0.17 0.4
0 0 0.43 0.39
0.71 0 0 0.18
0 0 0 0.34
0 0.86 0 0.03
0 0.5 0 0.12
0.5 0 0.4 0.39
0.7 0.16 0.92 0.34
0 0.89 0.89 0.52
0 0.67 0.34 0.38
0.25 0 0.4 0.6
0.93 0 0 0.12
0.91 0.07 0.88 -123456789
0.17 0.91 0.88 0.13
0 1 1 0.13
0 0.67 0.75 0.34
0.2 0.24 0.88 0.41
0 0 0.5 0.5
0 0.58 0 0.53
1 0.54 0 0.09
0.89 0.23 0 0.32
0 0.55 0 0.35
0 0.75 0 0.34
0 0 0 0.45
0 0 0.25 0.13
0 0.4 0 -123456789
0.4 0.43 0 0.13
0.09 0.25 0 0.18
0.95 0 0 0.13
0.84 0 0 0.38
0.15 0.37 0.15 0.34
0 0.67 0.25 0.38
0 0 0.72 0.45
0.12 0 0.5 0.63
0.92 0.34 0 0.15
1 0.86 0 0.09
0.29 0.72 0 0.68
0.5 0 0.4 0.61
1 0 0.5 0.38
0 0 1 0.25
0 0.4 0.25 0.7
0 0.63 0 0.34
0.4 0.44 0 0.17
0 0 0 0.5
0.88 0 0.29 0.34
0.95 0.15 0.34 -123456789
0.38 0.34 0.86 0.42
0.12 0.83 0.25 0.45
0.32 0.34 0 0.34
0.92 0 0 0.25
0.94 0 0.42 0.64
0.25 0.12 0.38 0.34
0 0.2 0 0.64
0 0.58 0 0.39
0.25 0.85 0 -123456789
0.94 0 0 0.19
0.62 0 0.8 0.2
0.19 0.15 0.34 0.3
0.08 0.88 0 0.55
0.67 0.67 0 0.34
0.88 0 0 0.58
0.59 0 0 0.6
0 0 0 0.25
0 0.88 0 -123456789
0 0.67 0 -123456789
0.72 0.23 0 0.09
0.93 0 0 0.42
0.28 0.75 0 0.44
0 0.4 0.43 0.52
0 0.18 0.94 0.22
0.45 0 0.23 0.14
0.82 0.55 0 0.34
0.23 0.93 0 0.3
0 0.67 0 0.4
0 0 0 0.52
0 0 0.34 0.44
0.89 0 0 -123456789
0.72 0.5 0 -123456789
0 0.78 0 0.14
0 0.7 0 0.09
0 0 0.75 0.19
1 0 0.4 0.44
0.7 0 0 0.48
0.2 0.17 0 0.64
0 0.29 0 0.5
0 0.55 0.88 0.17
0.15 0.2 0.88 0.14
0.93 0 0 0.14
0.43 1 0 0.33
0 0.87 0 0.44
0 0 0 0.61
0.9 0 0 -123456789
0.94 0.4 0.39 -123456789
0 0.63 0.8 0.13
0 0.93 0.8 0.17
0 0.38 0.63 0.25
0 0.2 0 0.25
0.12 0 0 0.13
0.92 0.38 0 0.09
0.7 0.69 0 0.42
0 0.91 0 0.63
0.19 0.19 0 0.71
0.91 0 0.34 -123456789
0.55 0.95 0.84 0.25
0 0.86 0.88 0.3
0 0.12 0.75 0.39
0 0 0.25 0.5
0.95 0.44 0 -123456789
1 0.05 0 -123456789
0 0.92 0 0.05
0 0.89 0.4 0.09
0 0.15 0.25 0.09
0.13 0 0.34 0.25
0 0.38 0 0.03
0.86 0.62 0 0.5
0.59 0 0 0.34
0 0 0 0.44
0 0.73 0 0.39
0 0.72 0 0.17
0.08 0 0 0.59
0.4 0 0 0.38
0.86 0.1 0 -123456789
0.2 0.7 0.84 0.5
0 1 0.8 0.42
0 0.63 1 0.42
0 0.64 0.4 0.37
0.72 0.59 0 0.64
0.89 0.19 0 0.64
0.7 0 0 0.4
0 0 0.5 0.61
0 1 0.34 0.25
0 0.75 0.29 0.12
0.24 0 0.38 0.65
0.23 0 0.4 0.5
0 0.13 0.89 -123456789
1 0.63 0.34 0.25
1 0.95 0 0.57
0.2 0.94 0 0.56
0.67 0 0.86 0.61
1 0 1 0.63
0.45 0 0.25 0.65
0.13 0.17 0 0.5
0.24 0.72 0 -123456789
0.9 0.7 0 -123456789
1 0 0.91 0.42
0.2 0.17 0.67 0.5
0 0 1 0.38
0 0.75 0.6 0.31
0.17 0.86 1 0.38
0.93 0.86 0.75 0.38
0.93 0.86 0.5 0.3
0.93 1 1 0.38
0.89 1 0.8 0.38
0.93 0.84 0.75 0.38
1 1 1 0.33
0.89 0.84 0.75 0.25
