1 0.75 1 0.63
0.93 0.84 0.75 0.57
0.94 0.86 1 0.57
0.95 0.86 0.75 0.55
0.9 0.86 0.75 0.63
1 0.88 0.6 0.53
1 0.34 0.67 0.5
0.91 0.4 0.67 0.5
0.75 1 0.8 0.61
0.13 0.88 0.84 0.55
0.43 0.58 0.5 0.57
0.95 0.5 1 0.45
1 0.67 0.4 0.5
0.88 0.6 0.34 0.55
0.95 0.86 0.25 0.34
0.94 1 0.25 0.63
1 0.86 0 0.42
0.93 0.91 1 0.64
0.93 0.84 0.67 0.5
1 0.44 0.8 0.61
0.68 0.6 0.67 0.64
1 1 1 0.66
0.9 0.25 1 0.59
0.88 0 0.4 0.5
0.67 0.2 1 0.64
0.72 0.43 0.75 0.5
0.94 0.84 0.75 0.75
1 1 0.75 0.5
0.95 0.86 0.67 0.25
0.89 0.5 0.8 0.63
0.9 0.34 0.75 0.57
0.95 0.6 0.75 0.57
0.79 0.84 1 0.67
0.75 0.58 0.75 0.55
0.89 0.58 0.6 0.57
0.99 0.63 0.67 0.53
0.94 0.86 0.67 0.55
1 1 1 0.55
1 0.75 1 0.53
1 0.67 0.75 0.61
1 0.15 0.8 0.57
0.88 0.5 1 0.55
1 0.86 0.67 0.57
0.9 0.84 0.75 0.59
0.94 0.86 0.8 0.59
0.95 0.59 0.75 0.64
0.9 0.5 0.6 0.63
1 0.8 0.8 0.52
0.77 0.8 0.4 0.57
0.59 0.86 1 0.65
0.96 0.6 0.6 0.57
1 0.5 0.67 0.45
0.93 0.84 0.75 0.53
0.93 0.84 0.78 0.45
0.94 0.67 0.67 0.57
0.93 0.6 0.67 0.29
1 0.86 0.8 0.57
0.85 0.86 0.75 0.53
1 0.9 0.75 0.63
0.95 0.72 0.75 0.75
0.87 0.67 0.75 0.61
0.91 0.6 0.8 0.57
0.57 0.91 0.75 0.66
0.67 0.58 0.6 0.5
0.67 0.63 0.6 0.57
0.96 0.67 0.67 0.42
0.95 0.67 0.75 0.6
0.8 0.84 0.75 0.52
0.67 0.84 0.75 0.75
0.84 0.37 0.75 0.57
0.95 0.4 0.75 0.66
0.48 1 0.58 0.6
0.2 0.86 0.67 0.57
0.29 0.86 0.67 0.59
0.91 0.75 0.75 0.63
0.88 1 0.75 0.63
0.93 0.84 1 0.57
0.88 0.86 0.75 0.63
0.94 1 0.75 0.61
1 0.8 0.75 0.64
0.94 0.43 0.8 0.59
0.92 0 0.75 0.42
0.48 0.63 0.8 0.45
0 0.67 0.75 0.57
0.53 0.5 0.8 0.59
0.95 0.93 0.8 0.57
1 0.8 1 0.55
0.93 1 0.25 0.57
0.99 0.84 1 0.25
0.93 0.58 0.6 0.67
0.95 0.12 0.67 0.49
0.47 0 0.8 0.5
0.47 0.67 1 0.5
0.95 0.84 1 0.59
0.89 0.67 1 0.55
0.94 0.29 1 0.53
0.95 0.5 0.75 0.59
0.88 0.84 1 0.55
0.86 0.67 0.75 0.48
1 0.6 1 0.5
0.95 0.84 0.67 0.55
0.67 0.58 0.8 0.55
0.69 0.29 0.8 0.64
0.9 0.38 0.6 0.48
0.67 0.67 0.6 0.53
1 0.75 1 0.5
0.99 0.1 0.75 0.57
1 0.86 0.75 0.45
0.72 0.86 0.75 0.5
0.72 0.75 0.8 0.63
0 1 1 0.52
0.95 0.86 0.75 0.37
0.91 0.5 0.75 0.59
0.89 0.63 1 0.57
0.94 0.86 0.5 0.59
1 0.91 1 0.55
0.94 0.58 1 0.52
0.94 0 1 0.53
0.95 0.67 1 0.3
0.89 0.86 0.75 0.63
1 0.84 0.75 0.43
1 0.4 1 0.65
0.91 0.4 0.75 0.64
0.94 0 0.6 0.57
1 0.88 1 0.59
0.74 0.86 0.75 0.48
0.67 0.86 0.6 0.61
1 1 0.6 0.61
0.95 0.5 0.75 0.57
1 0.5 0.75 0.5
1 0.8 0.6 0.53
0.47 0.84 0.75 0.55
0.71 0.86 0.6 0.48
0.89 0.72 1 0.57
0.97 0.84 0.8 0.5
0.67 0.86 0.75 0.55
0.84 0.75 0.75 0.34
0.86 0.72 0.75 0.42
0.9 0.38 0.6 0.57
0.95 0.6 0.67 0.57
0.94 1 0.72 0.53
0.94 0.84 0.75 0.5
0.93 0.64 0.84 0.59
0.79 0.2 0.75 0.57
0.99 0.88 1 0.57
0.78 1 0.6 0.5
0.87 0.8 1 0.59
0.95 0.58 0.67 0.55
1 0.56 1 0.53
0.78 0.75 0.75 0.45
1 1 0.75 0.63
0.94 0.88 1 0.52
0.89 1 1 0.63
0.89 0.72 0.75 0.57
0.94 0.86 0.75 0.5
0.86 0.84 0.8 0.59
0.95 0.6 0.75 0.53
-123456789 0.67 0.6 0.52
0.74 1 0.75 0.17
0.94 1 0.5 0.34
0.94 0.43 0.6 0.55
0.94 0.5 0.75 0.57
1 0 1 0.53
1 0.88 0.75 0.64
0.75 0.84 1 0.57
0.7 0.86 1 0.17
0.93 0.84 0.75 0.59
0.8 0.86 0.75 0.57
0.86 0.34 1 0.63
0.9 0.29 0.67 0.65
0.95 1 0.67 0.61
0.94 0.88 0.75 0.55
0.94 0.63 1 0.25
0.95 0.38 1 0.63
1 0.23 0.75 0.5
0.67 0.88 1 0.48
0.5 0.84 1 0.45
0 0.84 0.6 0.63
0.86 1 0.8 0.5
0.8 0.86 0.75 0.57
0.94 0.86 0.17 0.74
1 0.45 0.84 0.59
1 0.13 0.75 0.55
0.92 0 1 0.62
0.72 1 1 0.57
0.67 0.72 1 0.61
0.89 1 0.25 0.53
1 0.5 0.25 0.63
0.9 0.5 0.5 0.45
0.8 0.72 0.34 0.53
0 0.84 0.5 0.29
0.91 1 1 0.57
0.9 0.2 0.8 0.64
0.94 0 0.75 0.57
0.79 0 0.75 0.61
0.86 0.63 0.8 0.57
0.69 0 0.75 0.57
0.72 1 0.6 0.63
0.71 0.84 0.75 0.53
0.72 1 0.75 0.65
1 0.86 1 0.59
0.93 0.88 0.75 0.5
0.85 0.86 0.67 0.63
1 0.67 0.67 0.66
0.95 0.75 0.6 0.5
0.72 1 1 0.6
0.5 1 0.75 0.57
0.72 0.75 0.5 0.63
0.95 1 0.67 0.55
0.94 1 0.75 0.45
1 0.84 0.75 0.45
0.86 0.84 0.75 0.61
1 0.86 0.75 0.63
1 0.75 1 0.5
1 0.56 0.6 -1.23457e+08
0.67 0 0.8 -1.23457e+08
0.94 0.67 0.75 0.55
0.89 0.86 1 0.5
1 0.63 0.4 0.55
0.95 0.43 0.75 0.34
0.73 0.58 0.75 0.63
0.5 0.94 0.75 0.5
0.5 0.75 0.8 0.25
0.85 0.84 0.75 0.7
1 1 0.75 0.55
0.85 1 1 0.57
0.89 0.86 1 0.53
0.8 0.5 0.6 0.61
1 0.67 0.6 0.64
0.58 1 0.75 0.57
0.8 0.93 0.8 0.57
0.34 0.86 0.4 0.5
0.89 0.5 1 0.54
0.89 0.5 0.75 0.5
1 0.84 1 0.53
0.93 0.88 0.67 0.63
0.74 0.75 0.8 0.53
0.95 0.5 1 0.75
0.91 0.58 1 0.55
1 0.78 0.25 0.57
1 1 0.25 0.65
1 0.5 0.25 0.57
0.94 0.56 0.25 0.59
0.5 0 0 0.57
0.34 0.89 0.8 0.57
0 0.88 0.5 0.45
0.95 0.84 0.6 0.55
0.88 0.67 0.67 0.62
1 0.67 1 0.39
0.95 0.67 0.75 0.59
0.95 1 0.75 0.45
0.9 0.75 0.75 0.59
1 0.8 1 0.61
1 0.5 0.75 0.53
0.94 0.67 0.67 0.57
0.88 1 0.75 0.47
0.4 1 0.6 0.47
0.24 0.5 0.75 0.42
0.9 0.6 1 0.64
0.86 1 0.4 0.45
1 0.86 0.2 0.55
0.86 0.8 0.2 0.57
1 0.84 0.4 0.57
0.82 1 0 0.61
0.94 1 0.75 0.53
1 1 1 0.57
0.93 0.72 0.6 0.5
0.86 0.8 0.6 0.55
0.99 0.6 0.75 0.64
0.92 0 1 0.39
0.94 0.5 0.84 0.53
1 1 1 0.5
0.69 0.86 1 0.45
0.5 1 0.67 0.52
0.91 0.3 0.75 0.52
0.89 0 0.75 0.4
0.93 0 0.67 0.57
1 0.84 0.6 0.45
1 0.6 0.6 0.63
0.9 0.5 0.75 0.42
0.75 1 1 0.57
0.62 1 1 0.57
1 0.63 0.6 0.55
0.95 1 0.75 0.59
0.63 0.86 0.5 0.63
0.82 0.43 0.75 0.48
0.93 0.5 0.67 0.4
0.94 0.75 1 0.55
0.95 0.86 1 0.5
1 0.78 1 0.42
0.95 1 0.67 0.5
1 1 0.67 0.57
1 1 0.75 0.37
0.93 0.86 0.75 0.55
1 1 0.5 0.63
0.94 1 0.75 0.52
0.93 1 1 0.5
0.93 0.84 0.86 0.57
0.84 0.84 1 0.59
0.86 0.75 1 0.49
0.89 0.5 0.75 0.5
0.94 0.45 0.6 0.5
0.93 0.58 0.5 0.57
0.45 1 0.75 0.59
0.7 1 0.5 0.47
1 0.72 1 0.63
0.95 0.84 1 0.59
0.72 0.67 0.5 0.5
0 0.43 1 0.5
0.88 0.58 0.75 0.64
0.94 0.86 0.75 0.55
0.94 0.84 0.75 0.34
0.95 0.78 0.4 0.5
0.95 0.72 0.5 0.59
0.82 0.86 1 0.61
0.92 1 0.67 0.61
1 0.84 0.75 0.5
0.94 0.86 0.6 0.61
0.93 1 1 0.57
1 0.86 1 0.63
0.67 0.67 0.6 0.62
0.89 0.67 1 0.5
0.88 0 0.84 0.47
0.5 1 0.5 0.57
0.7 1 0.75 0.39
1 0.86 1 0.57
0.92 0.86 0.5 0.63
0.87 1 1 0.5
0.88 0.67 0.75 0.37
0.95 0.75 0.75 0.64
0.82 0.6 1 0.61
0.93 0.84 0.6 0.63
1 0.75 0.75 0.57
0.94 1 0.67 0.59
1 0.84 0.67 0.63
1 0.84 1 0.53
0.9 0.86 0.75 0.57
0.87 0.8 1 0.57
0.99 0.67 0.6 0.45
0.87 0.84 0.75 0.55
0.95 1 0.6 0.59
1 0.84 0.75 0.42
0.95 0.86 1 0.5
0.86 0.63 1 0.53
0.86 0.5 0.75 0.65
0.94 0 0.6 0.59
0.63 1 1 0.34
0.74 0.86 0.6 0.75
-123456789 0.72 0.67 0.53
0.88 0.17 0.75 0.59
0.95 0.58 0.5 0.57
0.89 0.84 0.67 0.57
0.93 0.84 1 0.45
0.93 0.84 1 0.55
0.92 0.84 1 0.48
0.75 0.67 0.75 0.57
0.94 0.63 0.5 0.45
0.93 0.5 0.75 0.63
0.93 1 1 0.45
0.99 0.89 0.75 0.48
1 0.86 0.67 0.66
0.93 1 0.75 0.57
0.94 0.88 0.75 0.57
0.94 1 0.75 0.42
0.94 0.38 0.75 0.55
0.88 0.38 0.67 0.63
0.95 0.88 0.75 0.5
0.67 0.84 0.5 0.59
0.78 0.7 0.6 0.71
0.95 0.84 0.75 0.5
0.92 0.58 0.4 0.55
0.95 0.29 0.75 0.66
0.73 0.86 0.6 0.65
0 0.88 1 0.55
1 0.34 0.6 0.53
0.91 0 1 0.57
1 0.84 0.75 0.59
0.94 0.84 0.6 0.61
0.87 0.92 0.75 0.66
0.89 0.58 0.8 0.42
0.67 0.43 0.86 0.34
0.72 0.72 0.5 0.63
0.95 0.84 0.75 0.42
1 1 0.8 0.55
0.99 0.64 0.67 0.57
0.87 0.5 0.5 0.63
0.78 0.86 0.89 0.61
0.72 1 0.6 0.64
1 0.63 1 0.3
0.83 0.5 0.75 0.35
1 0.63 0.75 0.48
0.75 0.9 1 0.45
0 0.84 0.75 0.61
0.54 0.86 1 0.61
0.71 1 0.5 0.57
0.82 1 1 0.57
1 0.6 0.75 0.5
1 0.63 1 0.63
0.7 0 0.5 0.57
0 0.75 1 0.55
1 1 0.75 0.48
0.86 0.84 0.67 0.53
0.94 1 0.75 0.57
1 0.84 0.75 0.47
1 0.72 0.4 0.57
0.94 0.86 1 0.59
0.95 0.88 0.67 0.59
0.94 0.84 0.5 0.42
1 0.86 1 0.63
0.94 1 1 0.59
1 0.67 1 0.59
1 0.86 0.6 0.34
0.99 0.8 0.75 0.61
0.86 0.63 1 0.53
0.7 0.58 0.88 0.53
1 1 0.6 0.55
0.7 0.75 0.6 0.61
1 0.84 0.75 0.55
0.95 0.58 0.75 0.52
0.94 0.29 0.75 0.63
0.89 0.56 0.84 0.5
0.7 0.84 0.67 0.44
0 1 0.8 0.57
1 0.72 0.8 0.48
0.95 0.58 0.6 0.61
0.95 1 1 0.38
0.89 0.75 1 0.57
0.95 0.56 0.75 0.55
0.74 0.6 1 0.57
1 0.84 0.25 0.39
1 0.84 0.25 0.63
0.94 1 0.34 0.48
0.88 0.67 0.5 0.34
0.9 0.58 0 0.55
0.93 0.84 0.75 0.57
0.94 1 1 0.57
0.87 0.63 0.6 0.57
0.95 0.67 1 0.5
0.93 0.5 0.5 0.39
0.93 0.88 0.75 0.5
1 1 1 0.57
0.93 0.45 1 0.59
0.95 0.5 0.67 0.55
0.83 0.92 0.75 0.55
0.93 0.84 1 0.63
0.9 1 1 0.63
0.72 0.86 0.8 0.66
0.95 0.58 0.6 0.65
0.95 0.8 0.6 0.57
1 1 0.67 0.59
0.9 0.72 1 0.52
1 0.58 1 0.59
0.59 0.67 0.75 0.52
0.67 0.86 1 0.75
0.94 0.5 1 0.59
0.95 0.34 0.67 0.5
0.93 0 0.67 0.61
1 1 0.75 0.59
0.93 0.84 1 0.52
0.93 0.84 1 0.64
0.9 0.34 0.67 0.55
0.95 0.29 1 0.59
0.69 0.5 0.75 0.15
0.8 0.86 0.4 0.63
0.45 0.86 0.67 0.57
0.91 0.84 1 0.55
1 1 1 0.57
0.94 0.88 0.6 0.38
0.89 0.84 0.88 0.45
0.95 0.86 0.67 0.5
0.89 0.86 0.34 0.64
0.93 1 0.4 0.64
0.88 0.58 0.75 0.57
0.65 0.5 0.75 0.34
1 0.58 0.75 0.75
1 0.8 1 0.47
0.95 0.88 0.75 0.57
0.93 0.84 1 0.39
0.93 0.86 1 0.63
0.89 0.9 0.75 0.55
0.91 0.8 0.75 0.55
0.93 1 0.5 0.75
0.93 0.63 0.75 0.61
0.93 0.5 0.75 0.57
0.7 0 0.75 0.57
0.75 0.86 0.5 0.48
1 0.67 0.75 0.57
0.9 0.6 0.75 0.5
0.94 0 0.67 0.57
0.77 1 0.75 0.61
0.84 0.63 1 0.31
0.91 0.5 0.75 0.45
1 0.8 0.75 0.39
0.88 0.67 0.75 0.59
0.91 0.72 0.75 0.45
0.88 0 1 0.52
0.93 0.88 0.75 0.45
0.95 1 0.75 0.64
1 0.84 0.6 0.5
0.89 0.86 0.75 0.57
0.89 0.84 1 0.53
0.94 0.86 1 0.47
0.93 0.84 0.75 0.6
0.89 0.86 0.75 0.57
0.88 0.58 0.75 0.65
0.92 0.58 0.4 0.37
0.93 0.67 0.75 0.57
0.93 0.84 0.6 0.42
1 0.84 0.75 0.55
0.87 0.67 0.75 0.55
0.94 0.84 0.75 0.75
0.92 0.67 0.6 -123456789
-123456789 0.93 1 0.57
0.5 0.86 1 0.55
0.74 0.86 0.67 0.61
0.9 0.84 0.5 0.63
1 0.86 0.75 0.5
0.93 0.86 0.75 0.63
0.88 0.67 1 0.48
1 0.6 0.75 0.64
1 0.72 1 0.47
0.94 1 0.75 0.5
1 1 1 0.57
0.88 0.86 0.75 0.55
0.88 0.38 1 0.65
1 0.43 0.75 0.61
0.93 0.8 0.5 0.61
1 0.88 0.75 0.52
1 0.58 0.75 0.35
0.86 0.5 0.75 0.45
0.69 0.75 0.8 0.52
0.4 0.84 0.6 0.57
0.72 0.86 0.75 0.5
0.95 0.84 0.6 0.61
1 0.84 0.75 0.57
0.9 0.75 1 0.5
0.85 0.86 0.75 0.66
0.77 0.8 1 0.61
0.94 0.78 0.8 0.5
0.95 0.58 1 0.48
1 0.5 0.8 0.57
0.94 0.8 0.75 0.5
0.86 0.63 1 0.67
1 0.38 0.75 0.61
0.73 0.25 0.6 0.5
0.67 0.72 0.75 0.37
0 0.84 0.75 0.4
0.88 1 1 0.5
0.94 0.84 0.75 0.48
1 1 0.5 0.57
0.97 0.67 0.75 0.6
0.91 0.58 1 0.57
0.99 1 0.67 0.63
1 0.72 1 0.59
0.88 0.34 0.75 0.59
0.94 0.34 1 0.45
0.94 1 0.5 0.59
0.94 0.86 0.6 0.4
1 0.6 1 0.29
0.94 0.45 1 0.53
0.67 0.5 0.75 0.65
0.73 0.86 0.5 0.55
0.89 1 0 0.57
0.95 0.84 0 0.57
0.94 1 0 0.57
0.95 0.88 0 0.63
0.92 0.88 0.58 0.53
0.94 0.89 0.75 0.59
0.86 0.6 0.67 0.53
0.87 1 0.75 0.59
0.96 1 0.75 0.57
0.88 0.58 0.75 0.45
0.9 0.72 1 0.64
0.93 0.92 0.34 0.48
0.67 0.5 0.25 0.42
0.75 0.72 0.34 0.57
0.95 0.75 0.67 0.72
0.89 0.67 0.75 0.45
0.67 0.6 0.75 0.55
0.72 1 1 0.57
0.94 0.8 0.8 0.63
0.92 1 0.75 0.75
0.94 1 0.75 0.52
0.77 0.84 0.75 0.53
0.88 0.67 0.6 0.63
0.93 1 0.67 0.59
0.74 1 0.75 0.57
0.93 1 0.75 0.57
0.93 0.9 0.5 0.69
0.89 0.75 1 0.61
1 0.72 0.75 0.19
0.85 0.34 1 0.65
0.77 0 1 0.57
0.73 0.84 0.75 0.47
0.94 0.84 0.6 0.57
0.8 1 0.86 0.5
0.94 1 0.75 0.63
0.95 0.75 0.6 0.66
0.93 1 1 0.57
0.94 0.63 0.75 0.57
0.94 1 1 0.75
0.67 1 0.84 0.55
1 0.63 0.8 0.64
1 0.86 0.8 0.42
0.94 1 1 0.48
0.93 0.86 0.6 0.57
0.88 0.63 0.67 0.64
1 0.45 0.67 0.6
0.29 0.58 0.75 0.57
0 0.72 0.5 0.39
0.15 1 0.75 0.57
0.95 0.43 0.67 0.5
0.98 0.88 0.6 0.57
0.47 0.88 0.75 0.5
0 0.5 0.8 0.54
1 0.6 0.5 0.57
1 0.67 0.75 0.57
0.94 0.86 0.75 0.57
0.91 0.84 0.6 0.57
0.94 0.86 0.67 0.63
1 0.84 0.75 0.48
0.9 0.84 1 0.42
0.94 0.2 0.67 0.53
0.93 0.29 0.75 0.57
1 0.88 1 0.52
1 0.8 0.75 0.45
0.95 1 0.6 0.55
0.94 0.86 0.75 0.57
0.89 0.67 0.86 0.57
0.63 0.13 0.5 0.55
0.43 0.13 0.75 0.35
0.44 0 0.75 0.57
0.73 1 0.67 0.5
0.94 1 1 0.63
0.89 0.86 0.75 0.55
0.86 0.78 0.75 0.65
0.93 0.91 0.8 0.55
0.93 0.67 0.5 0.57
0.9 0.86 0.67 0.55
0.98 0 0.5 0.75
0.93 0.86 0.75 0.57
0.89 0.75 1 0.57
-123456789 0.54 0.75 0.5
0.89 0.88 0.75 0.64
1 0.43 0.75 0.57
0.94 0.34 0.67 0.57
1 1 0.67 0.45
1 0.84 0.75 0.47
0.89 0.67 1 0.4
0.95 0.25 0.75 0.63
0.88 0.38 0.75 0.45
0.69 0.86 0.75 0.48
1 0.67 1 0.57
0.95 0.72 0.6 0.65
1 1 0.75 0.5
1 1 1 0.5
0.88 0.84 0.8 0.55
1 0.75 0.75 0.52
1 0.84 0.67 0.75
1 0.84 1 0.47
0.91 1 1 0.37
1 1 0.6 0.53
0.94 0.63 0.75 0.3
0.95 0.5 1 0.63
0.95 0.84 1 0.57
0.72 0.88 0.75 0.55
0.82 0.67 0.5 0.57
0.95 0.5 0.75 0.57
0.94 0.86 0.75 0.45
1 0.86 1 0.57
0.95 0.4 0.5 0.48
1 0.88 0.67 0.55
1 0.8 0.75 0.61
1 0.86 0.72 0.5
0.94 0.72 0.4 0.57
0.93 0.75 1 0.5
1 0.84 0.67 0.53
0.69 0.84 0.5 0.38
0.93 1 0.75 0.55
1 0.5 0.5 0.25
0.94 0.84 0.75 0.53
0.94 0.84 0.75 0.5
0.88 0.56 0.6 0.5
1 0.56 0.6 0.53
0.75 0.63 1 0.52
0.91 0.86 0.67 0.42
0.95 1 1 0.57
0.94 0.84 1 0.55
0.93 0.84 0.6 0.63
0.86 0.78 0.67 0.59
0.99 0.65 0.75 0.5
0.95 0 1 0.57
0.93 0.89 0.75 0.48
0.69 0.8 0.75 0.65
0.95 0.5 0.8 0.57
0.88 0.75 1 0.63
0.94 1 0.67 0.75
0.94 0.86 0.75 0.52
0.9 0.67 1 0.55
0.9 0.89 1 0.5
0.9 0.45 0.67 0.5
0.75 0.58 0.75 0.57
0.93 0 1 0.34
0.8 0.75 0.34 0.5
0.94 0.75 0.4 0.64
0.94 0.84 0.34 0.48
0.94 1 0.4 0.61
0.93 0.72 0.34 0.57
0.88 1 0.4 0.5
0.78 0.58 1 0.45
0.95 0.34 0.5 0.57
0.69 0.75 0.75 0.57
0.63 0.86 0.75 0.52
0.93 0.84 1 0.55
1 0.75 0.75 0.61
0.93 0.56 0.84 0.45
1 0.58 0.75 0.59
0.95 0.72 0.75 0.25
1 0.84 1 0.55
0.89 0.86 1 0.52
0.83 0.67 0.67 0.34
1 0.5 1 0.61
0.89 0.56 0.6 0.45
0.77 0.67 0.67 0.57
0.82 0.78 0.75 0.57
1 0.58 0.67 0.48
1 0 0.75 0.57
1 0.88 1 0.5
0.93 0.86 0.67 0.48
0.93 0.84 0.75 0.64
0.9 0.86 0.6 0.57
1 0.58 1 0.57
1 0.17 1 0.48
1 0 0.5 0.48
0.94 0.84 0.6 0.5
0.95 0.84 1 0.45
1 0.8 0.5 0.61
0.88 0.84 1 0.5
0.84 0.7 0.75 0.59
1 0.58 0.75 0.55
1 0.6 0.6 0.53
0.94 0.78 0.75 0.59
0.75 1 0.8 0.59
0 0.67 1 0.64
1 0.88 0.8 0.48
0.94 0.86 0.2 0.29
0.95 0.72 0.25 0.42
0.89 0 0 0.59
0.8 0 0.25 0.6
0.48 0.5 0.75 0.34
0.72 1 1 0.63
0.93 0.63 0.89 0.57
1 0.4 0.75 0.57
1 0.34 0.78 0.57
0.93 1 0.67 0.61
0.88 0.67 0.67 0.63
1 0.5 0.75 0.12
0.67 0.2 1 0.63
0.74 1 0.8 0.33
0.75 0.86 1 0.5
0.95 1 1 0.57
0.95 0.88 0.75 0.45
0.63 0.29 0.75 0.57
0.94 0.25 1 0.57
0.92 0 1 0.68
0.75 1 0.67 0.6
0.58 0.86 0.84 0.55
0.45 0.38 1 0.52
0.78 0.34 0.4 0.25
1 1 0.34 0.57
0.91 0.75 0.34 0.57
1 0.67 0.34 0.5
0.71 0.5 0.25 0.54
0.72 1 0.75 0.55
1 0.86 0.6 0.59
0.95 0.4 0.67 0.57
0.88 0 1 0.59
0.69 0.72 1 0.47
0.9 0.5 0.4 0.59
0.96 0.63 0 0.57
0.74 0.8 0 0.59
0.91 0.86 0 0.63
1 0.86 0 0.5
1 1 0.75 0.57
0.94 0.86 0.6 0.17
0.92 0.86 0.84 0.59
1 0.43 0.8 0.67
0.72 0.15 0.6 0.6
0.3 0.86 1 0.57
0.89 0.78 0.8 0.59
0.93 0.4 0.75 0.62
0.94 0 1 0.5
1 0.72 0.6 0.63
0.95 0.88 1 0.29
1 1 0.8 0.61
0.77 1 0.75 0.52
0.95 0.58 0.5 0.57
0.89 0.67 0.6 0.57
1 0.84 0.75 0.39
0.9 0.58 0.8 0.63
1 0.5 0.75 0.55
1 0.67 0.75 0.53
0.5 0.84 0.75 0.63
0.7 0.72 0.75 0.59
0 0.84 1 0.54
0.8 0.34 0.8 0.59
0.95 0.2 1 0.59
0.67 0 0.6 0.55
0.73 1 0.75 0.63
0.8 1 0.96 0.61
1 1 0.5 0.65
0.96 0.94 1 0.48
1 0.86 0.93 0.53
0.9 0.34 0.75 0.57
1 0.38 1 0.61
1 0 1 0.61
1 1 1 0.5
0.97 0.63 1 0.59
0.96 0.63 0.87 0.55
0.7 0 0.75 0.55
0.86 0.86 1 0.53
0.74 0.84 0.67 0.6
0.94 0.86 0.63 0.48
0.96 0.84 1 0.37
0.94 0.84 0.75 0.64
0.89 0.88 0.75 0.63
0.97 0.55 0.89 0.55
0.95 0.63 1 0.54
0.74 0.67 1 0.52
0.85 1 0.5 0.53
1 1 1 0.59
0.94 0.86 1 0.6
0.96 0.58 1 0.61
0.88 0.59 1 0.59
0.98 0.84 0.67 0.68
0.94 0.82 0.48 0.59
0.99 0.34 0.8 0.61
1 0.56 1 0.64
0.73 0.6 0.72 0.61
0.75 0.84 0.9 0.64
1 0.58 0.67 0.42
0.96 0.56 1 0.48
0.95 1 0.8 0.5
0.95 0.56 0.98 0.39
0.92 0.86 0.99 0.59
-123456789 0.86 -123456789 0.65
-123456789 0.86 -123456789 0.65
-123456789 0.62 -123456789 0.6
-123456789 0.78 0.98 0.54
0.93 0.63 0.94 0.63
0.94 0.75 0.94 0.54
0.99 0 0.97 0.6
0.57 0.85 -123456789 0.65
1 0.78 0.58 0.61
0.97 0.5 0.93 0.59
0.75 0.88 0.9 0.45
0.22 0.86 0.88 0.57
0.48 1 0.93 0.47
0.08 1 0.72 0.39
1 0.63 0.8 0.61
0.95 0.58 1 0.5
1 0.88 0.82 0.25
0.5 1 1 0.63
0.73 0.67 1 0.4
0.96 0.38 1 0.55
0.96 0.4 1 0.57
0.95 0.86 0.5 0.57
1 0.84 0.75 0.48
0.98 0.8 0.75 0.45
0.96 0.84 1 0.63
0.93 0.84 0.93 0.45
1 0.84 1 0.63
0.95 0.55 0.6 0.52
0.94 0.58 0.8 0.59
-123456789 0.93 1 0.57
0.95 0.5 0.75 0.5
1 1 0.75 0.57
0.84 0.63 1 0.57
0.8 0.67 0.75 0.64
1 0.78 0.5 0.57
1 0.84 0.34 0.75
0.93 1 0.45 0.63
0.95 1 0 0.5
0.95 0.58 1 0.42
0.95 0.72 0.8 0.52
0.71 0.5 0.6 0.57
0.75 0.58 1 0.6
0.94 0.88 0.5 0.63
0.89 0.84 0.75 0.42
0.91 0.75 0.75 0.59
0.98 0.38 0.84 0.14
0.93 0.4 1 0.59
0.84 0.88 0.48 0.39
-123456789 0.65 0.2 0.64
0.88 0 1 0.63
0.95 1 1 0.53
0.94 0.84 0.84 0.5
0.96 0.78 0.89 0.53
0.94 0.84 0.75 0.61
0.95 1 0.67 0.57
0.91 0.86 1 0.5
0.94 0.58 0.75 0.5
0.95 0.34 1 0.5
0.95 0.67 0.8 0.59
0.72 1 0.9 0.55
0.79 1 0.8 0.57
0.9 0.84 0.6 0.57
0.97 0.2 1 0.45
0.96 0.9 1 0.29
-123456789 0.93 0.34 0.61
0.93 0.8 0.25 0.63
0.93 0.75 0.25 0.57
0.94 0.84 0.75 0.55
0.95 0.63 0.4 0.61
0.87 0.63 0.6 0.07
0.63 0.84 0.67 0.59
0.67 0.89 0.75 0.48
0 0.84 0.8 0.55
0.94 0.63 1 0.59
1 0.89 0.8 0.42
0.74 0.84 0.75 0.63
1 0.86 0.75 0.42
0.9 0.8 0.75 0.57
0.89 1 1 0.63
1 0.5 1 0.55
0.93 0.15 0.75 0.57
0.91 0.6 0.67 0.54
1 0.89 0.96 0.57
0.95 0.84 0.73 0.59
0.96 1 0.8 0.59
0.95 1 0.9 0.61
0.97 0.67 0.92 0.58
0.7 0.67 0.75 0.59
0.5 1 0.75 0.57
0.04 0.58 0.89 0.62
0.98 0 1 0.56
0.96 1 0.75 0.6
1 1 0.6 0.5
1 1 0.75 0.47
1 0.72 0.91 0.65
0.97 0.86 0.94 0.63
0.68 0.91 0.85 0.45
0.75 0.75 0.6 0.63
1 0.78 1 0.57
0.95 0.72 0.75 0.45
1 0 0.89 0.61
0.97 0 0.6 0.63
0.75 0.72 0.84 0.63
1 0.86 1 0.61
0.91 0.56 0.6 0.64
1 0.9 0.93 0.63
0.74 0.88 0.91 0.59
1 0.56 0.94 0.52
0.98 0.67 1 0.42
0.5 0.88 0.77 0.57
0.46 0.86 0.95 0.57
0 0.84 0.92 0.75
0.87 0.78 -123456789 0.57
0.95 0 0.9 0.63
1 0.88 1 0.57
0.74 0.86 0.6 0.45
0.92 0.5 0.75 0.57
0.86 0.88 1 0.6
0.49 0.84 0.89 0.19
0.84 0.5 0.84 0.61
0.67 0.43 0.75 0.59
0.74 0.45 1 0.57
1 1 0.75 0.45
0.89 0.56 0.75 0.68
0.96 0.17 0.8 0.65
0.71 0 1 0.59
0.65 1 0.67 0.65
0 0.72 0.8 0.57
1 0.8 0.84 0.53
1 0.91 0.8 0.25
1 0.86 0.75 0.57
0.93 0.75 0.75 0.57
0.72 0.84 0.9 0.55
1 0.63 0.75 0.53
0.94 0.5 0.5 0.57
0.96 0 0.84 0.59
0.75 0.72 0.78 0.55
1 1 0.75 0.5
0.89 0.67 0.75 0.59
0.89 0.4 0.75 0.63
0.74 0.34 0.75 0.61
0.78 0.86 0.75 0.59
0.7 0.88 0.6 0.53
0.24 0.84 0.75 0.57
0.97 0.29 0.75 0.57
1 0.15 0.89 0.63
0.88 0.84 1 0.53
0.92 0.86 1 0.55
0.93 0.86 0.75 0.3
0.85 0.84 0.75 0.63
0.93 0.6 0.4 0.57
0.86 1 0.75 0.64
0.7 0.84 0.67 0.63
0 0.84 0.75 0.63
1 0.9 0.6 0.45
0.9 0.58 0.75 0.57
0.88 0.63 1 0.59
0.67 0.86 0.67 0.57
0 0.84 0.6 0.35
1 1 1 0.48
0.95 1 0.8 0.57
1 0.75 1 0.57
1 0.56 1 0.5
1 0.6 0.75 -123456789
-123456789 0.86 0.5 0.59
0.94 1 0.75 0.57
0.99 0 0.75 0.57
0.94 0.63 0.75 0.53
0.84 0.88 0.75 0.63
1 1 0.67 0.34
0.93 1 0.75 0.59
0.87 0.85 0.67 0.53
0.89 1 0.75 0.55
0.88 0.29 0.6 0.57
0.94 0 0.6 0.5
0.92 0.86 1 0.61
0.94 1 0.75 0.55
1 0.86 1 0.42
0.89 0.84 0.5 0.61
1 0.84 0.6 0.5
0.87 0.84 0.75 0.59
0.88 0.5 1 0.57
0.92 0.5 0.84 0.64
0.75 0 1 0.59
0.74 1 0.67 0.64
0.74 1 1 0.5
0.93 0.84 0.6 0.35
0.88 1 0.75 0.55
0.94 0.84 1 0.57
1 0.84 1 0.48
0.95 0.84 1 0.52
0.93 1 0.75 0.48
0.95 0.84 1 0.57
0.92 0.84 0.75 0.61
0.94 0.84 0.75 0.57
0.94 0.67 1 0.39
1 0.67 0.75 0.47
0.97 0.78 0.25 0.64
0.67 0.72 0.2 0.57
0.93 0.84 0.25 0.57
0.92 0.84 1 0.53
0.95 0.6 0.75 0.59
0.95 0.67 0.75 0.59
0.72 1 1 0.57
0.75 0.7 0.8 0.55
0.93 0.56 0.75 0.59
0.95 0.43 0.8 0.15
0.74 0 0.75 0.59
0.24 1 1 0.57
0.42 0.91 1 0.5
0 0.86 0.8 0.65
0.77 0.34 0.75 0.57
0.67 0.17 0.75 0.5
0.48 0.89 0.75 0.5
0.9 0.79 0.25 0.45
0.96 0.38 0.4 0.55
0.89 0 0 0.45
0.75 0.84 0.75 0.57
0.18 1 0.67 0.57
0.86 0.58 1 0.55
0.95 0.58 1 0.5
1 0.58 0.5 0.55
0.92 1 1 0.63
0.67 1 0.75 0.42
0.85 0.67 1 0.52
0.9 0.67 0.75 0.57
0.94 0.6 0.75 0.65
-123456789 0.91 0.8 0.5
0.75 0.75 1 0.63
0.78 1 0.75 0.57
1 0.88 0.75 0.6
0.95 0.4 0.75 0.57
0.94 0.43 0.84 0.57
0.67 0.8 0.75 0.57
0.72 0.86 0.8 0.55
0.94 0.6 0.6 0.57
1 0.86 0.75 0.55
0.72 0.72 0.75 0.5
0 0.75 0.6 0.52
1 0.29 0.75 0.45
0.89 0.34 0.5 0.57
0.95 0.58 0.75 0.45
1 0.86 0.75 0.57
0.5 0.86 0.75 0.48
0.5 0.86 0.75 0.57
0.72 1 0.8 0.57
0.95 0.88 0.6 0.22
1 0.84 0.5 0.61
0.89 0.84 0.6 0.64
0.98 0.17 0.75 0.59
0.94 0.34 0.75 0.55
1 0 0.6 0.57
0.86 0.93 0.8 0.29
0.6 0.84 0.75 0.55
0.47 0.88 0.6 0.48
0.1 1 0.75 0.05
1 0.34 0.4 0.61
0.95 0.4 0.75 0.5
0.93 0 1 0.55
1 1 1 0.75
0.88 1 0.5 0.63
0.88 0.43 0.6 0.57
0.93 0 1 0.57
0.94 0.84 0.5 0.63
0.89 0.75 0.67 0.63
1 0.86 0.5 0.55
1 0.84 0.75 0.57
0.9 0.89 0.6 0.54
0.9 0.5 0.5 0.45
0.89 0.34 0.75 0.57
0.89 0.58 0.67 0.55
0.56 1 1 0.57
0.73 0.86 0.75 0.57
0.94 0.86 1 0.64
0.93 0.86 1 0.34
0.95 0.6 0.5 0.61
1 0.6 0.72 0.61
0.67 0.9 0.58 0.57
0.22 0.75 1 0.55
0.42 0.86 0.75 0.55
-123456789 1 0.75 0.64
0.95 0.88 0.67 0.5
0.89 0.34 1 0.52
1 0.2 0.75 0.29
0.75 0.86 1 0.63
0.65 0.86 0.75 0.57
1 1 0.6 0.5
0.94 0.84 0.75 0.55
0.9 0.63 0.75 0.53
1 0.58 1 0.53
1 0.29 0.86 0.55
0.69 0.86 0.75 0.63
0.75 0.8 0.75 0.6
0.95 0.12 0.6 0.52
0.87 0 0.5 0.5
1 0.38 0.5 0.63
0.71 0.67 0.5 0.75
1 0.84 0.5 0.48
0.82 0.72 0.75 0.34
1 0.34 0.75 0.57
0.93 0 0.8 0.57
1 1 0.6 0.57
0.8 0.86 0.75 0.66
0.8 0.63 1 0.42
0.88 0.63 0.5 0.63
0.89 0.9 0.34 0.55
0.93 0.88 0.29 0.57
0.93 0.72 0 0.59
0.9 0.5 0.6 0.59
0.94 0.58 0.6 0.47
0.88 1 1 0.57
0.94 0.84 1 0.59
0.95 0.86 0.8 0.5
1 0.38 1 0.55
0.93 0.3 1 0.68
0.93 0.75 0.75 0.5
0.91 0.86 0.6 0.66
0.86 0.86 0.75 0.42
0.64 1 0.8 0.6
0 0.5 0.8 0.6
1 0.43 0.6 0.5
0.93 0.6 0.5 0.39
0.93 0 0.75 0.64
0.6 0.84 0.75 0.59
0.73 0.84 1 0.64
0.94 1 0.6 0.67
1 1 0.75 0.48
0.95 0.58 0.6 0.64
0.94 1 0.75 0.48
0.89 0.55 0.75 0.59
0.86 0.34 0.88 0.55
0.74 0.6 0.75 0.3
0.94 0.75 0.6 0.65
0.95 0.6 0.75 0.57
0.44 0.29 0.75 0.4
0.17 0.6 1 0.45
0 1 0.25 0.52
0.99 0.23 0.75 0.61
1 0 0.5 0.55
1 0.86 1 0.45
0.5 0.84 0.84 0.57
0.91 0.86 0.72 0.57
0.74 0.5 1 0.57
1 0.58 0.4 0.57
1 1 0.25 0.5
0.72 0.58 0.4 0.59
0.72 0.6 0 0.39
0.67 0.67 0.5 0.42
0.87 0.86 0.75 0.59
1 0.72 0.75 0.3
0.89 0.72 0.8 0.57
0.75 1 0.67 0.57
0 0.75 0.6 0.5
0.93 0.67 0.75 0.5
0.75 0.67 0.67 0.63
0.71 0.72 1 0.6
0.89 1 0.5 0.42
1 1 0.4 0.64
1 0.89 1 0.75
0.95 0.6 0.6 0.57
0.8 0.72 0.75 0.35
0.69 0.78 1 0.63
0.27 0.56 0.84 0.61
0.92 0.43 0.75 0.62
1 0.84 0.67 0.45
0.89 0.6 0.34 0.57
0.95 0.82 1 0.57
0.69 1 0.6 0.45
0.71 0.86 1 0.5
0.9 0.8 0.75 0.64
0.94 1 0.8 0.59
0.93 0.64 0.67 0.5
0.95 0.34 0.67 0.59
0.88 0.86 0.75 0.57
1 0.88 1 0.61
0.94 0.85 0.5 0.63
1 0.8 0.67 0.48
1 0.78 1 0.15
0.74 1 0.5 0.61
0.78 0.86 0.67 0.57
0.93 0.75 1 0.5
0.9 0.63 0.58 0.47
0.47 0.6 0.9 0.59
0.95 1 1 0.55
0.89 0.88 0.67 0.39
1 0.6 0.8 0.59
0.99 0.86 0.75 0.57
0.91 0.88 0.75 0.57
1 0.84 0.8 0.55
1 1 0.6 0.59
0.67 0.6 0.67 0.57
0.91 1 0.67 0.55
0.94 0.67 0.75 0.57
0.94 0.56 0.6 0.45
0.85 1 0.75 0.57
0.84 1 0.75 0.59
0.87 0.56 1 0.5
0.87 0 0.75 0.61
1 1 0.67 0.69
0.87 1 1 0.5
0.85 0.67 0.8 0.25
0.9 0.29 0.75 0.61
0.94 0.67 1 0.52
1 0.84 0.67 0.5
0.84 0.67 1 0.55
0.93 0.23 0.5 0.61
0.93 0.34 0.75 0.57
0.93 1 0.6 0.48
0.74 0.72 0.6 0.59
0.94 0.86 0.75 0.57
0.88 0.63 1 0.55
0.94 0.15 0.5 0.45
0.88 0.34 0.84 0.63
0.9 1 0.75 0.59
0.93 0.84 0.75 0.5
0.89 0.88 1 0.57
1 0.5 0.6 0.57
0.87 0.5 0.75 0.57
0.91 0.88 1 0.55
0.74 0.84 0.75 0.59
0.46 1 1 0.65
1 0.84 0.6 0.25
0.95 1 0.75 0.45
0.9 0.5 0.67 0.57
0.95 0.62 1 0.48
0.74 0.5 0.75 0.42
0.95 0.88 0.58 0.5
0.72 0.84 0.6 0.59
0 1 1 0.47
0.93 0.67 0.75 0.55
0.94 0.86 0.75 0.55
1 0.84 0.5 0.57
0.94 0.86 0.75 0.48
0.95 0.5 1 0.35
1 0.58 0.75 0.5
0.93 1 1 0.39
0.95 0.8 0.6 0.35
0.89 1 0.75 0.61
0.95 0.86 0.75 0.61
0.94 0.62 0.6 0.5
1 0.43 0.75 0.55
0.94 0.75 1 0.55
0.95 0.72 1 0.57
0.94 0.84 0.75 0.65
1 1 0.5 0.55
0.89 0.67 0.67 0.61
0.75 0.58 1 0.47
0.89 0.5 0.75 0.17
1 0 1 0.62
0.17 0.84 0.6 0.47
0.28 0.88 0.75 0.5
0.17 0.88 0.34 0.53
0 1 1 0.58
0.86 0.84 0.75 0.59
0.87 0.86 0.67 0.57
1 0.75 0.75 0.55
1 0.88 0.75 0.45
1 0.58 0.67 0.63
0.93 0.6 0.75 0.48
0.91 0.86 1 0.63
0.93 1 0.75 0.63
0.93 0.8 1 0.55
0.93 0.86 0.75 0.3
0.95 1 0.75 0.75
1 0.75 0.75 0.52
0.89 0.88 0.6 0.48
0.67 0.84 0.34 0.53
0.74 0.8 1 0.5
0.93 0.8 0.5 0.45
0.86 0.88 0.75 0.55
0.75 0.63 0.6 0.59
1 0.67 0.75 0.6
0.8 0.89 0.6 0.57
0.63 0.86 0.75 0.61
0.86 0.86 1 0.61
1 0.5 1 0.5
0.89 0.75 0.5 0.63
0.93 0.84 0.6 0.57
0.94 0.84 1 0.59
0.91 0.6 1 0.33
0.89 0.67 0.6 0.45
0.95 0.67 0.67 0.42
0.93 0.86 1 0.39
0.89 0.75 0.6 0.64
0.67 0.84 0.75 0.5
0.74 0.86 1 0.61
0.88 0.72 1 0.5
0.95 1 0.75 0.45
0.88 0.58 1 0.64
0.94 0.67 0.75 0.57
0.8 1 1 0.63
0.75 0.88 0.75 0.61
0.95 0.58 0.5 0.57
0.93 0.67 0.67 0.68
0.88 0.93 1 0.47
0.67 0.86 0.9 0.63
0.75 0.6 1 0.61
0.95 0.58 0.4 0.62
1 0.88 0.67 0.57
0.86 1 0.6 0.5
1 0.84 1 0.6
0.75 0.67 0.86 0.6
0.92 0.4 0.2 0.59
0.94 0.58 0.67 0.5
0.94 0.56 1 0.52
0.74 0.84 0.75 0.57
0.6 0.67 1 0.64
0.87 0.86 1 0.63
0.88 0.67 0.6 0.57
0.9 0.67 1 0.55
0.94 0.86 0.67 0.59
0.89 1 0.8 0.57
0.94 0.86 0.4 0.49
0.88 0.67 1 0.61
1 0.63 0.8 0.57
0.9 0.88 0.75 0.61
0.69 0.88 1 0.63
0.71 0.6 0.75 0.55
0.78 0.72 0.75 0.5
0.79 0.86 0.67 0.52
0.93 0.84 0.75 0.3
1 1 0.6 0.59
0.94 0.72 0.5 0.55
0.9 0.67 0.8 0.45
0.94 0.13 1 0.63
0.94 0 0.75 0.45
1 0 0.8 0.57
0.72 0.84 0.6 0.3
0.74 0.86 0.67 0.63
0 0.75 0.84 0.59
0.93 0.58 1 0.57
0.94 0.67 0.84 0.45
1 1 0.75 0.57
0.83 1 0.8 0.67
1 0.5 0.6 0.22
0.92 0.58 1 0.61
0.69 0.8 1 0.6
0.77 0.72 0.6 0.63
0.94 0.8 0.75 0.55
0.89 1 1 0.66
0.87 0.34 0.75 0.64
0.89 0.34 0.63 0.75
0.25 0.67 0.67 0.5
0.5 0.84 0.75 0.45
0 1 0.75 0.54
1 0.67 1 0.5
0.65 0.34 0.75 0.57
0 0.86 0.75 0.63
1 0.78 1 0.57
1 0.6 1 0.55
0.67 0 0.5 0.55
0.72 0.86 1 0.29
0.93 1 0.75 0.35
1 0.82 0.75 0.59
1 0.84 0.67 0.48
0.8 0.86 0.6 0.64
0.84 0.67 0.6 0.53
0.75 0 0.6 0.57
0.73 0.34 0.75 0.54
0.67 1 0.75 0.53
0.94 1 0.8 0.63
0.95 1 0.67 0.57
0.93 1 1 0.55
0.95 1 1 0.63
0.89 0.86 1 0.65
0.99 0.67 0.67 0.59
0.85 0.86 1 0.29
0.95 1 0.75 0.59
1 0.67 1 0.57
0.72 0.5 0.75 0.61
0.4 0.8 0.6 0.57
0.12 0.86 1 0.64
0.64 0.75 0.75 0.57
0.93 1 0.5 0.52
1 0.63 0.75 0.61
0.9 0.67 0.75 0.5
0.93 0.86 1 0.55
0.93 1 1 0.55
0.73 0.8 0.75 0.45
1 0.58 0.75 0.48
1 0 0.5 0.45
0.95 0.84 0.75 0.61
0.89 0.8 1 0.61
0.94 0.75 0.67 0.45
0.75 0.67 0.75 0.5
0.9 0.5 1 0.45
0.91 0.25 0.2 0.55
0.93 0.86 0.17 0.55
0.93 1 0.25 0.59
1 0.5 0.34 0.61
0.91 0.58 0.25 0.53
0.95 0.84 1 0.29
0.95 1 0.8 0.59
1 0.17 1 0.63
0.95 0.17 1 0.61
0.75 0 1 0.5
0.75 0.67 1 0.61
0.88 1 0.6 0.63
0.95 0.72 0.75 0.57
0.91 1 0.67 0.57
1 0.75 0.67 0.53
0.94 0.7 0.75 0.61
0.67 0.58 1 0.57
0.95 0.15 0.6 0.64
0.87 0.91 0 0.61
0.93 0.63 0 0.61
0.67 0.84 0.67 0.5
0.67 0.84 0.67 0.48
0.87 0.86 1 0.48
0.84 0.84 0.75 0.66
0.94 0.86 0.67 0.57
0.86 0.43 0.75 0.61
0.86 0.34 0.75 0.57
0.72 1 0.6 0.48
0.67 0.86 0.75 0.55
0.95 0.8 0.6 0.64
0.95 1 0.75 0.57
0.93 0.88 0.67 0.66
1 0.86 0.75 0.45
0.95 0.8 1 0.5
0.9 0.67 0.67 0.57
0.96 0.6 1 0.47
0.88 1 1 0.63
0.94 0.86 0.6 0.6
1 0.3 1 0.35
1 0.38 0.6 0.61
0.74 0.72 0.6 0.63
0 0.72 0.75 0.57
0.95 1 1 0.57
1 0.84 0.6 0.45
0.94 1 1 0.55
0.93 0.5 0.6 0.64
0.95 0.6 0.8 0.42
0.5 0.2 0.63 0.49
0.17 0.88 0.5 0.64
0 0.89 0.58 0.57
0.7 0.67 0.75 0.55
0.92 0.67 0.75 0.59
0.95 0.86 0.75 0.35
0.93 1 1 0.6
1 0.15 0.8 0.55
1 0 0.67 0.61
0.75 0.58 1 0.61
0 0.72 0.5 0.61
0.7 0.67 0.8 0.57
0.94 0.84 1 0.63
0.95 1 1 0.61
0.95 0.86 1 0.61
1 0.86 0.6 0.57
0.95 0.67 1 0.3
0.94 0.6 0.6 0.48
0.84 1 1 0.5
0.95 0.86 0.6 0.45
1 0.5 0.67 0.57
0.89 0.86 0.75 0.48
0.96 0.67 0.6 0.63
0.89 0.86 0.67 0.45
0.78 0.58 0.6 0.61
0.72 0.67 1 0.61
0.5 0.4 1 0.57
0.93 0.72 0.67 0.59
0.9 1 1 0.57
0.93 0.84 0.75 0.55
0.94 0.86 0.5 0.57
0.9 0.86 0.75 0.42
1 0.88 0.84 0.63
0.93 0.75 1 0.57
0.91 0 1 0.57
0.95 0.84 0.75 0.59
0.94 1 0.34 0.55
0.86 0.88 0.5 0.55
0.87 0.5 0.34 0.34
0.88 0.6 0.34 0.5
0.94 0.67 0.75 0.57
0.94 0.67 1 0.55
1 0.75 0.75 0.55
0.63 0.56 0.88 0.53
0.42 0.58 0.34 0.59
0.95 0.67 0.75 0.59
1 0.6 0.75 0.57
1 0.45 1 0.57
0.43 0.88 0.75 0.55
0.48 0.86 1 0.63
0.46 0.9 0.4 0.42
0.88 0.56 1 0.57
0.93 0.6 1 0.57
1 0.25 1 0.64
0.91 0.86 0.75 0.61
0.94 0.75 0.75 0.55
1 0.84 0.67 0.25
1 1 0.75 0.63
0.82 1 0.5 0.59
0.9 1 0.75 0.55
1 1 0.67 0.2
0.89 0.72 1 0.63
0.95 0.86 1 0.66
0.79 0.86 1 0.64
0.86 1 0.75 0.61
1 0.86 1 0.5
0.94 0.7 0.75 0.6
0.77 0.89 0.75 0.5
0.82 1 0.75 0.61
0.88 0.58 1 0.45
0.94 0.67 0.6 0.5
1 0.56 0.75 0.59
0.75 1 0.58 0.42
0.5 1 0.75 0.62
0 0 0.6 0.55
0.82 0 0.75 0.48
0.67 0 0.6 0.57
0.75 0.75 0.75 0.64
1 0.6 0.75 0.63
1 0.34 0.5 0.63
1 0.6 0.6 0.57
0.88 0.88 1 0.34
0.71 0.84 0.75 0.53
1 1 0.6 0.57
0.94 0.67 0.75 0.55
0.94 0.6 0.43 0.61
0.94 0.67 0.6 0.64
0.72 0.75 0.75 0.57
0.85 0.67 0.75 0.55
0.9 0.75 0.67 0.57
0.89 0.84 0.67 0.57
1 0.89 0.75 0.37
0.93 0.84 1 0.59
0.93 0.67 0.6 0.61
0.67 0.67 1 0.57
0.77 1 0.67 0.57
0.34 1 0.75 0.37
1 1 0.8 0.4
0.91 0.34 1 0.57
1 0 0.6 0.55
0.89 0.58 0.75 0.53
0.7 1 0.8 0.57
0.67 1 0.67 0.57
0.93 0.38 1 0.55
1 0.5 0.34 0.57
0.8 0 0.5 0.57
1 0.75 0.25 0.61
1 0.84 0 0.63
0.87 1 0.67 0.4
0.89 0.72 0.5 0.57
0.94 0.84 0.75 0.34
1 0.86 1 0.61
0.93 0.91 0.67 0.55
0.94 0.84 0.6 0.59
0.93 0.67 0.75 0.63
0.95 0.78 0.67 0.59
1 0.72 0.67 0.63
1 1 0.75 0.63
0.94 0.84 0.75 0.63
0.89 0.84 1 0.63
0.8 0.84 0.75 0.57
0.91 1 1 0.57
1 0.29 0.75 0.61
0.93 0.4 0.6 0.55
0.9 0.43 0.75 0.57
0.75 0.84 0.75 0.03
0.79 1 0.67 0.59
1 1 1 0.57
1 0.5 0.6 0.55
1 0.63 0.67 0.6
0.42 1 0.8 0.64
0.75 1 0.6 0.52
0.78 0.86 0.75 0.55
1 1 0.6 0.63
0.94 1 0.8 0.45
0.8 0.84 1 0.63
0.92 0.9 0.8 0.57
0.95 0.67 0.6 0.5
0.93 0 0.5 0.66
0.58 0.72 0.75 0.54
0.75 1 0.8 0.53
0.87 0.75 0.75 0.42
0.95 0.8 1 0.5
1 0.65 1 0.53
0.94 0.63 0.5 0.5
0.67 1 0.75 0.64
0 0.84 0.6 0.63
0.75 0.84 0.75 0.3
0.77 0.88 0.4 0.61
0.75 0.72 0.67 0.63
0.93 0.5 1 0.52
1 1 0.6 0.57
1 0.84 0.75 0.53
0.89 0.72 1 0.5
0.88 0.72 0.4 0.45
1 0.86 0.67 0.57
0.95 0.86 0.75 0.34
0.88 0.75 0.75 0.42
0.92 1 0.6 0.48
0.99 0.78 0.5 0.57
0.93 0.86 0.75 0.38
0.89 0.67 0.75 0.4
0.85 0.34 0.5 0.61
0.72 0.29 0.75 0.53
0.47 0.84 0.5 0.65
1 0.72 0.8 0.57
1 0.45 0.5 0.55
0.94 0 0.75 0.57
0.9 0.86 0.43 0.58
0.72 0.34 0.6 0.64
0.8 0.34 1 0.48
0.47 0.88 0.6 0.57
0 0.84 1 0.57
0.19 0.8 0.8 0.55
1 0.6 0.5 0.5
0.91 0.56 0.75 0.75
0.89 0.72 0.58 0.6
0.67 0.84 0.6 0.21
0.67 0.67 0.75 0.57
1 1 0.75 0.48
0.89 1 0.67 0.59
1 0.4 1 0.61
1 0.58 1 0.63
0.92 0.84 1 0.57
0.8 1 1 0.57
0.69 0.75 0.67 0.65
0.9 0.72 1 0.55
1 0.8 0.75 0.72
1 0.5 0.67 0.61
0.9 0.63 0.75 0.63
0.82 0.13 0.75 0.13
0.07 0.84 1 0.18
0.67 0.8 0.67 0.48
1 0.72 1 0.64
1 0.86 0.6 0.57
0.48 0.67 0.75 0.55
0.75 0.56 0.67 0.64
0.95 0.38 1 0.55
1 0.63 0.75 0.45
0.77 0.75 1 0.72
1 1 0.84 0.57
0.94 0.58 1 0.64
1 0.23 0.75 0.61
1 0.72 0.88 0.42
0.98 0.84 0.89 0.59
0.94 0.84 0.6 0.57
0.94 1 0.75 0.42
1 0.84 0.8 0.5
0.89 0.7 0.75 0.53
1 0.67 1 0.71
0.89 0.72 0.5 0.42
1 0.75 1 0.64
1 0.58 0.93 0.55
0.9 0.67 1 0.55
0.74 0.86 0.89 0.64
0.9 0.84 0.34 0.49
0.94 0.8 0.25 0.5
1 0.72 0 0.39
0.89 0.5 0.75 0.61
0.63 0.5 0.8 0.37
0.3 0.88 0.75 0.66
0.69 0.85 0.6 0.52
1 0.86 0.75 0.48
0.95 1 0.75 0.48
0.92 0.58 0.6 0.53
0.93 0.89 0.9 0.61
0.93 0.72 0.75 0.64
0.95 0.5 1 0.47
0.93 0.67 0.75 0.55
1 0.84 0.86 0.65
1 0.63 0.67 0.42
-123456789 1 0.75 0.57
1 0.88 0.75 0.63
0.9 0.67 1 0.59
0.87 0.6 0.75 0.66
0.95 0.86 0.5 0.53
0.24 0.86 0.29 0.45
0.2 0.55 0.2 0.57
0 0.58 0 0.59
0 0.6 0.67 0.48
0.88 0.75 0.9 0.5
1 0.86 0.82 0.75
0.74 0.72 0.75 0.63
0.72 0.6 0.75 0.65
0.93 0.55 1 0.53
1 0.84 1 0.55
0.92 0.86 0.75 0.57
0.94 0.86 0.75 0.7
1 1 0.67 0.42
0.96 0.84 0.6 0.34
-123456789 0.63 0.67 0.57
0.85 0 0.67 0.64
0.86 0.3 0.75 0.59
0.5 0.5 0.8 0.59
0.47 0.86 0.6 0.55
0.56 0.67 1 0.57
1 0.67 1 0.42
0.92 0 0.6 0.63
0.7 0.86 0.75 0.53
0.34 0.86 0.67 0.59
0.75 0.85 0.67 0.37
0.91 0.88 0.75 0.53
0.9 0.67 1 0.63
1 0 0.91 0.25
0.9 0.84 0.75 0.57
0.9 0.84 0.67 0.55
0.95 1 0.5 0.57
0.93 0.75 0.75 0.5
0.93 0.84 1 0.5
0.94 0.89 0.75 0.57
1 0.72 0.67 0.64
0.85 0.43 0.75 0.57
0.39 0 0.75 0.35
0.44 1 0.67 0.39
0.63 1 0.8 0.55
0.89 0.43 0.34 0.57
0.91 0.58 0.75 0.64
0.89 0.75 0.75 0.63
0.91 0.84 0.75 0.61
0.93 0.86 0.75 0.64
0.89 0.67 0.75 0.59
1 0.4 0.6 0.61
0.63 0.29 0.6 0.63
0.75 0.72 0.75 0.57
0.17 0.75 0.9 0.37
0.97 0.56 1 0.53
0.8 0 1 0.53
0.75 0.63 0.75 0.59
0.47 0 0.75 0.53
0.67 0.86 0.25 0.48
0.89 0.63 0.25 0.47
0.85 0.58 0.34 0.57
0.76 0.67 0.25 0.63
0.91 0.72 1 0.61
0.91 1 0.5 0.57
0.95 1 1 0.5
1 0.86 0.75 0.37
0.72 0.88 0.75 0.57
1 0.34 0.72 0.57
0.99 0.39 1 0.61
0.92 1 0.75 0.28
0.7 1 0.6 0.63
0.79 0.75 1 0.45
1 0.86 0.8 0.59
1 0.92 0.75 0.55
0.94 0.29 0.2 0.33
0.94 0.2 0.75 0.55
0.86 1 0.75 0.57
0.88 0.84 0.67 0.55
1 0.84 0.67 0.3
0.95 0.58 1 0.75
1 0.5 0.75 0.57
0.94 1 1 0.45
0.89 0.5 0.6 0.63
1 0.58 1 0.55
0.93 0 1 0.6
0.74 0.67 0.82 0.61
1 0.88 0.63 0.64
1 0.58 0.75 0.55
0.97 0.87 1 0.55
0.24 0.58 0.75 0.57
1 0.63 0.75 0.57
0.74 0.8 0.86 0.59
0.71 1 0.75 0.63
0.97 0.67 0.91 0.64
1 0.86 0.6 0.45
0.95 1 0.75 0.42
0.91 0.8 0.75 0.39
0.9 1 0.75 0.59
0.85 0.8 0.34 0.6
0.87 0.67 0.84 0.63
0.95 0.72 1 0.59
0.45 0.67 1 0.57
0.83 0.84 1 0.48
0.88 0.92 0.72 0.55
0.92 0.89 0.78 0.57
0.95 0.5 0.6 0.61
1 1 1 0.61
1 0.38 0.75 0.52
1 0.43 0.67 0.57
0.67 0 0.75 0.57
0.75 0.84 0.8 0.55
0.95 0.75 1 0.59
0.87 1 0.89 0.29
0.74 1 0.75 0.57
0.89 0.63 0.72 0.5
0.94 0.13 0.8 0.57
0.95 0.4 1 0.64
0.77 0.88 0.67 0.57
0.45 0.93 0.25 0.62
0.73 0.58 0.4 0.5
0.95 0.45 0 0.55
1 0.28 0.8 0.55
0.7 0 0.75 0.61
0 0.84 0.4 0.5
0.72 1 1 0.61
0.67 0.88 0.91 0.64
0.95 0.8 1 0.52
0.88 0.63 1 0.35
0.93 0.67 0.6 0.57
0.96 0.92 0.6 0.63
0.7 0.5 1 0.61
0.38 0.84 0.25 0.57
0.97 1 0.47 0.4
0.97 0.75 0.52 0.52
0.83 0.67 0.8 0.57
0.97 0.86 0.75 0.53
0.96 0.86 0.78 0.57
1 0.89 0.96 0.56
0.95 0.56 0.89 0.57
0.96 0.86 0.67 0.59
0.78 1 1 0.57
0.77 0.84 0.75 0.61
1 0.88 0.91 0.5
1 0.4 0.84 0.5
0.97 0 0.88 0.61
0.74 0.34 0.82 0.63
0.95 1 0.75 0.57
0.98 0.8 0.9 0.55
1 0.67 0.75 0.57
0.54 0.47 0.9 0.55
0.75 0.67 0.91 0.63
1 0.84 0.5 0.63
0.89 1 0.67 0.6
0.94 0.84 0.6 0.57
1 0.58 1 0.5
0.94 0.4 0.75 0.64
1 0.6 0.6 0.5
0.75 0.89 0.6 0.34
0.74 0.88 1 0.53
0.67 0.72 1 0.57
1 0.13 0.75 0.42
0.88 0 0.67 0.59
0.91 0.9 0.67 0.59
0.86 0.84 0.93 0.47
0.98 1 1 0.29
1 0.84 0.5 0.5
0.87 1 1 0.57
0.97 0.5 0.6 0.59
0.97 0.91 0.8 0.64
0.5 0.58 0.75 0.57
0 0.5 0.5 0.48
1 0.86 0.6 0.63
0.87 0.84 0.86 0.5
0.94 0.67 0.75 0.45
1 0.63 0.6 0.53
0.9 0.75 0.75 0.61
-123456789 0.58 0.75 0.64
0.97 0.5 0.6 0.57
0.94 0.86 1 0.57
0.72 0.7 0.91 0.4
0.9 0.5 1 0.59
0.75 0.4 0.67 0.55
0.99 1 0.75 0.42
0.94 0.84 0.6 0.55
0.93 0.86 1 0.55
0.94 0.67 0.75 0.55
0.93 1 0.67 0.57
1 0.86 0.67 0.55
0.89 0.72 0.91 0.52
0.95 0.6 0.67 0.3
0.75 0.89 0.6 0.54
0.75 0.86 0.75 0.57
0.91 0.8 0.67 0.59
1 0.56 1 0.61
1 0.48 0.84 0.59
0.71 0 0.75 0.57
0.1 0.84 0.75 0.48
0.83 0.84 1 0.64
0.97 0.84 0.75 0.57
0.9 0.75 1 0.6
0.89 0.75 1 0.65
0.88 0.86 1 0.65
1 0.88 0.5 0.59
0.94 0.6 0.75 0.42
0.96 0.63 0.5 0.67
0.46 0.38 0.75 -123456789
0.58 1 1 0.45
0 0.63 0.6 0.61
0.86 0.58 0.5 0.61
0.93 0.84 0.6 0.57
0.91 0.56 0.75 0.39
1 0.58 1 0.5
0.55 0.86 0.6 0.57
0.73 1 0.75 0.55
0 0.86 1 0.61
0.88 0.58 0.75 0.63
1 0.5 1 0.57
0.95 0.6 0.75 0.5
0.95 1 0.75 0.59
1 0.84 1 0.59
0.95 1 0.75 0.45
0.94 0.84 1 0.53
0.78 0.56 0.93 0.61
0.93 0.43 0.75 0.55
1 1 1 0.39
1 0.89 0.67 0.65
0.94 0.63 1 0.59
0.95 1 0.8 0.53
0.72 0.72 1 0.53
1 1 0.75 0.39
0.93 0.84 0.5 0.57
0.94 0.38 0.75 0.48
1 0.29 1 0.55
1 1 0.6 0.57
1 1 1 0.45
0.94 0.63 0.75 0.55
0.94 0 1 0.49
0.94 0.72 0.8 0.64
0.75 0.84 0.75 0.75
0.69 1 0.8 0.5
0.95 1 0.8 0.61
0.95 0.4 1 0.48
0.95 0.25 1 0.55
0.99 0.87 0.2 0.64
0.95 0.8 0.34 0.57
0.88 0.5 0.2 0.63
0.72 0.5 0 0.53
0.79 0.58 1 0.22
0.85 0.8 0.75 0.63
0.84 1 0.86 0.53
0.94 0.72 0.75 0.65
0.94 0.72 1 0.57
0.88 0.5 0.75 0.63
1 0.5 1 0.5
0.95 0.75 0.67 0.57
0.95 0.86 0.75 0.37
0.69 0.72 1 0.57
0.88 0.84 0.75 0.57
0.95 0.6 1 0.49
0.86 0.38 0.95 0.59
0.98 0.43 0.2 0.59
0.91 1 0.45 0.35
0.97 1 0.34 0.61
0.97 1 0.2 0.5
0.98 1 1 0.55
0.88 0.63 0.75 0.48
1 0.8 0.75 0.52
0.9 0.75 0.75 0.5
0.86 0.84 0.8 0.55
1 0.58 0.8 0.61
0.95 0.75 1 0.57
0.94 0.84 0.88 0.45
0.89 0.58 0.82 0.58
0.97 0.58 1 0.5
0.75 0.7 1 0.42
0.36 0.84 0.72 0.64
0.96 0.84 0.89 0.55
0.96 0.72 0.89 0.57
0.96 0.72 0.8 0.64
0.43 0.55 0.67 0.63
0.47 0.5 0.6 0.68
0.9 0.75 0.75 0.52
0.9 0.2 0.75 0.57
0.84 0 0.67 0.57
1 0 1 0.57
1 0.67 0.67 0.53
0.9 1 0.25 0.59
1 0.84 0.84 0.61
0.94 0.5 0.6 0.61
1 0.72 0.75 0.55
1 0.88 0.75 0.57
0.72 0.75 0.8 0.57
1 0.86 1 0.33
1 0.88 0.75 0.63
1 0.5 0.75 0.61
0.93 0.43 0.75 0.57
0.98 0.72 0.75 0.55
0.74 0.86 0.8 0.6
0.43 1 0.75 0.64
0.47 0.6 0.75 0.22
0.93 0.58 0.75 0.53
1 0.56 1 0.6
0.77 0.88 0.75 0.63
0 0.88 0.6 0.59
0 0.75 0.75 0.57
0.94 0.67 0.75 0.5
0.71 0.86 0.6 0.57
-123456789 0.89 0.75 0.42
1 0.75 1 0.42
0.95 0.88 1 0.64
0.88 1 0.75 0.47
0.95 1 0.67 0.55
0.93 0.84 0.75 0.55
0.87 0.84 0.75 0.57
0.87 0.84 0.75 0.57
1 0.8 0.67 0.48
0.93 0.67 0.84 0.57
0.93 0 0.75 0.55
0.95 0.84 0.75 0.59
0.94 0.84 0.75 0.37
0.89 0.58 0.75 0.53
0.93 0.58 0.67 0.5
1 0.84 0.6 0.63
1 0.86 0.75 0.38
1 0.8 1 0.57
0.89 0.63 0.6 0.52
0.67 1 0.75 0.64
0.47 0.67 1 0.59
0 0.43 0.6 0.47
0.94 0.6 0.75 0.52
0.88 0.95 0.34 0.57
0.75 0.84 0.34 0.48
1 0.91 0.4 0.63
0.82 0.12 0 0.42
0.82 0 1 0.45
0.7 0 0.5 0.53
0.25 0.84 0.75 0.57
1 1 0.67 0.63
0.93 1 1 0.63
0.95 0.8 0.75 0.57
1 0.84 0.75 0.59
1 0.78 0.84 0.59
0.95 0.4 0.6 0.57
0.94 0.34 0.6 0.63
0.78 1 0.75 0.55
0 1 0.75 0.5
1 0.88 0.67 0.52
1 0.43 0.4 0.64
0.94 0.25 0.67 0.64
0.8 0.67 0.5 0.63
0.93 0.78 0.8 0.57
0.93 0.67 0.6 0.55
0.89 0.75 0.75 0.59
1 1 1 0.63
0.87 0.84 0.75 0.59
1 1 0.75 0.55
0.88 0.8 0.75 0.55
0.89 0.72 0.5 0.59
0.93 0.38 0.8 0.42
0.94 0.5 1 0.59
0.75 0.67 1 0.64
0 1 1 0.6
1 0.84 0.75 0.53
1 1 0.67 0.45
0.89 0.72 1 0.61
0.93 0.88 0.67 0.55
0.91 0.8 0.6 0.57
1 0.8 1 0.64
1 0.58 0.67 0.5
1 1 1 0.47
0.77 1 0.6 0.42
0 0.72 0.8 0.63
0.91 1 0.6 0.49
0.91 0.67 0.75 0.5
0.9 0.28 0.75 0.48
0.77 0.63 0.75 0.3
0.91 1 0.75 0.55
1 1 0.75 0.61
1 1 1 0.61
0.94 0.84 0.75 0.59
1 0.86 0.75 0.59
0.88 0.86 0.75 0.59
0.95 0.84 0.6 0.57
0.92 0.67 0.67 0.48
0.94 0.72 1 0.57
1 1 1 0.57
0.89 0.86 1 0.55
0.94 1 0.6 0.63
0.8 0.38 0.4 0.63
0.95 0.4 1 0.48
0.94 0.86 0.75 0.5
0.86 0.72 0.75 0.55
0.99 0.6 0.75 0.48
1 0.75 0.5 0.63
0.67 0.5 0.5 0.55
0.72 0.86 1 0.55
0.94 1 0.6 0.57
0.89 0.67 1 0.57
0.92 0.43 0.72 0.37
0.17 0.5 0.75 0.42
0.25 0.9 0.75 0.57
0.89 0.5 0.75 0.52
0.95 0.5 0.75 0.55
0.72 0.56 0.75 0.4
0.48 0.86 1 0.52
0.43 0.88 1 0.59
0.89 0.63 1 0.57
1 0.58 0.6 0.61
0.88 0.84 1 0.63
0.89 0.86 0.6 0.57
0.96 0.5 0.8 0.45
0.94 0.58 0.6 0.57
0.77 1 0.75 0.63
0.95 0.88 0.75 0.57
0.88 0.63 0.67 0.5
0.67 0.43 0.75 0.48
0.75 1 1 0.57
0.2 1 0.75 0.52
1 0.25 1 0.64
0.88 0.38 1 0.55
1 0.84 0.75 0.57
1 0.86 0.67 0.53
0.95 0.84 0.8 0.53
1 0.46 0.75 0.55
0.81 1 1 0.5
0.48 0.72 0.86 0.53
0.64 0.58 0.75 0.5
0 0.58 0.6 0.55
1 0.84 0.5 0.57
1 0.88 1 0.57
0.91 0.38 0.78 0.5
0.95 0.4 1 0.5
0.95 0.34 0.5 0.64
0.87 0.72 0.75 0.45
1 0.72 0.6 0.48
0.93 1 0.75 0.52
0.92 0.84 0.75 0.59
0.93 0.86 0.75 0.5
1 1 1 0.55
0.83 0.88 0.8 0.48
0.85 0.58 0.25 0.57
0.93 0.6 1 0.57
1 1 0.67 0.57
0.85 0.72 0.75 0.57
1 0.86 1 0.53
0.88 1 0.67 0.5
0.95 0.67 0.5 0.57
1 0.63 1 0.47
0.67 0.84 0.67 0.61
0.72 0.72 0.75 0.65
0.93 0.75 1 0.42
0.89 1 0.75 0.55
1 1 0.75 0.63
0.9 0.78 0.6 0.52
0.91 0.75 1 0.5
0.89 0.72 1 0.5
1 1 1 0.63
-123456789 0.84 0.8 0.34
0.93 0.72 1 0.61
1 0.72 0.25 0.64
0.82 0.84 0.34 0.45
0.92 0.67 0.34 0.45
0.95 0.29 0 0.65
1 0.86 0.75 0.55
0.75 0.5 0.75 0.57
0.92 0.58 0.5 0.57
0.72 0.75 0.75 0.57
0 0.86 1 0.55
0 0.5 0.75 0.59
0.93 0 0.5 0.53
0.94 0.86 1 0.55
0.91 0.63 0.67 0.47
0.96 0.29 0.5 0.63
1 0.5 0.67 0.57
0.89 0.75 0.67 0.65
0.67 0.84 0.75 0.57
0.72 1 1 0.6
1 0.58 0.6 0.55
0.92 0.29 0.67 0.48
