0.88 0.8 1 0.55
0.95 1 1 0.57
0.93 0.84 1 0.57
0.64 0.5 0.25 0.25
0.5 0.38 0 0.09
0.67 0.43 0 0.19
0.34 0.63 0 -123456789
0.58 0.29 0 -123456789
0.43 0 0 -123456789
0.46 0.15 0 -123456789
0.06 0 0 0.09
0 0.15 0 -123456789
0 0 0 -123456789
0 0.3 0 -123456789
0.19 0.43 0 -123456789
0.5 0.63 0 -123456789
0 0.12 0 -123456789
0 0.1 0 -123456789
0 0.72 0 -123456789
0 0.34 0 -123456789
0.12 0 0 -123456789
0 0.28 0 -123456789
0.37 0.29 0 -123456789
0.45 0.2 0 -123456789
0.5 0.43 0 -123456789
0.2 0.58 0 -123456789
0.72 0.38 0 -123456789
0.45 0 0 -123456789
0.45 0.13 0 -123456789
0.12 0 0 -123456789
0 0.38 0 -123456789
0 0.39 0 -123456789
0 0.12 0 -123456789
0 0.17 0 -123456789
0.25 0 0 -123456789
0.43 0.13 0 -123456789
0.05 0.29 0 -123456789
0.48 0.13 0 -123456789
0.25 0.34 0 -123456789
0.45 0.47 0 -123456789
0.27 0 0 -123456789
0.45 0.43 0 -123456789
0.43 0.34 0 -123456789
0.22 0.38 0 -123456789
0 0.13 0 -123456789
0.43 0.67 0 -123456789
0.75 0.5 0 -123456789
0.24 0 0 -123456789
0.15 0.13 0 -123456789
0.2 0.34 0 -123456789
0.4 0 0 -123456789
0 0.1 0 -123456789
0.17 0 0 -123456789
0 0.13 0 -123456789
0 0 0 -123456789
0 0 0 -123456789
0 0.38 0 -123456789
0 0.37 0 -123456789
0 0.43 0 -123456789
0.43 0.29 0 -123456789
0.17 0.15 0 -123456789
0.48 0.17 0 -123456789
0.72 0.63 0 -123456789
0.73 0 0 -123456789
0.84 0.38 0 -123456789
0.38 0.38 0 -123456789
0.28 0.34 0 -123456789
0.23 0.4 0 -123456789
0.15 0.13 0 -123456789
0.25 0.38 0 -123456789
0 0.17 0 0.13
0 0.67 0 0.38
0.43 0.67 0 -1.23457e+08
0.5 0.3 0 0.25
0 0 0 -123456789
0 0 0 -123456789
0.19 0 0 -123456789
0 0.2 0 -123456789
0 0.46 0 -123456789
0 0.12 0 -123456789
0 0.29 0 -123456789
0.37 0 0 -123456789
0.07 0.25 0 -123456789
0.15 0 0 -123456789
0 0.38 0 -123456789
0 0.34 0 -123456789
0.15 0 0 -123456789
0 0 0 -123456789
0 0 0 -123456789
0 0 0 -123456789
0.23 0.4 0 -123456789
0 0.19 0 -123456789
0.19 0.28 0 -123456789
0.16 0.13 0 -123456789
0.13 0.4 0 -123456789
0.73 0.67 0 -123456789
0.12 0.24 0 -123456789
0.14 0.2 0 -123456789
0 0 0 -123456789
0.19 0.4 0 -123456789
0 0.5 0 -123456789
0 0 0 -123456789
0 0.1 0 -123456789
0 0.12 0 -123456789
0 0.45 0 -123456789
0 0.64 0 -123456789
0 0.38 0 -123456789
0 0.38 0 -123456789
0.5 0.63 0 -123456789
0.13 0.58 0 -123456789
0.15 0.2 0 -123456789
0.22 0.5 0 -123456789
0 0 0 -123456789
0.54 0 0 -123456789
0.34 0.55 0 -123456789
0 0.34 0 -123456789
0 0 0.34 -123456789
0.15 0.13 0 -123456789
0 0.23 0 -123456789
0.17 0 0 -123456789
0 0.19 0 -123456789
0 0.5 0 -123456789
0.15 0.38 0 -123456789
0 0 0 -123456789
0.2 0 0 -123456789
0 0.34 0 -123456789
0.09 0.56 0 -123456789
0.38 0.72 0 -123456789
0.42 0.38 0 -123456789
0.07 0.78 0 -123456789
0.69 0.58 0 -123456789
0.75 0.58 0 -123456789
0.75 0.56 0 -123456789
0.74 0.38 0.17 -123456789
0 0.34 0 -123456789
0.75 0.5 0 -123456789
0.72 0.5 0 -123456789
0.41 0.2 0 -123456789
0.23 0.2 0 -123456789
0 0 0 -123456789
0 0.43 0 -1.23457e+08
0.12 0.15 0 -123456789
0.72 0.37 0 0.04
0.48 0.34 0 -123456789
0.46 0.34 0 -123456789
0.5 0.43 0 -123456789
0.72 0 0 -123456789
0.25 0.2 0 -123456789
0.5 0.29 0 0.02
0.8 0.56 0 -123456789
0.75 0.67 0 -123456789
0.48 0.34 0 0
0.12 0.13 0 -123456789
0.19 0.4 0 -123456789
0.23 0 0 -123456789
0 0.38 0 -123456789
0 0.5 0 -123456789
0 0 0 -123456789
0.13 0.34 0 -123456789
0 0.64 0 -123456789
0.63 0 0 -123456789
0.38 0.34 0 -123456789
0.5 0.15 0 -123456789
0 0.34 0 -123456789
0 0.38 0 -123456789
0.48 0.25 0 -123456789
0.72 0.4 0 -123456789
0.54 0.43 0 -123456789
0.43 0.4 0 -123456789
0.5 0.1 0 0
0 0.38 0 -123456789
0.45 0.37 0 -123456789
0.45 0.34 0 -123456789
0.67 0.43 0 -123456789
0.67 0.4 0 -123456789
0.37 0.3 0 -123456789
0.43 0.38 0 -123456789
0.5 0.29 0 -123456789
0 0.12 0 -123456789
0.23 0.75 0 -123456789
0.5 0.78 0 -123456789
0.17 0.17 0 -123456789
0.2 0 0 -123456789
0.47 0.3 0 -123456789
0.11 0 0 -123456789
0.38 0.5 0 -123456789
0.84 0.63 0 0.03
0.42 0 0 -123456789
0.48 0.38 0 -123456789
0 0 0 -123456789
0.67 0.38 0 -123456789
0 0 0 -123456789
0.46 0.4 0 -123456789
0.72 0.4 0 -123456789
0.12 0.38 0 -123456789
0.25 0.13 0 -123456789
0 0.13 0 -123456789
0 0 0 -123456789
0 0.13 0 -123456789
0 0.1 0 -123456789
0.17 0.13 0 -123456789
0.23 0.34 0 -123456789
0 0.63 0 -123456789
0.23 0.17 0 -123456789
0.06 0.38 0 -123456789
0 0 0 -123456789
0.13 0.38 0 -123456789
0 0 0 -123456789
0.43 0.38 0 -123456789
0.25 0.34 0 -123456789
0.5 0.4 0 -123456789
0.38 0.45 0 -123456789
0.5 0.45 0 -123456789
0.13 0.3 0 -123456789
0 0.43 0 -123456789
0 0.43 0 -123456789
0.46 0.56 0 -123456789
0 0 0 -123456789
0.45 0.38 0 -123456789
0.47 0.38 0 -123456789
0.34 0.6 0 -123456789
0.8 0.63 0 -123456789
0.73 0.67 0 -123456789
0.19 0.45 0 -123456789
0.73 0.25 0 -123456789
0.67 0.17 0 -123456789
0.72 0 0 -123456789
0.5 0.38 0 -123456789
0.38 0 0 -123456789
0.48 0 0 -123456789
0.18 0.12 0 -123456789
0.67 0.63 0 -123456789
0.34 0 0 -123456789
0.45 0.25 0 -123456789
0.43 0.15 0 -123456789
0.74 0 0 -123456789
1 0.45 0 -123456789
0.5 0.12 0.4 -123456789
0.67 0.5 0 -123456789
0.7 0.17 0 -123456789
0.75 0.34 0 -123456789
0.74 0.34 0 -123456789
0.17 0.43 0 -123456789
0.8 0.5 0 -123456789
0.13 0.38 0 -123456789
0.34 0.15 0 -123456789
0 0 0 -123456789
0.45 0 0 -123456789
0 0.17 0 -123456789
0 0.34 0 -123456789
0.4 0.56 0 -123456789
0.92 0.63 0 -123456789
0.71 0.64 0 -123456789
0.74 0.5 0 -123456789
0.71 0.58 0 -123456789
0.4 0 0 -123456789
0.5 0.29 0 -123456789
0.63 0.4 0 -123456789
0.7 0.56 0 -123456789
0.38 0.17 0 -123456789
0.19 0 0 -123456789
0.95 1 0 -123456789
1 0.84 0 0
0.94 0.84 0 -123456789
1 0.84 0 -123456789
0.87 0.86 0 -123456789
0.93 0.75 0 0.13
1 1 0 0.25
0.93 1 0 0.25
0.95 0.84 0 0.25
0.82 1 0 0.38
0.93 0.86 0 0.13
0.93 0.88 0 0
0.86 0.84 0 0.25
1 0.86 0 -123456789
0.93 0.92 0 -123456789
0.93 0.84 0 -123456789
0.93 0.86 0 -123456789
1 0.84 0 -123456789
1 0.8 0 -123456789
1 1 0 -123456789
0.94 1 0 -123456789
1 0.75 0 -123456789
0.93 0.86 0 -123456789
0.93 1 0 -123456789
1 1 0 -123456789
0.94 0.86 0 -123456789
1 0.75 0 -123456789
0.94 0.84 0 -123456789
0.94 1 0 -123456789
0.89 1 0 -123456789
0.87 0.86 0 -123456789
0.92 0.75 0 -123456789
0.95 0.88 0 -123456789
0.87 0.84 0 -123456789
0.94 0.72 0 -123456789
0.93 0.84 0 -123456789
0.86 0.86 0 -123456789
1 1 0 -123456789
0.94 0.84 0 -123456789
1 0.78 0 -123456789
0.94 1 0 0.03
1 1 0 -123456789
0.91 1 0 -123456789
1 0.84 0 -123456789
1 0.75 0 -123456789
1 0.93 0 -123456789
1 0.72 0 -123456789
1 1 0 -123456789
0.8 1 0 -123456789
1 0.67 0 -123456789
1 0.86 0 -123456789
0.95 0.8 0 -123456789
0.89 1 0 -123456789
1 0.86 0 -123456789
0.93 0.88 0 -123456789
0.93 0.78 0 -123456789
1 0.86 0 -123456789
1 0.84 0 -123456789
1 0.86 0 -123456789
0.86 0.75 0 -123456789
0.93 0.84 0 -123456789
0.94 1 0 -123456789
1 0.86 0 -123456789
1 0.78 0 -123456789
0.93 1 0 -123456789
0.93 0.86 0 -123456789
0.87 0.84 0 -123456789
0.86 0.84 0 -123456789
0.92 0.84 0 -123456789
0.93 0.84 0 -123456789
0.94 0.86 0 -123456789
0.93 0.75 0 -123456789
0.87 0.84 0 -123456789
1 0.84 0 -123456789
0.94 0.86 0 -123456789
0.94 0.84 0 -1.23457e+08
0.95 0.88 0 -123456789
0.91 1 0 -123456789
0.93 0.86 0 -123456789
0.93 0.84 0 -123456789
1 0.72 0 -123456789
1 0.86 0 -123456789
0.93 0.86 0 -123456789
1 0.88 0 -123456789
0.93 0.84 0 -123456789
1 0.86 0 -123456789
0.94 1 0 -123456789
0.9 0.72 0 -123456789
1 0.86 0 -123456789
0.93 0.84 0 -123456789
1 0.86 0 -123456789
0.89 0.86 0 -123456789
0.82 0.8 0 -123456789
0.86 0.84 0 -123456789
0.87 1 0 -123456789
1 0.84 0 -123456789
0.93 0.8 0 -123456789
0.95 1 0 -123456789
1 0.8 0 -123456789
0.87 0.84 0 -123456789
0.86 0.86 0 -123456789
0.93 0.88 0 -123456789
0.93 1 0 -123456789
1 1 0 -123456789
0.94 1 0 -123456789
0.95 1 0 -123456789
0.94 0.88 0 -123456789
0.94 0.75 0 -123456789
0.93 0.86 0 -123456789
0.93 1 0 -123456789
0.93 1 0 0
0.93 1 0 -123456789
1 0.84 0 -123456789
0.95 0.67 0 -123456789
1 0.84 0 -123456789
0.93 1 0 -123456789
1 1 0 -123456789
1 0.88 0 -123456789
1 0.84 0 -123456789
0.94 0.86 0 -123456789
0.94 0.86 0 -123456789
0.89 0.75 0 -123456789
1 1 0 -123456789
0.85 0.84 0 -123456789
0.93 0.84 0 -123456789
0.93 0.84 0 -123456789
1 0.86 0 -123456789
0.8 0.86 0 -123456789
0.93 0.88 0 -123456789
0.89 0.84 0 -123456789
0.94 0.84 0 -123456789
0.93 0.86 0 -123456789
0.95 0.75 0 -123456789
0.93 0.72 0 -123456789
0.87 1 0 -123456789
0.94 1 0 -123456789
0.79 0.84 0.25 -123456789
0.93 0.75 0 -123456789
1 1 0 -123456789
1 0.84 0 -123456789
1 0.84 0 -123456789
0.93 0.86 0 -123456789
0.94 1 0 0.03
1 1 0 -123456789
0.8 0.86 0 -123456789
0.94 1 0 -123456789
1 0.86 0 -123456789
0.94 0.75 0 -123456789
0.93 0.72 0 -123456789
0.93 0.84 0 -123456789
1 0.86 0 -123456789
1 0.84 0 -123456789
0.93 0.86 0 -123456789
1 0.78 0 -123456789
0.95 1 0 -123456789
0.86 0.84 0 -123456789
1 0.72 0 -123456789
0.94 0.78 0 -123456789
0.93 1 0 -123456789
1 1 0 -123456789
0.93 0.84 0 -123456789
1 0.89 0 -123456789
0.94 1 0 -123456789
0.86 0.86 0 -123456789
0.92 0.88 0 -123456789
0.93 1 0 -123456789
0.93 0.86 0 -123456789
0.93 0.8 0 -123456789
0.93 1 0 -123456789
0.85 0.86 0 -123456789
1 1 0 -123456789
1 0.86 0 -123456789
1 0.86 0 -123456789
0.92 0.75 0 -123456789
0.91 0.86 0 -123456789
0.93 0.84 0 0.13
0.83 0.8 0 0.13
0.93 0.84 0 0.13
0.94 0.86 0 0.38
0.88 1 0 0.25
1 0.78 0 0.38
0.89 0.63 0 0.38
0.86 0.75 0 0.2
0.94 1 0 0.38
0.93 0.88 0 0.38
1 1 0 0.38
1 0.84 0 0.38
0.92 0.86 0 0.31
1 1 0 0.5
0.86 1 0 0.03
0.87 1 0 0.13
1 1 0 0.13
0.86 0.84 0 0.09
0.93 0.8 0 0.03
0.93 0.84 0 0.09
1 0.86 0 0.09
1 1 0 0.18
0.87 0.72 0 0.09
0.93 0.86 0 0.2
0.86 0.86 0 0.13
0.94 0.88 0 0.03
1 0.63 0 0.03
1 0.84 0 0.13
0.93 0.72 0 0.03
0.93 0.86 0 0.17
0.94 0.86 0 0.03
1 1 0 0.03
0.93 0.86 0 0.19
0.93 0.5 0 0.05
0.93 0.89 0 0.03
0.93 0.72 0 0.13
0.93 0.84 0 0.13
0.93 0.75 0 0.03
0.89 1 0 0.13
0.94 1 0 0.03
0.93 1 0 0.13
0.93 1 0 0.03
0.94 0.86 0 0.09
0.91 0.84 0 0.09
1 0.86 0 0.03
0.92 0.84 0 -1.23457e+08
1 1 0 0.13
0.93 0.72 0 0.09
1 0.86 0 0.09
0.74 0.86 0 0.09
0.88 0.86 0 0.13
0.93 0.75 0 0.15
0.94 1 0 0.03
0.93 0.86 0 0.13
0.94 0.88 0 0.13
0.79 0.84 0 0.13
0.92 0.72 0.34 -1.23457e+08
0.85 1 0 -1.23457e+08
0.93 0.84 0 0
1 0.84 0 0.03
0.95 1 0 0.13
0.93 0.75 0 0.18
1 0.86 0 0.09
0.93 0.84 0 0.13
1 0.75 0 0.03
1 1 0 0.09
0.94 0.75 0 0.09
0.94 1 0 0.03
0.93 0.86 0 0.05
0.93 0.8 0 0.03
1 0.84 0 0.13
0.93 0.84 0 0.2
0.79 0.88 0 0.13
1 0.86 0 0.03
0.89 0.84 0 0.03
0.86 0.8 0 0.03
0.92 0.84 0 0.13
1 0.86 0 0.03
0.94 0.86 0 0.03
0.89 0.86 0 0
0.95 0.86 0 0.03
0.93 0.86 0 0.13
1 1 0 0.13
1 0.86 0 0.03
0.95 0.84 0 0.25
1 0.86 0 0.55
0.86 1 0 0.57
0.94 0.84 0 0.57
0.93 0.75 0 0.55
0.89 1 0 0.48
0.93 1 0 0.59
0.93 0.9 0 0.53
0.93 1 0 0.59
0.91 0.88 0 0.55
0.89 0.84 0 0.45
0.72 0.72 0 0.61
1 0.86 0 0.48
1 0.8 0 0.52
0.93 0.84 0 0.5
0.86 0.86 0 0.47
0.93 0.86 0 0.57
0.93 1 0.25 0.55
1 0.72 0 0.57
1 0.84 0 0.59
0.93 0.84 0 0.5
1 0.84 0 0.47
0.94 0.88 0 0.55
0.94 0.86 0 0.57
0.94 1 0 0.57
1 0.84 0 0.62
0.8 0.86 0.34 0.47
1 0.84 0 0.55
0.94 0.8 0 0.55
0.94 0.84 0 0.55
1 0.86 0 0.55
0.94 0.86 0 0.48
0.86 1 0 0.73
1 0.84 0 0.48
0.93 0.84 0 0.59
1 0.84 0 0.59
1 0.84 0 0.57
0.89 0.84 0 0.55
0.95 0.91 0.4 0.35
0.94 0.84 0.25 0.57
0.93 0.88 0.2 0.5
0.94 1 0.25 0.63
0.93 0.84 0.25 0.57
1 0.84 0.5 0.34
1 0.84 0.25 0.64
0.93 1 0.34 0.37
1 1 0.25 0.65
1 1 0.5 0.66
0.93 0.67 0.34 0.55
0.94 0.84 0.5 0.45
0.94 0.72 0.34 0.6
0.93 0.86 0.25 0.55
1 0.84 0.34 0.61
0.84 0.75 0.34 0.48
1 0.67 0.5 0.59
0.93 0.75 0.25 0.57
1 0.84 0.4 0.53
0.93 0.88 0.25 0.57
1 0.86 0.25 0.5
1 1 0.34 0.55
0.8 0.86 0.25 0.63
