0.97 0.95 1 0.57
0.72 0.75 0.2 0.25
1 0.25 0.29 -123456789
0.69 0.25 0.25 0.09
0.19 0.25 0.6 -123456789
0 0.67 0.58 -123456789
0.56 0.72 0.67 0.31
0.15 0 0.5 0.09
0.42 0.38 0 -123456789
0.19 0.34 0 -123456789
0.38 0.38 0 -123456789
0.43 0.4 0 -123456789
0.45 0.34 0.34 -123456789
0.43 0.34 0 -123456789
0.5 0.15 0 -123456789
0.63 0.73 0 -123456789
0.4 0.13 0 -123456789
0.44 0.38 0 -123456789
0 0.67 0.34 -123456789
0.72 0 0 -123456789
0.6 0 0 -123456789
0 0.58 0 -123456789
0.43 0.43 0 -123456789
0.74 0.7 0 -123456789
0.73 0.6 0 -123456789
0.73 0.56 0 -123456789
0.34 0.67 0 -123456789
0.4 0.2 0 -123456789
0.46 0.37 0 -123456789
0.48 0 0 -123456789
0.29 0.3 0.13 0
0.5 0.38 0 -123456789
0.42 0.38 0 -123456789
0.23 0.17 0 -123456789
0.2 0.13 0 -123456789
0.54 0.4 0 -123456789
0.6 0 0 -123456789
0.19 0.43 0 -123456789
0.38 0.63 0 -123456789
0.25 0.7 0 -123456789
0.11 0.4 0 -123456789
0.75 0.34 0 -123456789
0.34 0.37 0 -123456789
0.7 0.67 0 -123456789
0.05 0.12 0 0.13
0.55 0.72 0 -123456789
0.19 0.6 0 -123456789
0.45 0.25 0 -123456789
0.23 0.15 0 -123456789
0.2 0.34 0 0
0.42 0.13 0 -123456789
0 0.3 0 -123456789
0 0 0 -123456789
0.23 0.34 0 -123456789
0 0 0 -123456789
0.43 0.38 0 -123456789
0 0 0 -123456789
0 0.5 0 -123456789
0.39 0.37 0 -123456789
0.69 0.29 0 -123456789
0.74 0.34 0 -123456789
0.45 0.4 0 -123456789
0.43 0.34 0 -123456789
0.74 0.67 0 -123456789
0.7 0.63 0 -123456789
0.72 0.43 0 -123456789
0.75 0.7 0 -123456789
0 0.5 0 -123456789
0 0.37 0 0
0 0.25 0 -123456789
0.22 0.7 0 -123456789
0.12 0.4 0 -123456789
0.81 0.67 0 -123456789
0.75 0.56 0 -123456789
0.67 0.56 0 -123456789
0.64 0.37 0 -123456789
0.75 0.37 0 -123456789
0.38 0 0 -123456789
0.25 0.34 0 -123456789
0 0 0 -123456789
0 0 0 -123456789
0 0 0 -123456789
0.5 0.6 0 -123456789
0 0 0 -123456789
0.12 0.34 0 -123456789
-123456789 0.28 0 -123456789
0.63 0.34 0 -123456789
0.82 0.5 0 -123456789
0.5 0.15 0 -123456789
0 0 0 -123456789
0.24 0 0 -123456789
0 0.15 0 -123456789
0.21 0.38 0 -123456789
0.09 0.38 0 -123456789
0 0.4 0 -123456789
0.58 0.3 0 -123456789
0.25 0 0 -123456789
0.6 0 0 -123456789
0.25 0.23 0 -123456789
0.75 0.58 0 -123456789
0.6 0 0 -123456789
0 0.19 0 -123456789
0 0 0 -123456789
0 0.17 0 -123456789
0 0.34 0 -123456789
0.15 0.37 0 -123456789
0.15 0.34 0 -123456789
0.19 0.34 0 -123456789
0.45 0.37 0 -123456789
0.5 0.23 0 -123456789
0.7 0.5 0 -123456789
0.5 0.4 0 -123456789
0.64 0.38 0 -123456789
0.74 0.6 0 -123456789
0.6 0.3 0 -123456789
0.5 0.38 0 -123456789
0.4 0.34 0 -123456789
0.5 0.67 0 -123456789
0.47 0.29 0.34 -123456789
0.11 0 0.15 -123456789
0.43 0.5 0 -123456789
0.45 0.23 0 -123456789
0.13 0.43 0 -123456789
0.23 0 0 -123456789
0 0.43 0 -123456789
0.28 0 0 -123456789
0.22 0 0 -123456789
0.46 0.34 0 -123456789
-123456789 0.43 0 -123456789
0.25 0.18 0 -123456789
0.05 0.2 0 -123456789
0 0.67 0 -123456789
0.8 0.56 0 -123456789
0.67 0.63 0 -123456789
0.72 0.55 0 -123456789
0 0.29 0 -123456789
0.06 1 0 -123456789
0.74 0.63 0 -123456789
1 0.6 0 -123456789
0.64 0.6 0 -123456789
0.63 0.43 0 -123456789
0.7 0.58 0 -123456789
0.73 0.34 0 -123456789
0.72 0.3 0 -123456789
0 0 0 -123456789
0.38 0.34 0 -123456789
0.34 0.17 0 0
0.12 0.38 0 -123456789
0 0.6 0 0
0.25 0.34 0 -123456789
0.67 0 0 -123456789
0.77 0.5 0 -123456789
0.73 0.88 0 -123456789
0.05 0.55 0 -123456789
0.46 0.37 0 -123456789
0.38 0.38 0 -123456789
0.5 0.39 0 -123456789
0.5 0.5 0 -123456789
0.67 0.29 0 -123456789
0.72 0.34 0 -123456789
0.58 0.39 0 -123456789
0.45 0.67 0.15 -123456789
0.5 0.62 0 -123456789
0.42 0.38 0 -123456789
0.65 0.38 0 -123456789
0.4 0 0 -123456789
0.48 0.34 0 -123456789
0.5 0.58 0 -123456789
0 0.37 0 -123456789
0.46 0.56 0 -123456789
0.78 0.63 0 -123456789
0.63 0 0 -123456789
0.75 0.3 0 -123456789
0.8 0.38 0 -123456789
0.4 0.34 0 -123456789
0.45 0.67 0 -123456789
0.84 0.63 0 -123456789
0 0.25 0 -123456789
0.63 0.34 0 -123456789
0.58 0.38 0 -123456789
0.4 0.38 0 -123456789
0.29 0 0 -123456789
0 0.34 0 -123456789
0.45 0.43 0 -123456789
0.73 0.38 0 -123456789
0.95 0.63 0 -123456789
0.73 0.63 0 -123456789
0.7 0.67 0 -123456789
0.15 0.38 0 -123456789
0.43 0.17 0 -123456789
0.78 0.43 0 -123456789
0.8 0 0 -123456789
0.5 0.56 0 -123456789
0.67 0.63 0 -123456789
0.67 0.38 0 -123456789
0.72 0.34 0 -123456789
0.43 0.2 0 -123456789
0.69 0.38 0 -123456789
0 0 0 -123456789
0.7 0.28 0 -123456789
0.64 0.45 0 -1.23457e+08
0.43 0.72 0 -1.23457e+08
0.64 0.38 0 -1.23457e+08
0.75 0.09 0 -123456789
0.5 0.38 0 -123456789
0.63 0.29 0 -123456789
0.43 0.38 0 -123456789
0.5 0 0 -123456789
0.25 0.17 0 -123456789
0.15 0.3 0 -123456789
0 0.13 0 -123456789
0.17 0.3 0 -123456789
0 0 0 -123456789
0.12 0.58 0 -123456789
0.72 0.3 0 -123456789
0.45 0.38 0 -123456789
0.45 0.38 0 -123456789
0.4 0.63 0 -123456789
0.8 0.75 0 -123456789
0.72 0.38 0 -123456789
0.67 0.56 0 -123456789
0.75 0.67 0 -123456789
0.7 0.45 0 -123456789
0.5 0.43 0 -123456789
0.5 0.38 0 -123456789
0.4 0.45 0 -123456789
0 0.38 0 -123456789
0 0.72 0 0
0 0.58 0 -123456789
0.58 0.5 0 -123456789
0.1 0.38 0 -123456789
0.34 0.38 0 -123456789
0.43 0 0 -123456789
0.69 0.59 0 -123456789
0.74 0.63 0 -123456789
0.73 0.72 0 -123456789
0.38 0.43 0 -123456789
0.5 0.42 0 -123456789
0.5 0.43 0 -123456789
0.5 0 0 -123456789
0.67 0.34 0 -123456789
0.74 0.12 0 -123456789
0.43 0.3 0 -123456789
0.48 0.38 0 -123456789
0.55 0.5 0 -123456789
0.75 0.5 0 -123456789
0.67 0.56 0 -123456789
0.75 0 0 -123456789
0.74 0.29 0 -123456789
0.7 0.55 0 -123456789
0.73 0.45 0 -123456789
1 0.56 0 -123456789
0.45 0.37 0 -123456789
0.67 0.38 0 -123456789
0.86 0 0 -123456789
0.47 0.39 0 -123456789
0.52 0.34 0 -123456789
0.75 0 0 -123456789
0.73 0.55 0 -123456789
0.38 0.5 0 -123456789
0.42 0.7 0 -123456789
0.43 0.25 0 -123456789
0.34 0.38 0 -123456789
0.37 0 0 -123456789
0.43 0.34 0 -123456789
0.23 0.45 0 -123456789
0.72 0.34 0 -123456789
1 0.58 0 -123456789
0.75 0.78 0 -123456789
0.38 0.38 0 -123456789
0.7 0.63 0 -123456789
0.74 0.5 0 0.03
0.75 0.25 0 0.05
0 0.29 0 -123456789
0.84 0.62 0 -123456789
0.73 0.56 0 -123456789
0.84 0.34 0 -123456789
0.5 0 0 -123456789
0.58 0.25 0 -123456789
0.89 1 0 0
1 0.72 0 -123456789
0.94 0.86 0 -123456789
0.93 0.86 0 -123456789
1 0.75 0 -123456789
0.91 0.86 0 -123456789
1 1 0 -123456789
0.82 0.88 0 -123456789
0.8 0.84 0 -123456789
0.92 0.84 0 -123456789
1 0.84 0 -123456789
0.9 0.79 0 -123456789
0.93 0.72 0 -123456789
1 0.86 0 -123456789
0.8 0.78 0 -123456789
0.84 0.63 0 -123456789
1 0.89 0 -123456789
1 0.84 0 -123456789
1 1 0 -123456789
0.9 0.84 0 -123456789
1 1 0.4 -123456789
0.95 0.75 0 -123456789
0.89 0.75 0 -123456789
0.94 0.88 0 -123456789
0.95 0.86 0 -123456789
0.86 0.84 0 -123456789
1 0.72 0 -123456789
0.95 0.88 0 -123456789
1 0.87 0 -123456789
1 0.86 0 -123456789
0.95 0.86 0 -123456789
0.96 0.86 0 -123456789
0.8 0.86 0 -123456789
0.89 0.84 0 -123456789
0.9 0.86 0 -123456789
0.88 0.75 0 -123456789
0.89 0.86 0 -123456789
1 0.86 0 -123456789
0.93 0.86 0 -123456789
0.91 0.89 0 -123456789
1 1 0 -123456789
0.96 0.86 0 -123456789
0.89 0.86 0 -123456789
0.97 0.86 0 -123456789
0.95 0.84 0 -123456789
1 0.63 0 -123456789
0.91 0.86 0 -123456789
0.93 1 0 -123456789
0.85 0.84 0 -123456789
1 0.75 0 -123456789
0.88 0.86 0 -123456789
1 1 0 -123456789
1 0.88 0 -123456789
0.94 0.91 0 -123456789
0.94 0.86 0 -123456789
0.91 1 0 -123456789
0.96 0.86 0 -123456789
0.9 0.72 0 -123456789
1 0.67 0 -123456789
0.94 1 0 -123456789
1 1 0 -123456789
0.93 0.72 0 -123456789
0.9 0.75 0 -123456789
1 0.84 0 -123456789
0.89 0.88 0 -123456789
1 0.84 0 -123456789
0.87 0.75 0 -123456789
0.93 0.89 0 -123456789
1 0.84 0 -123456789
0.99 0.89 0 0
1 0.84 0 -123456789
0.84 0.88 0 -123456789
0.94 1 0 -123456789
0.88 0.72 0 -123456789
0.95 1 0 -123456789
1 0.86 0 -123456789
0.9 0.84 0 -123456789
1 0.72 0 -123456789
0.86 0.84 0 -123456789
0.91 1 0 -123456789
1 0.86 0 -123456789
0.89 0.9 0 -123456789
0.94 0.84 0 -123456789
0.89 0.84 0 -123456789
0.94 1 0 -123456789
0.9 1 0 -123456789
0.89 0.86 0 -123456789
1 0.75 0 -123456789
0.96 0.84 0 -123456789
0.94 0.84 0 -123456789
0.77 0.72 0 -123456789
0.9 0.75 0 -123456789
0.94 0.88 0 -123456789
0.95 0.87 0 -123456789
0.93 0.9 0 -123456789
0.94 0.86 0 -123456789
0.97 0.86 0 -123456789
0.78 1 0 -123456789
0.95 1 0 0
0.93 1 0 -123456789
0.87 0.67 0 -123456789
1 0.86 0 -123456789
1 0.86 0 -123456789
0.96 0.72 0 -123456789
0.95 0.86 0 -123456789
0.93 0.75 0.1 -123456789
0.95 1 0 -123456789
0.95 0.84 0 -123456789
0.95 0.84 0 -123456789
0.95 1 0 -123456789
0.89 0.88 0 -123456789
0.95 1 0 -123456789
1 1 0 -123456789
0.86 1 0 -123456789
0.93 0.84 0 -123456789
0.96 0.86 0 -123456789
1 1 0 -123456789
0.94 1 0 -123456789
0.95 0.84 0 -123456789
0.89 0.72 0 -123456789
0.93 0.88 0 -123456789
0.94 0.72 0 -123456789
1 1 0 -123456789
0.94 0.75 0 -123456789
0.95 0.75 0 -123456789
0.94 0.86 0 -123456789
0.87 0.58 0 -123456789
0.95 0.86 0 -123456789
0.94 0.86 0 -123456789
1 0.86 0 -123456789
1 0.84 0 -123456789
1 0.86 0 -123456789
0.94 0.86 0 -123456789
0.94 0.88 0 -123456789
1 0.78 0 -123456789
1 0.84 0 -123456789
0.89 1 0 -123456789
0.91 1 0 -123456789
0.87 1 0 -123456789
1 0.88 0 -123456789
1 0.86 0 -123456789
1 0.75 0 -123456789
0.93 1 0 -123456789
0.93 0.84 0 -123456789
1 1 0 -123456789
0.94 0.84 0 -123456789
0.95 1 0 -123456789
1 0.63 0 -123456789
0.93 0.9 0 -123456789
0.93 0.88 0.2 -123456789
1 0.75 0 -123456789
0.86 1 0 -123456789
1 0.86 0 -123456789
1 0.88 0 -123456789
0.86 1 0 -123456789
0.86 0.72 0 -123456789
0.96 0.84 0 -123456789
1 0.86 0 -123456789
0.94 1 0 -123456789
0.95 0.86 0 -123456789
0.95 0.86 0 -123456789
0.94 1 0 0.09
0.89 0.84 0 0.03
0.93 1 0 0.09
0.86 0.63 0.34 0.13
0.93 0.75 0 0.13
0.94 1 0 0.09
0.94 1 0 0
1 0.86 0 -123456789
0.89 0.84 0 0.13
0.88 0.86 0 0.03
1 0.86 0 0.03
1 0.8 0 0.03
1 0.75 0 0.09
0.88 0.84 0 0.13
1 1 0 0.13
0.89 0.84 0 0.03
1 0.75 0 0.03
0.94 0.75 0 0.15
0.86 1 0 0.09
1 0.84 0 0.13
0.9 0.88 0 -123456789
0.9 0.88 0 0.13
1 0.86 0 0.09
1 0.84 0 0.13
0.94 0.84 0 0.17
0.92 0.8 0 0.03
1 0.88 0 0.13
0.96 1 0 0.17
-123456789 0.85 0 0.03
0.92 0.86 0 0.03
1 0.88 0 0.25
0.84 1 0 0.25
0.89 0.72 0 0.31
0.94 0.88 0 0.38
0.93 0.78 0 0.38
0.87 1 0.34 0.38
0.86 0.88 0 0.38
0.9 0.67 0 0.38
0.94 1 0 0.38
0.95 0.88 0 0.25
0.94 0.84 0 0.05
0.94 1 0 0.33
0.89 0.72 0 0.38
0.89 0.86 0 0.38
0.92 0.88 0 0.38
1 0.75 0 0.31
1 0.86 0 0.31
1 1 0 0.25
1 0.84 0 0.63
1 0.84 0 0.57
0.93 0.63 0 0.5
0.97 1 0 0.61
0.89 0.84 0 0.42
0.94 0.8 0 0.5
0.94 0.86 0 0.57
1 0.75 0 0.57
0.92 1 0.2 0.57
1 0.86 0 0.42
0.94 1 0 0.63
0.96 0.84 0 0.61
1 1 0 0.64
0.84 1 0 0.5
0.93 1 0 0.61
0.87 0.86 0 0.5
-123456789 0.8 0 0.65
0.93 0.84 0 0.62
0.93 1 0 0.55
0.93 0.84 0 0.59
1 1 0 0.57
0.93 0.84 0 0.57
1 0.84 0 0.61
0.94 0.86 0 0.53
0.96 0.78 0 0.42
0.94 0.86 0 0.57
0.95 0.84 0 0.57
0.93 0.72 0 0.5
1 0.72 0 0.57
1 1 0 0.33
-123456789 0.86 0 0.57
1 0.84 0 0.45
1 1 0 0.55
0.82 0.84 0 0.45
0.86 0.75 0.25 0.63
0.99 0.88 0.25 0.54
0.84 0.84 0.5 0.57
0.94 0.84 0.25 0.48
0.92 1 0.34 0.57
0.92 0.84 0.45 0.57
1 0.84 0 0.19
0.93 1 0.25 0.63
0.89 0.88 0.67 0.55
0.91 0.86 0.25 0.5
1 0.84 0.25 0.72
0.96 1 0.34 0.55
0.92 0.84 0.34 0.57
0.94 1 0 0.5
