0.88 1 0.5 0.55
1 0.86 0.67 0.61
0.93 0.86 0.6 0.63
0.43 0.37 0.8 0.03
0 0.19 0.34 -123456789
0 0.13 0.67 -123456789
0 0 0.34 -123456789
0 0 0.25 -123456789
0 0 0.5 -123456789
0 0 0.86 -123456789
0 0 0.5 -123456789
0 0 0.6 -123456789
0 0 0.75 -123456789
0 0 0.6 -123456789
0 0 0.5 -123456789
0 0 0.5 -123456789
0 0 0.5 -123456789
0 0 0.43 -123456789
0 0 0.7 -123456789
0 0 0.58 -123456789
0.12 0 0.6 -123456789
0 0 0.5 0.46
0 0 0.75 0.17
0 0 0.4 0.33
0 0 0.5 0.22
0 0 0.6 -123456789
0 0 0.4 -123456789
0 0 0.75 -123456789
0 0 0.5 -123456789
0 0 0.5 -123456789
0 0 0.6 -123456789
0 0 0.5 -123456789
0 0 0.25 -123456789
0 0 0.4 -123456789
0 0 0 -123456789
0 0 0.5 -123456789
0 0 0.67 -123456789
0 0 0.5 -123456789
0 0 0.6 -123456789
0 0 0.5 -123456789
0 0 0.5 -123456789
0 0 0.6 -123456789
0 0 0.5 -123456789
0 0 0.6 -123456789
0 0 0.5 -123456789
0 0 0.67 -123456789
0 0 0.6 -123456789
0 0 0.5 -123456789
0 0 0.5 -123456789
0 0 0.6 -123456789
0 0 0.43 -123456789
0 0 0.5 -123456789
0 0 0.6 -123456789
0 0 0.25 -123456789
0 0 0.5 -123456789
0 0 0.67 -123456789
0 0 0 -123456789
0 0 1 -123456789
0 0 0.5 -123456789
0 0 0.75 -123456789
0 0 0.67 -123456789
0 0 0 -123456789
0 0 0.6 -123456789
0 0 0.6 -123456789
0 0 0.5 -123456789
0 0 0.6 -123456789
0 0 0.5 -123456789
0 0 0.67 -123456789
0 0 0.8 -123456789
0 0 0.43 -123456789
0 0 0.75 -123456789
0 0 0.6 -123456789
0 0 0.5 -123456789
0 0 0.6 -123456789
0 0 0.34 -123456789
0.13 0 0 -123456789
0 0 0.4 -123456789
0 0 0.6 -123456789
0 0 0.4 -123456789
0 0 0.5 -123456789
0 0 0.6 -123456789
0 0 0.5 -123456789
0 0 0.5 -123456789
0 0 0.6 -123456789
0 0 0.8 -123456789
0 0 0.67 -123456789
0 0.17 0.5 -123456789
0 0 0.72 -123456789
0 0 0.5 -123456789
0 0 0.6 -123456789
0 0 0.5 -123456789
0 0 0.43 0.21
0 0 0.5 0.42
0 0 0.5 -123456789
0 0 0.6 -123456789
0 0 0.5 -123456789
0 0 0.4 -123456789
0 0 0.67 0.03
0 0 0.6 0
0 0 0.34 -123456789
0 0 0.34 -123456789
0 0 0.5 -123456789
0 0 0 -123456789
0 0 0.6 -123456789
0 0 0.34 -123456789
0 0 0.6 -123456789
0 0 1 -123456789
0 0 0.6 -123456789
0 0 0.5 -123456789
0 0 0.75 -123456789
0 0 0.5 -123456789
0 0 0.5 -123456789
0 0 0.5 -123456789
0 0 0.5 -123456789
0 0 0.5 -123456789
0 0 0.25 -123456789
0 0 0.75 -123456789
0 0 0.5 -123456789
0 0 0.67 -123456789
0 0 0.5 -123456789
0 0 0.5 -123456789
0 0 0.43 -123456789
0 0 0.4 -123456789
0 0 0.2 -123456789
0 0 0.4 -123456789
0 0 0.5 0
0 0 0.8 -123456789
0 0 0.5 -123456789
0 0 0.29 -123456789
0 0 0.5 -123456789
0 0 0.2 -123456789
0.13 0 0.4 -123456789
0 0 0.5 -123456789
0 0 0.67 -123456789
0 0 0.5 -123456789
0 0 0.6 -123456789
0 0 0.5 -123456789
0 0 0.6 -123456789
0.12 0 0.5 -123456789
0 0 0.2 -123456789
0 0 0.5 -123456789
0 0 0.2 -123456789
0 0 0.2 -123456789
0 0 0.34 -123456789
0 0 0.4 -123456789
0 0 0.5 -123456789
0 0 0.4 -123456789
0 0 0.5 -123456789
0 0 0.5 -123456789
0 0 0.67 -123456789
0 0 0.4 -123456789
0 0 0.6 -123456789
0 0 0.67 -123456789
0 0 0.25 -123456789
0 0 0.67 -123456789
0.08 0 0.5 -123456789
0 0 0 -123456789
0 0 0.67 -123456789
0 0.12 0.5 -123456789
0 0 0.67 -123456789
0 0.34 0.75 -123456789
0 0.34 0.4 -123456789
0 0.2 0.34 -123456789
0 0.67 0.5 -123456789
0 0.58 0.34 -123456789
0 0.5 0.5 -123456789
0 0.67 0.5 -123456789
0 0.84 0.4 -123456789
0 1 0.4 -123456789
0 0.86 0.5 -123456789
0 0.84 0 -123456789
0 0.86 0.75 -123456789
0 0.84 0.5 -123456789
0 1 0.5 0.03
0 0.84 0.5 0.38
0 1 0.4 0.38
0 0.84 0.67 0.38
0 1 0.67 0.63
0 0.84 0.4 0.49
0 1 0.4 0.71
0 0.78 0.25 -123456789
0 0.72 0.5 -123456789
0 0.75 0.5 -123456789
0 0.72 0.5 -123456789
0 0.86 0.5 -123456789
0 0.86 0.4 -123456789
0 0.72 0.5 -123456789
0 0.86 0.25 -123456789
0 0.8 0.67 -123456789
0 1 0.5 -123456789
0 0.86 0.5 -123456789
0 0.75 0.67 -123456789
0 1 0.5 -123456789
0 0.7 0.67 -123456789
0 0.86 0.25 -123456789
0 0.86 0 -123456789
0 1 0.67 -123456789
0 1 0.25 -123456789
0 0.86 0.5 -123456789
0 0.86 0.5 -123456789
0 0.84 0.4 -123456789
0 0.58 0.6 -123456789
0 0.84 0.5 -123456789
0 0.9 0.4 -123456789
0.08 1 0.5 -123456789
0 0.67 0.34 -123456789
0 0.88 0.67 -123456789
0 0.84 0.5 -123456789
0 0.86 0.4 -123456789
0 1 0.25 -123456789
0 0.84 0.25 -123456789
0 1 0.5 -123456789
0 0.86 0.43 -123456789
0 1 0.5 -123456789
0 0.84 0.4 -123456789
0 0.84 0.67 -123456789
0.08 0.86 0.5 -123456789
0 0.86 0.5 -123456789
0 0.84 0.4 -123456789
0 0.86 0.75 -123456789
0 1 0.34 -123456789
0 0.86 0.2 -123456789
0 0.75 0.5 -123456789
0 0.86 0.2 -123456789
0.22 0.75 0.75 -123456789
0.27 0.86 0.75 -123456789
0.1 1 0.6 -123456789
0.55 0.84 0.4 -123456789
0.47 0.84 0.5 -123456789
0.42 0.8 0.34 -123456789
0 0.86 0.34 -123456789
0.93 0.84 0.5 -123456789
0.87 0.84 0.67 -123456789
0.94 0.84 0.5 -123456789
0.87 0.84 0.25 -123456789
0.95 0.86 0.5 -123456789
0.93 1 0.6 -123456789
1 0.67 0.25 -123456789
1 0.86 0 -123456789
1 0.84 0.4 -123456789
0.86 0.84 0.5 -123456789
1 0.88 0.67 -123456789
0.85 0.72 0.5 -123456789
0.86 0.84 0.34 -123456789
1 0.84 0.25 -123456789
0.93 0.86 0.4 -123456789
1 0.84 0.5 -123456789
1 0.86 0.75 -123456789
0.85 0.78 0.5 -123456789
0.93 0.93 0.5 -123456789
1 1 0.5 -123456789
0.93 0.86 0.67 -123456789
0.87 1 0.15 -123456789
1 0.75 0.5 -123456789
0.89 1 0.43 -123456789
0.92 0.86 0.67 -123456789
0.92 0.67 0.34 -123456789
0.94 0.86 0.5 -123456789
0.94 0.88 0.5 -123456789
0.87 0.72 0.25 -123456789
0.93 0.67 0.5 -123456789
0.94 0.84 0.4 -123456789
0.94 0.75 1 -123456789
0.85 0.6 0.67 -123456789
0.94 1 0.67 -123456789
0.92 0.86 0.25 -123456789
1 1 0 -123456789
1 1 0.67 -123456789
1 0.86 0.5 -123456789
1 1 0.67 -123456789
0.87 0.86 0.67 -123456789
0.94 0.89 0.4 -123456789
0.93 1 0.5 -123456789
0.84 0.84 0.4 -123456789
0.94 0.84 0.5 -123456789
0.91 0.84 0.5 -123456789
0.94 0.84 0.43 -123456789
1 1 0.34 -123456789
0.93 0.78 0.5 -123456789
0.86 0.86 0.5 -123456789
0.92 0.84 0.5 -123456789
0.93 0.88 0 -123456789
1 1 0.5 -123456789
0.86 1 0.5 -123456789
0.94 1 1 -123456789
0.86 0.88 0.5 -123456789
0.86 0.17 0.67 -123456789
0.86 0.84 0.6 -123456789
0.95 0.88 0.67 -123456789
0.9 1 0.34 0
0.94 0.86 0.25 -123456789
1 0.88 0.5 -123456789
0.94 0.86 0.25 -123456789
0.94 0.75 0.25 -123456789
0.93 1 0.67 -123456789
0.93 0.72 0.2 -123456789
0.93 0.75 0.5 -123456789
0.87 0.84 0.5 -123456789
1 0.84 0.5 -123456789
0.94 0.8 0.6 -123456789
0.93 0.84 0.4 -123456789
1 0.86 0.25 -123456789
0.93 0.84 0.67 -123456789
0.93 0.84 0.34 -123456789
0.89 0.88 0.5 -123456789
0.94 0.84 0.25 -123456789
0.89 0.86 0.72 -123456789
0.86 0.86 0.5 -123456789
1 1 0.25 -123456789
0.85 0.75 0.67 -123456789
1 0.86 0 -123456789
0.89 1 0.5 -123456789
1 0.84 0.5 -123456789
1 0.88 0.58 -123456789
1 0.5 0.5 -123456789
0.92 1 0.6 -123456789
0.86 1 0.4 -123456789
1 0.75 0.25 -123456789
0.89 0.72 0.5 -123456789
0.8 0.91 0.34 -123456789
0.85 0.86 0.5 -123456789
0.9 0.84 0.34 -123456789
0.94 0.86 0.2 -123456789
0.93 0.84 0.4 -123456789
0.94 0.72 0 -123456789
0.92 0.63 0.5 -123456789
0.86 1 0.5 -123456789
0.95 0.86 0.5 -123456789
1 1 0.34 -123456789
0.88 1 0.34 -123456789
1 1 0.34 -123456789
0.86 0.84 0.5 -123456789
0.93 0.88 0.6 -123456789
0.93 0.75 0.4 -123456789
1 0.84 0.34 -123456789
0.93 0.86 0.67 -123456789
0.93 1 0.75 -123456789
1 0.86 0.5 -123456789
0.92 0.8 0.5 0.2
1 0.72 0 -123456789
1 0.84 0.5 -123456789
0.92 0.75 0.5 -123456789
0.91 0.75 0.5 -123456789
1 0.7 0.25 -123456789
0.87 0.8 0.25 -123456789
0.93 0.86 0.5 -123456789
0.87 0.67 0.72 -123456789
0.94 0.86 0.4 -123456789
0.93 0.84 0.75 -123456789
1 0.88 0.34 -123456789
0.93 0.72 0.6 -123456789
0.94 0.84 0.5 -123456789
0.95 1 0.5 -123456789
0.85 1 0.25 -123456789
0.93 1 0.34 -123456789
0.92 1 0.4 -123456789
0.94 1 0.67 -123456789
0.94 0.75 0.4 -123456789
0.94 0.86 0.25 -123456789
1 0.84 0.67 -123456789
0.94 0.84 0.5 -123456789
0.94 0.84 0.5 -123456789
1 0.86 0.34 -123456789
0.92 0.67 0.4 -123456789
0.93 0.84 0.67 -123456789
0.92 1 0.34 -123456789
0.93 1 0.4 -123456789
0.93 1 0 -123456789
0.93 0.75 0.34 -123456789
1 0.84 0.5 -123456789
0.93 0.84 0.67 -123456789
0.87 1 0.67 -123456789
0.93 0.86 0.5 -123456789
0.92 1 0.63 -123456789
1 0.86 0.4 -123456789
0.87 0.92 0.4 -123456789
0.86 0.88 0.6 -123456789
1 1 0.67 -123456789
0.87 1 0 -123456789
0.94 0.84 0.34 -123456789
0.77 0.84 0.2 -123456789
0.84 0.75 0.34 -123456789
1 0.78 0.58 -123456789
0.86 0.86 0.34 -123456789
0.8 0.86 0.5 -123456789
0.93 0.86 0.5 -123456789
1 0.86 0.67 -123456789
1 0.9 0.5 -123456789
1 0.75 0.5 -123456789
0.89 1 0 -123456789
1 1 0.5 -123456789
0.95 0.86 0.4 -123456789
0.93 1 0.34 -123456789
0.86 1 0.5 -123456789
1 1 0.4 -123456789
0.93 0.75 0.25 -123456789
0.93 0.86 0.6 0
0.86 1 0.58 -123456789
0.93 0.78 0.4 -123456789
1 0.86 0.5 -123456789
0.93 0.86 0.34 -123456789
1 0.86 0.5 -123456789
0.89 0.86 0.34 -123456789
0.87 0.84 0.6 -123456789
0.86 0.86 0 -123456789
0.94 0.86 0.34 -123456789
0.88 0.67 0.34 -123456789
0.87 0.86 0.4 -123456789
1 0.8 0.6 -123456789
1 1 0.67 -123456789
0.93 0.86 0.2 -123456789
0.93 0.86 0.5 -123456789
0.93 1 0.4 -123456789
0.92 0.88 0.5 -123456789
0.93 1 0.5 -123456789
0.93 1 0.5 -123456789
0.94 0.86 0.34 -123456789
1 0.78 0.5 -123456789
0.86 0.75 0.34 -123456789
0.86 0.75 0.34 -123456789
0.93 0.84 0.34 -123456789
0.94 0.8 0.5 -123456789
0.94 1 0.5 0.2
1 0.78 0.6 0.38
0.93 0.86 0 0.31
0.93 1 0.34 0.35
0.86 0.86 0.6 -123456789
1 0.72 0.2 0.14
1 0.86 0.5 -123456789
1 0.84 0.25 -123456789
0.78 0.88 0.4 0.15
0.91 0.84 0.58 -123456789
0.87 1 0.4 -123456789
0.93 0.78 0.4 -123456789
0.93 0.86 0.5 -123456789
0.93 1 0.34 -123456789
0.93 0.75 0.4 -123456789
1 0.84 0.72 -123456789
0.86 0.78 0 -123456789
0.91 0.72 0.34 -123456789
1 0.84 0.4 -123456789
0.93 0.72 0.5 -123456789
1 0.84 0.34 -123456789
0.92 0.88 0.25 -123456789
1 0.8 0.34 -123456789
0.94 0.75 0.25 -123456789
0.88 1 0.5 -123456789
0.93 0.72 1 -123456789
0.86 1 0.6 -123456789
0.93 0.86 0.5 -123456789
0.93 1 0.67 -123456789
0.93 0.84 0.67 -123456789
1 1 0.2 -123456789
0.89 0.86 0.34 -123456789
0.94 1 0.67 -123456789
0.88 0.84 0.5 -123456789
0.94 1 0.67 -123456789
0.94 0.86 0.4 -123456789
0.93 0.72 0.4 -123456789
0.86 0.84 0.34 -123456789
1 1 0.5 -123456789
1 1 0.5 0.13
1 1 0.5 0.03
0.94 0.84 0.4 0.09
0.93 0.84 0.5 0.04
0.86 0.75 0.4 0
0.89 0.75 0.75 0.03
0.94 0.75 0.17 0.03
0.89 0.86 0.5 0.03
1 0.86 0.4 0.13
0.93 0.8 1 0.13
0.92 0.72 0.5 0.03
0.94 0.84 0.67 0.15
0.87 0.84 0.67 0.11
0.93 0.8 0.4 0.09
1 0.75 0.5 0.13
0.93 0.86 0.5 -123456789
0.93 0.86 0.5 0.09
0.88 1 0.4 0.09
0.93 0.67 0.5 0.13
0.94 0.72 0.67 0.04
0.82 1 0 0.13
1 1 0.4 0.09
0.82 1 0.4 0.09
0.94 0.84 0.5 0.13
0.95 0.78 0.5 0.09
0.93 0.84 0.5 0.09
0.93 0.93 0.4 0.09
0.92 0.84 0.5 0.03
0.93 0.84 0.34 -123456789
1 0.84 0.5 0.03
0.94 0.75 0.4 0.03
1 0.84 0.72 0.09
0.9 0.86 0.34 0.09
0.94 0.84 0.34 0.13
0.86 1 0.34 0.09
0.93 0.72 0 0.13
1 0.84 0.5 0.2
0.93 0.72 0.6 0.09
1 0.72 0.25 0.03
0.89 0.84 0.5 0.03
0.95 0.84 0.5 0.13
0.94 1 0.6 0.13
1 0.84 0.67 0.25
0.94 0.86 0.4 0.03
0.94 0.84 0.5 0.09
1 0.84 0.2 0.13
0.93 0.88 0.5 0.17
0.91 1 0.4 0.25
0.94 0.86 0.4 0.5
0.93 0.84 0.4 0.63
0.94 0.86 0 0.64
1 0.84 0.5 0.52
0.93 0.84 0.34 0.63
0.93 1 0.34 0.48
0.92 0.86 0.34 0.57
0.94 0.84 0 0.57
0.94 0.84 0.34 -1.23457e+08
1 0.84 0.25 0.25
0.84 0.86 0.5 0.38
0.8 0.75 0.4 0.38
1 0.88 0.5 0.31
1 0.86 0.4 0.38
1 0.8 0.67 0.34
0.86 0.86 0.2 0.25
0.93 0.8 0.4 0.25
0.87 1 0.6 0.38
0.93 0.88 0.4 0.25
1 1 0.25 0.38
0.94 0.84 0.5 0.25
0.86 0.84 0.4 0.44
1 1 0.5 0.42
0.93 0.46 0.25 0.38
1 0.86 0.4 0.38
0.93 0.86 0.5 0.42
0.93 0.84 1 0.17
0.86 0.72 0.5 0.38
1 0.84 0.4 0.47
0.93 0.84 0.25 0.38
