0.89 0.75 1 0.6
1 1 0.75 0.35
0.93 0.84 0.75 0.57
0.63 0.56 0.25 0.25
0.5 0.34 0.25 0.38
0.67 0.34 0 0.17
0.72 0.38 0 0.25
0.72 0.67 0 -123456789
0.93 0.63 0 -123456789
0.72 0.38 0 0.25
0.5 0 0 0.25
0.29 0.45 0 -123456789
0.15 0.15 0 0.09
0.5 0.45 0 -123456789
0.48 0 0 -123456789
0.4 0.59 0 -123456789
0.56 0 0 -123456789
0.2 0.34 0 -123456789
0.8 0.5 0 -123456789
0.38 0 0 -123456789
0 0.23 0.34 -123456789
0 0.58 0 -123456789
0.67 0.46 0 0.45
0.9 0.67 0 0.34
0.75 0.59 0 0.75
0.88 0.58 0 0.75
0.5 0.38 0 0.57
0.4 0.3 0 0.6
0.5 0.34 0 0.47
0.5 0.13 0 0.52
0 0.4 0 0.64
0.23 0.56 0.25 -123456789
0 0.75 0 0.12
-123456789 0.23 0 -123456789
0.47 0.3 0 -123456789
0.8 0.4 0 0.09
0.45 0.23 0 -123456789
0.13 0.5 0 -123456789
0.45 0 0 -123456789
0.5 0.58 0 -123456789
0.23 0.44 0 0.03
0.38 0.46 0 -123456789
0.25 0.42 0 0.55
0.75 0.67 0 -123456789
1 0.63 0 -123456789
0.71 0.63 0 -123456789
0.47 0.63 0 -123456789
0.15 0 0 -123456789
0.74 0.72 0 -123456789
0.72 0.38 0 -123456789
0 0.72 0 -123456789
0.72 0 0 -123456789
0 0.37 0 -123456789
0.25 0.17 0 0.13
0.29 0.43 0 0.2
0 0.34 0 -123456789
0.15 0 0 -123456789
0.13 0.13 0 -123456789
0 0 0 -123456789
0 0 0 -123456789
0 0.38 0 -123456789
0 0 0 -123456789
0.2 0.46 0 -123456789
0 0.34 0 -123456789
0.5 0.29 0 -123456789
0.84 0.67 0 -123456789
0.67 0.38 0 -123456789
0.38 0.34 0 -123456789
0.75 0.13 0 -123456789
0.73 0.34 0 -123456789
0.72 0.64 0 -123456789
0.74 0 0 -123456789
0.73 0.67 0 -123456789
0 0.4 0 -123456789
0.4 0.38 0 -123456789
0.5 0.5 0 -123456789
0.53 0 0 -123456789
0 0.34 0 -123456789
0.17 0.43 0 -123456789
0.88 0.9 0 -123456789
0.72 0.67 0 -123456789
0.43 0.58 0 -123456789
0.5 0.37 0 -123456789
0.5 0.15 0 -123456789
0.17 0.29 0.13 -123456789
0 0 0 -123456789
0 0.56 0 -123456789
0 0.5 0 -123456789
0 0.63 0 -123456789
0.38 0.25 0 -123456789
0.47 0.34 0 -123456789
0 0 0 -123456789
0.72 0.56 0 -123456789
0.43 0.17 0 -123456789
0.56 0 0 -123456789
0.25 0.56 0 -123456789
0.24 0.38 0 -123456789
0 0 0 -123456789
0.4 0.25 0 -123456789
0 0.34 0 0.09
0.29 0 0 -123456789
0.18 0.63 0 -123456789
0.24 0.34 0 -123456789
0.7 0.38 0 -123456789
0.09 0 0 -123456789
0.73 0.25 0 -123456789
0.67 0.34 0 -123456789
0.72 0.29 0 -123456789
0 0.38 0 -123456789
0 0.46 0 0
0 0 0 -123456789
0.4 0.15 0 -123456789
0.13 0 0 -123456789
0 0.38 0 -123456789
0.25 0.42 0 -123456789
0 0.65 0 -123456789
0 0 0 -123456789
0 0.5 0 -123456789
0 0.34 0 -123456789
0 0.56 0 -123456789
0.72 0.72 0 -123456789
0.73 0.42 0 -123456789
0.78 0 0 -123456789
0.93 0.5 0 -123456789
0.5 0.63 0 -123456789
0.67 0.34 0 -123456789
0.37 0.5 0 -123456789
0.07 0.4 0 -123456789
0.34 0.34 0 -123456789
0.5 0 0 -123456789
0 0.5 0 -123456789
0.22 0.67 0 -123456789
0.67 0.38 0 -123456789
0.5 0.56 0 -123456789
0.34 0.23 0 -123456789
0.67 0.15 0 -123456789
0.5 0.3 0 -123456789
0.25 0.43 0 -123456789
0.4 0.45 0 -123456789
0.22 0.38 0 -123456789
0.58 0 0 -123456789
0 0 0 -123456789
0.43 0.55 0 -123456789
0.38 0.34 0 -123456789
0.8 0.63 0 -123456789
0.63 0.65 0 -123456789
0 0.25 0 -123456789
0.67 0.56 0 -123456789
0.74 0.58 0 -123456789
0 0.56 0 -123456789
0.95 0.56 0 -123456789
0.75 0.63 0 -123456789
0.72 0.67 0 -123456789
0.72 0.56 0 -123456789
0.54 0 0 -123456789
0.89 0.72 0 -123456789
0.75 0.5 0 0.38
0.45 0 0 0.5
0.56 0.3 0 0.48
0 0.15 0 -123456789
0 0.25 0 -123456789
0.47 0.43 0 -123456789
0.58 0.2 0 -123456789
0.78 0.59 0 -123456789
0.75 0.6 0 -123456789
0.69 0.63 0 -123456789
0 0.5 0 -123456789
0.45 0.29 0 -123456789
0.5 0.5 0 -123456789
0.43 0.17 0 0.03
0.38 0 0.2 0.18
0 0.5 0 0.09
0.36 0.34 0 0.03
0.14 0.67 0 0.09
0.4 0.3 0 0.09
0.45 0.34 0 0.03
0.48 0.38 0 -123456789
0.22 0.45 0 -123456789
0.5 0.45 0 -123456789
0.5 0 0 -123456789
0.15 0.34 0 -123456789
0.44 0.6 0 0
0.23 0.6 0 -123456789
0.48 0.6 0 -123456789
0.72 0.67 0 -123456789
0.73 0 0.15 -123456789
0.56 0.5 0 -123456789
0.67 0.63 0 -123456789
0.72 0.25 0 -123456789
0 0.34 0 -123456789
0 0 0 -123456789
0.67 0.5 0 -123456789
0 0.43 0 -123456789
0.69 0.38 0 -123456789
0.47 0.56 0 -123456789
0.5 0.43 0 -123456789
0.5 0.34 0 -123456789
0.5 0.4 0 -123456789
0.87 0.64 0 -123456789
0.75 0.67 0 -123456789
0.75 0.67 0 -123456789
0.67 0.38 0 -123456789
0.67 0.63 0 -123456789
0.72 0.63 0 -123456789
0.58 0.4 0 -123456789
0.43 0.29 0 -123456789
0.67 0.63 0 -123456789
0.58 0.34 0 -123456789
0 0.58 0 -123456789
0.48 0.63 0 -123456789
0.67 0.63 0 -123456789
0.6 0.38 0 -123456789
0.5 0.4 0 -123456789
0.45 0.23 0 -123456789
0.75 0.34 0 -123456789
0.47 0.15 0 -123456789
0.7 0.8 0 0.09
0.65 0.56 0 0.03
0 0 0 -123456789
0.67 0.58 0 0.36
0.63 0.29 0 -123456789
0.43 0.29 0 -123456789
0.5 0.28 0 -123456789
0 0.38 0 -123456789
0.12 0.4 0 -123456789
0.13 0.34 0 -1.23457e+08
0.63 0.38 0 -1.23457e+08
0.7 0.67 0 -123456789
0.5 0.6 0 -123456789
0.5 0 0 -123456789
0.29 0.34 0 -123456789
0 0 0 -123456789
0.25 0.67 0 -123456789
0.67 0.64 0 -123456789
0.85 0.56 0 -123456789
0 0.38 0 -123456789
0.53 0.37 0 0
0.72 0.63 0 -123456789
0.38 0.12 0 -123456789
0 0.25 0 -123456789
0 0.7 0 -123456789
0.5 0.63 0 -123456789
0.24 0.72 0 -123456789
0.64 0.72 0 -123456789
0.2 0 0 -123456789
0.67 0.56 0 -123456789
0.67 0.25 0 -123456789
0 0 0 -123456789
0.67 0.5 0 -123456789
0.77 0.67 0 -123456789
0.7 0.56 0 -123456789
0.34 0.38 0 -123456789
0.4 0.4 0 -123456789
0.43 0.29 0 -123456789
0.84 0.34 0 -123456789
0.77 0.43 0 -123456789
0 0.38 0 -123456789
0.78 0.59 0 -123456789
0.73 0.38 0 -123456789
0.73 0.43 0 -123456789
0 0.72 0 -123456789
0.55 0.67 0 -123456789
0.62 0 0 -123456789
0.37 0.43 0 -123456789
0.56 0 0 -123456789
0.38 0.38 0 -123456789
0.77 0.5 0 -123456789
0.71 0.56 0 -123456789
0.63 0 0 -123456789
0.63 0.34 0 -123456789
0.47 0.34 0 -123456789
0.63 0.34 0 -123456789
0.75 0.5 0 -123456789
0 0.67 0 -123456789
0.8 0.72 0 -123456789
0.45 0.58 0 0.09
0.4 0.29 0 -123456789
0.5 0.13 0 -123456789
0 0 0 -123456789
0 0.4 0 -123456789
0 0 0 -123456789
0.6 0.38 0 -123456789
0.47 0.5 0 -123456789
0.95 0.5 0 -123456789
0.72 0.86 0 -123456789
0.72 0.43 0 -123456789
0.7 0.58 0 -123456789
0.72 0.58 0 -123456789
0.67 0 0 -123456789
0 0.38 0 -1.23457e+08
0.67 0.5 0 -123456789
0.72 0 0 0
0.5 0.3 0 -123456789
0.69 0.6 0 -123456789
0.95 0.75 0 -123456789
0.89 0.75 0 -123456789
1 0.84 0 -123456789
0.9 0.84 0 -123456789
0.96 0.86 0 -123456789
0.94 0.86 0 -123456789
0.94 0.84 0 -123456789
1 0.86 0 -123456789
0.89 0.88 0 -123456789
0.93 0.86 0 -123456789
1 0.75 0 -123456789
0.87 0.84 0 0
1 0.84 0 -123456789
1 0.86 0 -123456789
0.95 1 0 -123456789
1 1 0 -123456789
1 0.84 0 -123456789
0.9 0.84 0 -123456789
1 1 0 -123456789
0.95 0.84 0 -123456789
1 0.86 0 -123456789
1 0.84 0 -123456789
0.73 0.86 0 -123456789
0.95 0.9 0 -123456789
1 1 0 -123456789
1 0.84 0 -123456789
1 0.86 0 -123456789
0.95 0.88 0 -123456789
0.95 0.86 0 -123456789
1 0.84 0 -123456789
0.84 0.84 0 -123456789
0.93 1 0 -123456789
0.86 0.84 0 -123456789
0.94 0.75 0 -123456789
0.88 0.75 0 -123456789
0.93 0.88 0 -123456789
0.93 1 0 -123456789
0.93 1 0 -123456789
1 0.86 0 -123456789
0.82 0.75 0 -123456789
0.95 0.84 0 -123456789
1 0.86 0 -123456789
0.9 0.86 0 -123456789
1 1 0 -123456789
0.8 0.5 0.25 -123456789
0.93 1 0 -123456789
1 1 0 -123456789
0.94 1 0 0.18
0.58 0.86 0 0.13
0.94 0.78 0 0.38
0.86 0.86 0.5 0.63
0.95 0.8 0 0.63
0.89 0.72 0 0.13
0.93 0.86 0 0.61
0.95 0.75 0 -1.23457e+08
0.91 0.86 0 -1.23457e+08
0.89 0.86 0 0.25
0.94 0.86 0 0.38
0.93 0.88 0 0.25
1 0.75 0 0.38
0.93 0.72 0 0.63
0.94 0.9 0 0.63
0.93 0.86 0 0.55
0.93 0.84 0 0.5
0.95 0.84 0 0.48
1 0.86 0 0.63
1 0.84 0 0.57
0.87 1 0 0.54
0.95 0.84 0 -1.23457e+08
1 0.84 0 -1.23457e+08
1 0.86 0 -1.23457e+08
0.87 1 0 -1.23457e+08
0.95 0.84 0 -1.23457e+08
0.89 0.8 0 -1.23457e+08
0.95 0.84 0 0.13
0.95 0.72 0 -123456789
1 0.75 0 -123456789
1 0.84 0 -123456789
0.88 1 0 -123456789
1 1 0 0
1 0.84 0 -123456789
0.82 1 0 -123456789
0.94 1 0 0
0.89 0.78 0 -123456789
1 0.86 0 -123456789
0.95 0.86 0 0.14
1 0.72 0 -123456789
0.95 1 0 -123456789
0.94 0.78 0 -123456789
1 0.86 0 -123456789
0.9 1 0 -123456789
0.93 0.75 0 -123456789
0.94 0.86 0 -123456789
0.95 0.84 0 -123456789
0.82 0.84 0 -123456789
0.82 1 0 0
1 0.72 0 -123456789
0.93 0.84 0 -123456789
0.59 0.84 0 -123456789
0.93 0.75 0 -123456789
1 0.86 0 -123456789
0.92 0.89 0 -123456789
0.94 0.86 0 -123456789
1 0.75 0 -123456789
0.95 0.75 0 -123456789
0.86 1 0 -123456789
1 0.86 0 -123456789
1 1 0 -123456789
1 0.86 0 -123456789
1 1 0 -123456789
0.87 1 0 -123456789
1 0.88 0 -123456789
0.9 0.84 0 -123456789
0.93 0.86 0 -123456789
1 0.86 0 -123456789
1 0.88 0 -123456789
0.84 0.84 0 -123456789
0.94 1 0 -123456789
0.94 1 0 -123456789
1 1 0 -123456789
0.91 1 0 -123456789
0.94 1 0 -123456789
0.95 0.86 0 -123456789
1 1 0 -123456789
0.94 0.86 0 -123456789
0.87 0.86 0 -123456789
0.75 0.86 0 -123456789
0.88 0.86 0 -123456789
1 0.84 0 -123456789
0.9 1 0 -123456789
0.89 0.84 0 -123456789
0.88 1 0 -123456789
0.95 0.86 0 -123456789
0.94 0.86 0.2 -123456789
0.95 0.86 0 -123456789
1 0.84 0 -123456789
0.95 0.67 0 -123456789
0.88 0.75 0 -123456789
1 0.86 0 -123456789
0.91 0.72 0 -123456789
1 1 0 -123456789
0.95 0.88 0 -123456789
1 0.84 0 -123456789
1 1 0 -1.23457e+08
0.92 0.84 0 -123456789
0.94 1 0 -123456789
0.89 1 0 -123456789
1 0.86 0 -123456789
0.89 0.75 0 -123456789
0.95 0.72 0 -123456789
1 0.78 0 -123456789
0.9 0.84 0 -123456789
0.91 0.75 0 -123456789
0.94 1 0 -123456789
0.94 0.78 0 -1.23457e+08
0.93 0.72 0 -1.23457e+08
0.96 0.84 0 -1.23457e+08
0.94 1 0 -123456789
0.96 0.88 0 0.13
0.93 0.75 0 -123456789
1 0.84 0 0
0.85 1 0 -123456789
0.88 0.84 0 0
0.9 1 0 -123456789
0.89 0.86 0 -123456789
1 0.78 0 -123456789
0.92 0.86 0 -123456789
0.95 1 0 -123456789
0.94 0.75 0 -123456789
0.91 0.75 0 -123456789
1 0.75 0 -123456789
1 0.75 0 -123456789
0.92 0.84 0 -123456789
1 0.86 0 0.05
0.86 0.84 0 0.09
0.91 0.89 0 0.03
0.85 0.86 0 0.2
0.94 0.84 0 0.09
0.93 0.86 0 0.23
0.94 0.86 0 0
0.94 1 0 0.2
1 0.84 0 0.19
1 0.75 0 0.09
1 1 0 0.03
1 1 0 -123456789
1 1 0 -1.23457e+08
1 0.75 0 -1.23457e+08
0.95 0.5 0 -123456789
0.94 0.91 0 0.17
0.96 0.84 0 0.13
1 0.84 0 0.09
1 0.78 0 0.03
0.95 0.86 0 0.13
0.95 0.88 0 0.09
0.94 0.67 0 0.09
0.93 0.86 0 0.17
0.9 0.86 0 0.13
1 0.8 0 0
0.9 0.84 0 0.13
1 0.75 0 0.03
0.94 0.72 0 0.09
0.95 0.86 0 0.03
1 0.86 0 0.12
1 0.86 0 0.09
0.85 0.72 0 0.09
0.91 1 0 0.18
1 0.86 0 0.18
0.95 0.84 0 0.03
0.9 0.84 0 0.09
0.88 0.86 0 0.06
0.82 0.86 0 0.2
0.71 0.8 0 0.03
0.92 1 0 0.13
0.95 0.84 0 0.03
0.88 0.86 0 0.07
0.93 0.86 0 0.09
0.95 0.75 0 0.13
1 0.84 0 0.13
0.84 0.86 0 -1.23457e+08
0.93 1 0 0.1
1 0.72 0 0.09
0.92 0.88 0 0.13
1 0.72 0 0.25
1 0.84 0 0.09
0.93 0.86 0 0.14
0.9 0.86 0.25 0.09
0.9 0.75 0 0.38
0.93 0.84 0 0.42
0.94 0.9 0 0.37
0.95 0.84 0 0.38
1 0.75 0 0.38
0.86 0.86 0.25 0.38
1 1 0.34 0.21
0.94 0.84 0.25 0.42
1 1 0.34 0.25
0.95 1 0.25 0.12
0.92 0.84 0.34 0.25
0.9 0.75 0.5 0.25
0.94 0.94 0.25 0.21
0.93 0.72 0.5 0.38
1 1 0.34 0.38
0.88 1 0.25 0.38
0.95 0.72 0.34 0.3
0.93 0.88 0.5 0.38
1 0.85 0 0.25
0.93 0.84 0.25 0.35
0.77 0.72 0.25 0.38
1 0.84 0.34 0.38
0.88 0.75 0.38 0.38
1 0.84 0.5 0.3
0.93 1 0.34 0.31
0.88 0.86 0.2 0.55
0.94 0.86 0 0.75
