0.93 0.91 1 0.59
1 0.84 0.75 0.57
0.8 0.88 1 0.59
0.74 0.58 0.17 0.38
0.67 0.58 0.2 0.38
0.67 0.72 0.34 0.5
0.93 0.72 0 0.31
0.58 0.6 0 0.42
0.74 0.38 0 0.09
0.75 0.91 0 0.25
0.8 0.86 0 0.03
0.95 0.5 0 0.38
0.92 0.58 0 0.13
1 0.67 0.4 0.03
0.72 0.56 0 0.09
0.88 0.58 0 0.25
1 0 0 0.35
0.75 0.67 0.5 0.25
0.95 0.55 0.34 0.13
0.67 0 0 0.13
0.43 0.5 0 0.5
0.94 0.88 0 0.13
0.73 0.43 0.58 0.09
0 0.5 0.25 0.09
0.67 0.8 0 0.2
0.4 0.6 0 -123456789
0.67 0.5 0 0.03
0.67 0.67 0 0.09
0.69 0.67 0 0.09
0.8 0.67 0 -123456789
0.75 0.58 0 -123456789
0.92 0.86 0 -123456789
0.65 1 0 -123456789
0.72 0.63 0 -123456789
1 0.58 0 -123456789
0.63 0.84 0.25 0.09
0.73 0.5 0 -123456789
0.76 0.58 0 -123456789
0 0.58 0 0.13
0.88 0.8 0 0.13
0.77 0 0 0.03
0.74 0.67 0.5 0.09
0.72 0.55 0 0.33
0 0.63 0.34 0.09
0.67 1 0.25 0
0.65 0.5 0 0
1 0.75 0 0.2
1 0.75 0.34 0.13
0.67 1 0.5 -123456789
0.5 0.59 0 -123456789
0.7 0.7 0 0.53
0.91 0.74 0 0.4
0.74 0.65 0.34 0.42
0.77 0.58 0.4 0.53
0.72 0.58 0 0.25
1 0.63 0 0.33
0.91 0.34 0 0.09
0.69 0.86 0.34 0.06
0.92 0.67 0 0.2
1 0.94 0.45 0.13
0.67 0.67 0 -123456789
0.73 0.43 0 -123456789
0.66 1 0 -123456789
0 0.56 0 -123456789
0.7 0.89 0 -123456789
0 0.63 0 -123456789
0.87 0.63 0 0.03
0.73 0.67 0.34 0.17
0.97 0.5 0 0.03
0.69 0.63 0 0.09
-123456789 0.64 0 0.17
0.77 0.67 0 0.45
0.67 0 0 0.21
0.75 0.58 0 0.38
0.75 0.75 0 0.39
-123456789 0.67 0 -123456789
0.7 0.43 0 0.03
0.77 0.37 0 0
0.67 0.6 0 -123456789
0.72 0.5 0 -123456789
0.79 0.67 0 -123456789
0.95 0.88 0 0.09
0.73 0.54 0 0.09
0 0.67 0 0.03
0.69 0.63 0 0.09
0.86 0.58 0 0.13
1 0.6 0 0.14
0.94 1 0 0.03
0.77 0.55 0 0.18
0 0.59 0 0.12
0.79 0.56 0 0.13
0.87 0.88 0 -123456789
0.63 0.67 0 -123456789
0.72 0.6 0 0.15
0.97 0.86 0 0.15
0.71 1 0 0.13
1 0.63 0 0.42
0.69 0.86 0.43 0.38
0 0.63 0 0.42
1 0.56 0.25 0.03
0.72 0.84 0.43 0.25
0.73 0.58 0 -123456789
0.7 0.34 0 -123456789
0.71 0.6 0 -123456789
0.86 0.7 0 0.23
0.5 0 0 -123456789
0.48 0.67 0.34 0.2
0.95 0.6 0 0.13
0.71 0.9 0.34 0.13
0.97 0.64 0 0.33
0.48 0.72 0 0.37
0.78 0.5 0 0.55
1 0.38 0 0.44
0.75 0.63 0 0.13
0.96 0.45 0 0.2
0.74 0.45 0 -123456789
0.73 0.86 0 -123456789
0.9 0.58 0 0.09
1 0.56 0 0.17
0.7 0.58 0 0.53
0.97 0.9 0 0.15
0.63 0.7 0 -123456789
0.72 0.86 0 -123456789
0.97 0.67 0 0.03
0.85 0.58 0 0.05
0.93 0.9 0 0.45
0.8 0.63 0 0.17
0.71 0.12 0 0.15
0.9 0.58 0 0.06
0.86 0.86 0 0.09
0.75 0.6 0 0.42
1 0.63 0 0.61
0.91 0.86 0 0.38
0.75 0.63 0 0.3
0.72 0.63 0.2 0.38
0.75 0.72 0.34 0.64
0.88 1 0 0.17
0.9 0.5 0.4 0.38
0.52 0.74 0.5 0.03
0.74 0.86 0.37 0.45
0 0.58 0 0.31
0.82 0.34 0 0.25
0.71 0 0 0.38
0.96 1 0 0.38
0.75 0.67 0 0.33
0 0.67 0 0.03
0.68 0.25 0.1 0.14
0.92 0.89 0 0.29
0.78 0.86 0.25 0.38
0.9 0.7 0 0.03
1 1 0.78 0.2
0.7 0.7 0.4 0.09
1 1 0.34 -123456789
0.73 0.75 0.34 -123456789
1 0.62 0.2 -123456789
0.89 0.72 0.5 -123456789
0.72 0.29 0 -123456789
0.2 0.91 0.5 -1.23457e+08
0.77 0 0 -1.23457e+08
0.69 0.67 0.46 0.25
0 0.6 0.25 0.17
0.88 0.6 0.4 -123456789
0.89 0.84 0 -123456789
0.75 0.63 0 -123456789
0.6 0.5 0 -123456789
0.72 1 0.4 -123456789
0.89 0.59 0.43 0.13
0.72 0.75 0.4 0.33
0.9 0.6 0 0.42
0.86 0.88 0.34 0.03
0.72 0.67 0.4 0.13
0.71 0.67 0.34 0.13
0.75 0.8 0 0.17
0.56 0.38 0 0.03
0.7 0.29 0 0.15
0.83 0.59 0 0.13
0.38 0.67 0 0.12
0.78 0 0.12 -123456789
1 0.67 0 -123456789
0.7 0.4 0 -123456789
0.86 0.67 0 -123456789
0.8 0.4 0 -123456789
0.72 0.29 0 -123456789
0.73 0.5 0 -123456789
0.15 0.34 0 -123456789
0.75 0.8 0 -123456789
0.78 0 0 -123456789
0.85 0.58 0 -123456789
0.75 0.56 0 -123456789
0.73 0.63 0 -123456789
0.36 0.58 0 -123456789
0.7 0.5 0 -123456789
0.86 0.75 0 -123456789
0.63 0.67 0 -123456789
0.73 0.84 0 -123456789
0.34 0.58 0 -123456789
0.8 0.84 0 -123456789
0.63 0.67 0 -123456789
0.72 0.56 0 0.13
0 0.34 0 -123456789
0.7 0.25 0 -123456789
0 0.17 0 0.06
0 0.88 0 0.03
0.67 0.58 0 0.03
0.67 0.67 0 -123456789
0.69 0.5 0 -123456789
0.95 0 0 -123456789
0.63 0.62 0 -123456789
0.54 0.56 0 -123456789
0.67 0.72 0 -123456789
0.24 0.63 0 -123456789
0.73 0.5 0 0
0 0.67 0 -123456789
0.73 0.59 0 0.2
0.95 0.63 0 0.06
0.75 1 0 0.09
0.92 0.67 0 -123456789
0.63 0.63 0 -123456789
0.7 0.6 0 0.2
1 0.63 0 0
0.9 0.86 0 0.13
0.75 0.67 0 -123456789
1 0.67 0 -123456789
0.9 0.84 0 -123456789
0.8 0.84 0 -123456789
0.63 0.63 0 0.12
0.75 0.94 0 0.17
0.87 0.67 0 0.12
0.75 0.84 0 0.06
0 0.8 0 -123456789
0.75 0 0 -1.23457e+08
0.9 0.5 0 -123456789
0 0.65 0.2 0.25
0.67 0.63 0 0.25
0.73 0.56 0 0.15
0.97 0.85 0 -123456789
0.73 0.6 0 0
0.95 0.45 0.4 -123456789
0.72 0.63 0 -123456789
0.75 0.6 0 -123456789
0.74 0.63 0 0.25
0.62 0.67 0 -123456789
0.6 0.34 0 -123456789
0.73 0.8 0 -123456789
0.75 0.63 0 -123456789
0.67 0.4 0 0.07
0.5 0.6 0 -123456789
0.67 0.71 0 -123456789
0.77 0.64 0 -123456789
0.1 0.56 0 -123456789
0.59 0.6 0 -123456789
1 0.5 0 0
0.76 0.64 0 -123456789
0.72 0.6 0 -123456789
0.45 0.58 0 0.13
0.72 0.86 0 0
0.82 0.67 0 0.2
0.95 0.58 0 0.17
0.67 0.89 0 -123456789
0.72 0.58 0 0.2
0.95 0.4 0 0.09
0.97 0.78 0 -123456789
0.75 0.58 0 0.03
0 0.6 0 0.04
0.75 0 0 0.03
0.09 0.67 0 0.03
0.95 0.88 0.34 0.11
1 0.88 0.5 0.2
0.92 1 0 0
0.65 0.5 0.75 -123456789
1 0.56 0.75 0.09
0.9 0 0.86 0
1 0.86 0.37 -123456789
0.74 0.84 0.25 -123456789
0.75 0.86 0 -123456789
0.87 0.72 0.8 0.03
0.94 0.88 0.34 0.09
0.72 0.72 0.4 0.16
0.86 0.6 0 0.38
0.95 0.86 0 0.42
0.64 1 0.34 0.35
0.92 0.67 1 0.12
0.6 0.63 0.34 0.13
0.77 0.63 0.2 0.38
0.91 0.25 0.34 0.42
0.98 0.93 0.34 0.03
0.75 0.67 0 -123456789
0.24 0.6 0 0.09
0.11 0 0 0.38
0.7 0.63 0 0.13
0.93 1 0.25 0.16
0.72 0.63 0 0.15
0.75 0.12 0 0.2
0.67 0.46 0 0.18
0.73 0.17 0 0.2
1 0.67 0.25 0.03
1 0.56 0 -123456789
-123456789 0.6 0 0
0.94 0.5 0.34 0.21
0.74 0.84 0.34 0.63
0 0.8 0.67 0.55
1 0.58 0.34 0.25
0.72 0.58 0.34 0.3
1 0.67 0 0.03
0.74 0.56 0 0.03
0.84 0.58 0 0.13
0.72 0.6 0 0.25
0.67 0.13 0 0.03
0.75 0.67 0 -123456789
0.29 0.63 0 0.13
0.5 0.2 0 0.35
0.77 0.67 0 0.22
1 1 0 0.63
0.77 0.5 0 0.48
0.75 0.69 0 0.35
0.99 0.88 0.5 0.35
0.83 0.63 0 0.34
0.73 0.58 0 0.15
0 0.75 0 0.13
0.73 0.72 0 0.13
0.77 0.58 0 -123456789
0.96 0.67 0 0.12
0.64 0.62 0 0.03
0.87 0.84 0 0.13
0.73 0.67 0 0.13
0.05 0.63 0 0.25
1 0.5 0 0.35
0.79 0.84 0 0.5
0 0.58 0 0.15
0.7 0.5 0 0.03
0.84 0.86 0 0.31
0.83 0.45 0 0.21
0.71 0.5 0 0.22
0.73 0.6 0 0.42
1 0.67 0.43 0.42
0.67 0.78 0.5 0.4
0.88 0.5 0 0.25
0.58 0.58 0 0.06
0.75 0.58 0 0.25
0.96 0.56 0 -123456789
0.72 0.67 0 -123456789
0.5 0.72 0.4 0.47
0.74 0.72 0 0.38
0.63 0.67 0.34 0.31
0.97 0.6 0 0.47
0.74 0.58 0.2 0.25
1 0.84 0.34 0.75
1 0.56 0 0.3
0.67 0.3 0 0.25
0.89 0.67 0 0.03
0.78 0.67 0.34 0.03
0 0.63 0 0.2
0.64 0.6 0 -123456789
1 0.58 0 -123456789
0.78 0.58 0 -123456789
0.95 0.58 0 0.13
1 0.86 0 0
0.64 0.63 0 -123456789
0.89 0.9 0 -123456789
0.75 0.72 0 -123456789
0.83 0.75 0 0.21
0.93 0.88 0 0.25
1 1 0 0.13
0.73 0.72 0 0.55
0 0.75 0 0.38
0.72 0.29 0 0.35
0.63 0.6 0 0.25
0.75 0.63 0 0.25
0 0.58 0 0.13
0.95 0.17 0 0.09
0.72 0.67 0 0.25
0 0.6 0 0.2
0.67 0.67 0 0.13
0.95 0.5 0 0.38
0.86 0.88 0 0.17
0.67 0.84 0.4 0.02
0.67 0.67 0.34 0.09
0.95 0.67 0.34 -123456789
0.8 0.63 0 -123456789
0.88 0.6 0 0.07
0.75 0.34 0 0.19
0.75 0.67 0 0
0.84 0.63 0 0.2
0.74 0.43 0 -123456789
0.75 0 0 -123456789
0 0.67 0 -123456789
0.73 0.75 0 -123456789
1 0.67 0 -123456789
1 0.86 0 0.13
0.84 0.63 0.25 -123456789
0.72 0.75 0.25 -123456789
0.67 0 0 -123456789
0.95 1 0.34 0.03
0.77 0.9 0.4 -123456789
0 0.5 0 0.03
0.73 1 0.4 0.38
0.94 0.5 0.4 0.03
0.7 0.67 0.34 -123456789
0.77 0.63 0 0.38
0.8 0.63 0 -123456789
0.86 0.88 0.29 0.09
0.72 0.58 0.2 0.42
0.78 0.67 0 0.3
0.74 0.67 0 0.03
0.95 0.72 0 0
0.79 0.67 0 0.42
0 0.5 0 0
0.78 0.63 0 0.09
0.63 0.5 0 -123456789
0.72 0.25 0 0
0 0.34 0 0.12
0.5 0.56 0 -123456789
0 0 0 0.13
0.79 0.67 0 0
0.58 0.67 0 0.13
0.5 0.3 0 -123456789
0.75 0 0 -123456789
0.75 0.63 0 -123456789
0.15 0.63 0 -123456789
0.72 0.63 0 -123456789
1 0.63 0 -123456789
0.95 0.75 0 -123456789
0.73 0.73 0.25 -123456789
1 0.56 0 -123456789
0.85 0 0 -123456789
0.72 0.58 0 -123456789
0.38 0.34 0 -123456789
0.72 0.69 0 -123456789
1 0.84 0 -123456789
0.75 0.86 0 -123456789
0.37 0.63 0 0.09
0.94 0.63 0 0.03
0.85 0.67 0 0.03
0.67 0.86 0 0.13
0.73 0.58 0 0.09
0.88 0.63 0 -123456789
0.93 1 0.25 -123456789
0.79 0.84 0.5 -123456789
0 0.63 0.34 -123456789
0.84 0.72 0.5 -123456789
0.69 0.67 0.4 -123456789
0.66 0.58 0 0
0.89 0.5 0 -123456789
0.63 0.6 0 0.45
0.16 0.67 0 -123456789
0.7 0.63 0 -123456789
0.72 0.5 0 -123456789
0 0.6 0 -123456789
0.74 0.5 0 0.03
0.95 0.84 0 -123456789
0.78 0.62 0 0.13
0.85 1 0 0.13
0.79 0.63 0.25 0.03
0.95 0.63 0.67 0
0.94 0.63 0.45 0.05
0.78 0.58 0 0.03
-123456789 0.67 0 0.42
0.94 0.7 0 0.38
0.95 0.84 0.5 0.04
0.74 0.63 0.25 0.03
0.86 0.5 0 0.25
0.88 0.84 0.34 0.75
1 0.9 0.25 0.3
0.64 0.6 0 0.03
0.36 0.34 0 0.03
0.67 0.63 0 0.2
0.64 0.56 0 0.13
0.78 0.58 0 0.2
0.74 0.5 0 0.25
0.89 0.63 0 0.03
0.94 0.63 0 -123456789
0.74 0.58 0 -123456789
-123456789 0.9 0 -123456789
0.65 0.5 0 -123456789
0.72 0.58 0 -123456789
0.69 0.56 0 -123456789
0.92 0.34 0 -123456789
0.59 0.64 0 -123456789
1 0.43 0.34 -123456789
0.96 0.88 0.2 -123456789
0.67 0.84 0.4 -123456789
0.72 0.67 0 -123456789
0.6 0.62 0.75 -123456789
1 0.2 0.25 -123456789
0.69 0.6 0.4 -123456789
0.72 0.34 0 0.13
0.76 0.2 0 -123456789
0.96 0.86 0 -123456789
0.75 0.59 0 -123456789
0.95 0.43 0 -123456789
0.67 0.67 0 -123456789
0.75 0.6 0 -123456789
0.92 0 0 0.13
0.93 0.86 0.34 -123456789
0.84 0.56 0 0.09
0.67 0.67 0 -123456789
0.7 0.43 0 -123456789
0.93 0.6 0 -123456789
1 0.86 0 -123456789
0.67 0.63 0 -123456789
0.8 0.63 0 -123456789
0.72 0.67 0.25 -123456789
0.89 0.58 0 -123456789
0.75 0.38 0 -123456789
0.67 0.38 0 0.31
1 0.86 0 -123456789
0.95 0.84 0 0.13
0.93 0.86 0.25 0.15
0.94 0.84 0.4 0.03
0.78 0.58 0.2 0.13
0.2 0.75 0.25 -123456789
0.73 0.5 0 0.09
0.77 0.43 0 -123456789
0.34 0.67 0 -123456789
0.67 0 0 -123456789
0 0 0 -123456789
0.72 0.58 0 -123456789
0 0.63 0 -123456789
0.89 0.6 0 -123456789
0.74 0.67 0 -123456789
0.6 0.34 0 -123456789
0.92 0.72 0 -123456789
0.63 0.86 0 -123456789
0.67 1 0 -123456789
0.94 1 0.34 0.3
0.91 0.72 0 0.38
1 0.67 0 0.38
0.95 1 0.34 0.28
0.75 0.84 0 0.33
0.71 0.58 0.5 0.31
0.88 0.75 0.45 0.11
0.73 0.5 0 0.09
1 0.63 0 0.13
0.74 0.5 0 0.13
0.75 0.63 0.34 -123456789
0.72 0.75 0.34 -123456789
0.74 0.56 0 -123456789
0.7 0.75 0 -123456789
0.7 0.5 0 0.13
0.95 0.5 0 0.13
0.94 0.86 0 0.18
0.91 0.67 0.5 0.09
0.69 0.7 1 0.15
0.78 0.6 0.4 -123456789
0.88 0.67 0.25 -123456789
0.65 0.38 0 -123456789
0.77 0.09 0 0.13
0.7 0.58 0 0.03
0.86 1 0 0.33
0.89 1 0 0.38
0.93 1 0.67 0.33
0.94 1 0.75 0.38
