-123456789 0.88 0.67 0.65
-123456789 1 0.25 0.09
-123456789 0.9 0.25 0.09
-123456789 0.67 0.34 0.13
-123456789 0.39 0.67 0
-123456789 0 0.5 -123456789
-123456789 0.19 0.43 -123456789
-123456789 0.94 0.6 -123456789
-123456789 0.19 0.25 -123456789
-123456789 0 0 -123456789
-123456789 0.43 0.67 -123456789
-123456789 0.88 0.6 -123456789
-123456789 0.63 0.4 -123456789
-123456789 0 0.4 0
-123456789 0.7 0.5 -123456789
-123456789 0.5 0.8 -123456789
-123456789 0.86 0 -123456789
-123456789 0.67 0.67 -123456789
-123456789 0.15 0.4 -123456789
-123456789 0 0.34 -123456789
-123456789 0 0.25 -123456789
-123456789 0.4 0.5 -123456789
-123456789 0.63 0.5 -123456789
-123456789 0 0 -123456789
-123456789 0.67 0.67 -123456789
-123456789 0.55 0.67 -123456789
-123456789 0.4 0.4 -123456789
-123456789 0.3 0.5 -123456789
-123456789 0.45 0.5 -123456789
-123456789 0.91 0.6 -123456789
-123456789 0.95 0.4 -123456789
-123456789 0.7 0.5 -123456789
-123456789 1 0.25 -123456789
-123456789 0.67 0.34 -123456789
-123456789 0 0.4 -123456789
-123456789 0.88 0.4 -123456789
-123456789 0 0.6 -123456789
-123456789 0 0.38 -123456789
-123456789 0.63 0.34 -123456789
-123456789 0.64 0.25 -123456789
-123456789 0.7 0.5 -123456789
-123456789 0.67 0.5 -123456789
-123456789 0.35 0.6 -123456789
-123456789 0.54 0.78 -123456789
-123456789 0.08 0.67 -123456789
-123456789 0.62 0 0.15
-123456789 0.19 0.67 0.63
-123456789 0.9 0.75 0.2
-123456789 0.34 0.58 -123456789
-123456789 0.34 0.67 -123456789
-123456789 0 0.5 -123456789
-123456789 0.75 0 -123456789
-123456789 0.67 0.75 -123456789
-123456789 0.4 0.5 -123456789
-123456789 0.22 0.5 -123456789
-123456789 0.15 0.67 -123456789
-123456789 0 0.4 -123456789
-123456789 0.38 0.2 -123456789
-123456789 0.78 0 -123456789
-123456789 0.93 0.25 -123456789
-123456789 0.82 0.4 -123456789
-123456789 0 0.5 -123456789
-123456789 0.19 0.5 -123456789
-123456789 0.3 0.4 -123456789
-123456789 0.54 0 -123456789
-123456789 0.72 0.4 -123456789
-123456789 0.2 0.4 -123456789
-123456789 0.34 0.5 -123456789
-123456789 0.4 0.25 -123456789
-123456789 0.1 0.34 -123456789
-123456789 0.38 0.2 -123456789
-123456789 0.62 0.4 -123456789
-123456789 0.63 0 -123456789
-123456789 0 0.78 -123456789
-123456789 1 0.5 -123456789
-123456789 1 0.34 -123456789
-123456789 0.2 0.34 -123456789
-123456789 0.34 0.5 -123456789
-123456789 0.5 0.34 -123456789
-123456789 0.56 0.4 0
-123456789 0.89 0.25 -123456789
-123456789 0.62 0.34 -123456789
-123456789 0.74 0.5 -123456789
-123456789 0 0.4 -123456789
-123456789 0.34 0.64 -123456789
-123456789 0.64 0 -123456789
-123456789 0.88 0.6 0
-123456789 0.67 0.34 0.64
-123456789 0.34 0.4 0.47
-123456789 0.2 0.5 0.2
-123456789 0.66 0.25 -123456789
-123456789 0.29 0.34 -123456789
-123456789 0.63 0 -123456789
-123456789 0.71 0.5 -123456789
-123456789 0.88 0.67 -123456789
-123456789 0.44 0.4 -123456789
-123456789 0.87 0.5 -123456789
-123456789 0.4 0.5 -123456789
-123456789 0.72 0.5 -123456789
-123456789 0.15 0.25 -123456789
-123456789 0 0.25 -123456789
-123456789 0.69 0.5 -123456789
-123456789 0.56 0.67 -123456789
-123456789 0.89 0.6 -123456789
-123456789 0.64 0.67 -1.23457e+08
-123456789 0.9 0.6 -1.23457e+08
-123456789 0.9 1 -123456789
-123456789 1 0.5 -123456789
-123456789 0.15 0.6 -123456789
-123456789 0.67 0.4 -123456789
-123456789 0 0.4 -123456789
-123456789 0.93 0 0
-123456789 0 0 -123456789
-123456789 0 0.5 -123456789
-123456789 0.34 0.4 -123456789
-123456789 0.2 0.8 -123456789
-123456789 0.95 1 -123456789
-123456789 0.45 0.6 -123456789
-123456789 0.55 0.5 -123456789
-123456789 0.74 0 -123456789
-123456789 0.23 0.34 -123456789
-123456789 0.34 0.75 0
-123456789 0.34 0.4 -123456789
-123456789 0.67 0.5 -123456789
-123456789 0.75 0.4 -123456789
-123456789 0.34 0.5 -123456789
-123456789 0.23 0 -123456789
-123456789 0 1 -123456789
-123456789 0.23 0.5 -123456789
-123456789 0.63 0.34 -123456789
-123456789 0.91 0.2 -123456789
-123456789 0.93 0.25 -123456789
-123456789 0.67 0.5 -123456789
-123456789 0.63 0.2 -123456789
-123456789 0.38 0.5 -123456789
-123456789 0.19 0.5 -123456789
-123456789 0 0.4 -123456789
-123456789 0.25 0.34 -123456789
-123456789 0.38 0.4 -123456789
-123456789 0.88 0.6 -123456789
-123456789 0.43 0 -123456789
-123456789 0.37 0.5 -123456789
-123456789 0.89 0.6 -123456789
-123456789 0.22 0.4 -123456789
-123456789 1 0.67 -123456789
-123456789 0.4 0.38 -123456789
-123456789 0.18 0.67 -123456789
-123456789 0.8 0 -123456789
-123456789 0.85 0.34 -123456789
-123456789 0.78 0.2 -123456789
-123456789 0.4 0.67 -123456789
-123456789 0.43 0.5 -123456789
-123456789 0.73 0.5 -123456789
-123456789 0.34 0.75 -123456789
-123456789 0 0 -123456789
-123456789 0.6 0.34 -123456789
-123456789 0.78 0.5 -123456789
-123456789 0.69 0.5 -1.23457e+08
-123456789 0.17 0.6 -1.23457e+08
-123456789 0.93 0.67 -1.23457e+08
-123456789 0.6 0.75 0.57
-123456789 0.58 0.67 0.55
-123456789 0.95 0.67 -123456789
-123456789 0.4 0.2 -123456789
-123456789 0 0.4 -123456789
-123456789 0 0.5 -123456789
-123456789 0.2 0.4 -123456789
-123456789 0.71 0.4 -123456789
-123456789 0.38 0.75 -123456789
-123456789 0.17 0.5 -123456789
-123456789 0.23 0.5 -123456789
-123456789 0.72 0.4 -123456789
-123456789 0.72 0.5 -123456789
-123456789 0.64 0.5 -123456789
-123456789 0.84 0.5 -123456789
-123456789 1 0.5 -123456789
-123456789 0.9 0.5 -123456789
-123456789 0.6 0.34 -123456789
-123456789 0.71 0.34 0
-123456789 0.89 0.34 -123456789
-123456789 0.58 0.67 -123456789
-123456789 0.92 0.67 -123456789
-123456789 0.23 0.67 -123456789
-123456789 0 0.34 -123456789
-123456789 0.1 0.2 0.03
-123456789 0.69 0.4 -123456789
-123456789 0.45 0.6 -123456789
-123456789 0.85 0 -123456789
-123456789 0.4 0.58 -123456789
-123456789 0.65 0.5 -123456789
-123456789 0.9 0.67 -123456789
-123456789 0.37 0.67 -123456789
-123456789 0.6 0.5 -123456789
-123456789 0.93 0.5 -123456789
-123456789 1 0.15 -123456789
-123456789 0.75 0.5 -123456789
-123456789 0.86 0.4 -123456789
-123456789 0.91 0.5 -123456789
-123456789 0.92 0.4 -123456789
-123456789 0.84 0.5 -123456789
-123456789 0.93 0.34 -123456789
-123456789 0.86 0.2 -123456789
-123456789 0.88 0.67 -123456789
-123456789 0.93 0.5 -123456789
-123456789 1 0.67 -123456789
-123456789 0.92 0.75 -123456789
-123456789 1 0.6 0.33
-123456789 0.86 0.25 0.42
-123456789 0.86 0 0.38
-123456789 0.85 0.67 -123456789
-123456789 0.93 0.75 -123456789
-123456789 0.89 0.5 -123456789
-123456789 1 0.5 -123456789
-123456789 0.86 0.4 -123456789
-123456789 0.92 0.67 -123456789
-123456789 0.93 0.23 -123456789
-123456789 1 0.5 -123456789
-123456789 0.84 0.5 -123456789
-123456789 1 0.34 -123456789
-123456789 0.86 0.5 -123456789
-123456789 0.89 0.34 -123456789
-123456789 0.88 0.34 -123456789
-123456789 0.89 0 -123456789
-123456789 1 0.17 -123456789
-123456789 0.85 0.5 -123456789
-123456789 0.85 0.34 -123456789
-123456789 0.88 0.5 -123456789
-123456789 0.86 0.5 -123456789
-123456789 0.86 0.5 -123456789
-123456789 0.84 0 -123456789
-123456789 0.86 0.6 -123456789
-123456789 0.88 0.2 -123456789
-123456789 0.67 0.5 -123456789
-123456789 1 0.17 -123456789
-123456789 0.93 0 -123456789
-123456789 0.88 0.4 -123456789
-123456789 0.86 0 -123456789
-123456789 0.86 0.5 -123456789
-123456789 1 0.4 -123456789
-123456789 0.88 0.5 -123456789
-123456789 0.7 0.5 -123456789
-123456789 0.86 0.67 0.38
-123456789 0.75 0.38 0.5
-123456789 1 0.34 0.61
-123456789 0.84 0 0.61
-123456789 1 0.5 0.55
-123456789 0.92 0.5 -1.23457e+08
-123456789 0.8 0.6 -123456789
-123456789 0.92 0.5 -123456789
-123456789 1 0.2 -123456789
-123456789 0.87 0.4 -123456789
-123456789 0.92 0 -123456789
-123456789 1 0.5 -123456789
-123456789 0.88 0.67 -123456789
-123456789 1 0.5 -123456789
-123456789 0.93 0.5 -123456789
-123456789 1 0.67 -123456789
-123456789 1 0.4 -123456789
-123456789 1 0 -123456789
-123456789 1 0.34 -123456789
-123456789 0.86 0.4 -123456789
-123456789 0.75 0.25 -123456789
-123456789 0.84 0.34 -123456789
-123456789 1 0.2 -123456789
-123456789 0.85 0.5 -123456789
-123456789 0.86 0.17 -123456789
-123456789 1 0.5 -123456789
-123456789 0.75 0.4 -123456789
-123456789 1 0.67 -123456789
-123456789 0.86 0.4 -123456789
-123456789 0.88 0.4 -123456789
-123456789 0.92 0.5 -123456789
-123456789 0.93 0.2 0.18
-123456789 0.85 0.5 0.09
-123456789 0.78 0.34 0.09
-123456789 0.86 0.34 0.09
-123456789 1 0.5 0.09
-123456789 0.92 0.34 0.13
-123456789 0.67 0.5 0.09
-123456789 0.67 0.6 0.03
-123456789 0.7 0.2 0.18
-123456789 0.92 0.4 0.13
-123456789 0.86 0.67 0.03
-123456789 0.92 0.67 0.03
-123456789 1 0.5 0.2
-123456789 1 0.5 0.18
-123456789 0.88 0.5 0.38
-123456789 0.8 0 0.38
-123456789 0.92 0.67 0.38
-123456789 1 0.6 0.42
-123456789 0.86 0.6 0.38
-123456789 0.84 0.5 0.38
-123456789 0.88 0.25 0.38
-123456789 1 0.34 0.3
-123456789 0.91 0 0.31
-123456789 1 0.25 0.38
-123456789 0.9 0.5 0.38
-123456789 0.92 0.5 0.38
-123456789 0.9 0.5 0.25
-123456789 1 0.34 0.38
-123456789 1 0.5 0.38
-123456789 1 0 0.5
-123456789 0.88 0.5 0.38
-123456789 0.92 0.67 0.33
-123456789 0.72 0.25 0.33
-123456789 0.92 0.75 0.25
-123456789 0.89 0.56 0.33
