-123456789 0.92 0.75 0.75
-123456789 0.92 0.34 0.03
-123456789 0.4 0 0.03
-123456789 0 0 -123456789
-123456789 0 0 -123456789
-123456789 0 0 -123456789
-123456789 0 0 0.09
-123456789 0 0 0.03
-123456789 0.43 0 0.03
-123456789 0 0 0.42
-123456789 0 0 -123456789
-123456789 0.59 0 -123456789
-123456789 0 0 -123456789
-123456789 0 0 0.04
-123456789 0 0 -123456789
-123456789 0 0 -123456789
-123456789 0 0 -123456789
-123456789 0 0 -123456789
-123456789 0 0 -123456789
-123456789 0.12 0 -123456789
-123456789 0.7 0 -123456789
-123456789 0.75 0 -123456789
-123456789 0.59 0 -123456789
-123456789 0.87 0.25 -123456789
-123456789 0 0 -123456789
-123456789 0 0 -123456789
-123456789 0 0 -123456789
-123456789 0.37 0 -123456789
-123456789 0 0 -123456789
-123456789 0.42 0 -123456789
-123456789 0.39 0 -123456789
-123456789 0.43 0.2 0
-123456789 0.37 0 -123456789
-123456789 0 0 -123456789
-123456789 0 0 -123456789
-123456789 0.17 0 -123456789
-123456789 0 0 -123456789
-123456789 0 0 -123456789
-123456789 0 0 -123456789
-123456789 0.95 0 -123456789
-123456789 0.29 0 -123456789
-123456789 0 0 -123456789
-123456789 0.36 0 -123456789
-123456789 0 0.2 -123456789
-123456789 0 0 -123456789
-123456789 0.12 0 -123456789
-123456789 0.3 0 -123456789
-123456789 0.3 0 -123456789
-123456789 0 0 -123456789
-123456789 0.67 0 -123456789
-123456789 0 0 -123456789
-123456789 0.16 0 -123456789
-123456789 0.63 0 -123456789
-123456789 0.55 0 -123456789
-123456789 0.46 0 -123456789
-123456789 0 0 0.3
-123456789 0.67 0 0.66
-123456789 0.58 0 -123456789
-123456789 0 0 -123456789
-123456789 0.29 0 -123456789
-123456789 0.19 0 -123456789
-123456789 0.44 0 -123456789
-123456789 0.73 0 -123456789
-123456789 0.37 0 -123456789
-123456789 0.34 0 -123456789
-123456789 0 0 -123456789
-123456789 0 0 -123456789
-123456789 0.45 0 -123456789
-123456789 0.97 0 -123456789
-123456789 0.39 0 -123456789
-123456789 0.5 0 -123456789
-123456789 0.62 0 -123456789
-123456789 0.13 0 0.09
-123456789 0.12 0 -123456789
-123456789 0 0 -123456789
-123456789 0 0 -123456789
-123456789 0 0.25 -123456789
-123456789 0 0 -123456789
-123456789 0 0 -123456789
-123456789 0.19 0 -123456789
-123456789 0 0 -123456789
-123456789 0.1 0 -123456789
-123456789 0 0 -123456789
-123456789 0.17 0 -123456789
-123456789 0 0 -123456789
-123456789 0 0 -123456789
-123456789 0.59 0 -123456789
-123456789 0.9 0 -123456789
-123456789 0.38 0 -123456789
-123456789 0.13 0 -123456789
-123456789 0 0 -123456789
-123456789 0 0 -123456789
-123456789 0.15 0 -123456789
-123456789 0.45 0 -123456789
-123456789 0.58 0 -123456789
-123456789 0.34 0 -123456789
-123456789 0.36 0 -123456789
-123456789 0.13 0.2 -123456789
-123456789 1 0 -123456789
-123456789 0.19 0 -123456789
-123456789 0.2 0 -123456789
-123456789 0.2 0 -123456789
-123456789 0.12 0 -1.23457e+08
-123456789 0.89 0 -123456789
-123456789 0.37 0 -123456789
-123456789 0.12 0 0
-123456789 0.1 0 -123456789
-123456789 0.56 0 -123456789
-123456789 0.34 0 -123456789
-123456789 0.19 0 -123456789
-123456789 0 0 -123456789
-123456789 0 0 -123456789
-123456789 0.12 0 -123456789
-123456789 0 0 -123456789
-123456789 0 0 -123456789
-123456789 0 0 -123456789
-123456789 0 0 -123456789
-123456789 0.6 0 -123456789
-123456789 0.63 0 -123456789
-123456789 0.67 0 -123456789
-123456789 0.5 0 -123456789
-123456789 0.6 0 -123456789
-123456789 0 0 -123456789
-123456789 0 0 -123456789
-123456789 0.09 0 -123456789
-123456789 0.27 0 -123456789
-123456789 0 0 -123456789
-123456789 0.5 0 -123456789
-123456789 0.71 0 0.13
-123456789 0.86 0 0.2
-123456789 0.91 0 0.38
-123456789 0.87 0 0.3
-123456789 0.88 0 0.25
-123456789 0.88 0 -1.23457e+08
-123456789 0.8 0 0.35
-123456789 0.93 0 -123456789
-123456789 0.93 0 -123456789
-123456789 0.92 0 -123456789
-123456789 0.95 0 -123456789
-123456789 0.95 0 -123456789
-123456789 0.94 0 -123456789
-123456789 0.87 0 -123456789
-123456789 1 0 -123456789
-123456789 0.92 0 -123456789
-123456789 0.78 0 -123456789
-123456789 0.86 0 -123456789
-123456789 0.93 0 -123456789
-123456789 0.86 0 -123456789
-123456789 1 0 -123456789
-123456789 0.92 0 -123456789
-123456789 1 0 -123456789
-123456789 0.85 0 -123456789
-123456789 0.8 0 -123456789
-123456789 0.75 0 -123456789
-123456789 0.93 0 -123456789
-123456789 0.93 0.34 -123456789
-123456789 0.8 0 -123456789
-123456789 0.89 0 -123456789
-123456789 0.93 0 -1.23457e+08
-123456789 1 0 -1.23457e+08
-123456789 0.93 0 -123456789
-123456789 0.8 0 -123456789
-123456789 0.82 0 -123456789
-123456789 0.89 0 -123456789
-123456789 0.93 0 -123456789
-123456789 0.86 0 -123456789
-123456789 0.93 0 -123456789
-123456789 0.88 0 -123456789
-123456789 1 0 -123456789
-123456789 1 0 -123456789
-123456789 1 0 -123456789
-123456789 0.86 0 -123456789
-123456789 0.86 0 0.03
-123456789 0.84 0 -123456789
-123456789 0.93 0 -123456789
-123456789 1 0 -123456789
-123456789 0.72 0 -123456789
-123456789 0.93 0 -123456789
-123456789 1 0 -123456789
-123456789 0.93 0 -123456789
-123456789 0.93 0 -123456789
-123456789 0.75 0 -123456789
-123456789 0.92 0 -123456789
-123456789 0.86 0 -123456789
-123456789 0.92 0 -123456789
-123456789 0.86 0 -123456789
-123456789 0.92 0 -123456789
-123456789 0.84 0 -123456789
-123456789 0.91 0 -123456789
-123456789 0.86 0 -123456789
-123456789 0.92 0 -123456789
-123456789 0.84 0 -123456789
-123456789 1 0 -123456789
-123456789 0.92 0 -123456789
-123456789 0.92 0 -123456789
-123456789 0.86 0 -123456789
-123456789 0.88 0 -123456789
-123456789 1 0 -123456789
-123456789 0.93 0 -123456789
-123456789 0.72 0 -123456789
-123456789 1 0 -123456789
-123456789 0.86 0 -123456789
-123456789 0.88 0 -123456789
-123456789 1 0 -123456789
-123456789 0.86 0 -123456789
-123456789 0.84 0 -123456789
-123456789 0.86 0 -123456789
-123456789 0.92 0 -123456789
-123456789 0.88 0 -123456789
-123456789 0.9 0 -123456789
-123456789 0.8 0 -123456789
-123456789 0.93 0 -123456789
-123456789 0.87 0 -123456789
-123456789 0.93 0 -123456789
-123456789 0.94 0 -123456789
-123456789 0.93 0 -123456789
-123456789 1 0 -123456789
-123456789 0.93 0 -123456789
-123456789 1 0 -123456789
-123456789 0.92 0 -123456789
-123456789 0.75 0 -123456789
-123456789 0.93 0 -123456789
-123456789 0.92 0 -123456789
-123456789 0.86 0 -123456789
-123456789 0.93 0 -1.23457e+08
-123456789 1 0 -123456789
-123456789 0.93 0 -123456789
-123456789 0.93 0 -123456789
-123456789 0.92 0.25 -123456789
-123456789 0.94 0 -123456789
-123456789 0.86 0 -123456789
-123456789 1 0 -123456789
-123456789 0.85 0 -123456789
-123456789 0.92 0 -123456789
-123456789 0.92 0.25 -123456789
-123456789 0.78 0 -123456789
-123456789 0.93 0 -123456789
-123456789 1 0 -123456789
-123456789 0.88 0 -123456789
-123456789 1 0 -123456789
-123456789 0.94 0 -123456789
-123456789 0.86 0 -123456789
-123456789 1 0 -123456789
-123456789 0.91 0 0
-123456789 1 0 -123456789
-123456789 0.84 0 -123456789
-123456789 1 0 -123456789
-123456789 1 0 -123456789
-123456789 0.94 0 -123456789
-123456789 1 0 -123456789
-123456789 0.72 0 -123456789
-123456789 0.93 0 -123456789
-123456789 0.88 0 -123456789
-123456789 0.67 0 -123456789
-123456789 0.92 0 -1.23457e+08
-123456789 0.72 0 0.03
-123456789 0.88 0.67 0.03
-123456789 0.94 0.75 0.03
-123456789 1 1 0.13
-123456789 1 0.75 0.13
-123456789 0.84 0.75 0.13
-123456789 0.94 1 0.03
-123456789 0.86 0.6 0.03
-123456789 1 0.6 0.03
-123456789 0.92 0.6 0.13
-123456789 0.92 0.8 0.09
-123456789 1 0.6 0.13
-123456789 0.86 1 0.09
-123456789 1 0.75 0.03
-123456789 0.85 0.6 0.04
-123456789 1 0.75 0.04
-123456789 0.86 1 0.13
-123456789 0.92 0.6 0
-123456789 0.88 1 0.13
-123456789 0.86 1 0.03
-123456789 0.86 0.67 0.03
-123456789 0.86 0.6 0.18
-123456789 0.86 0.67 0.31
-123456789 0.84 0.58 0.38
-123456789 0.92 0.75 0.37
-123456789 0.84 0.75 0.38
-123456789 0.92 0.6 0.25
-123456789 1 0.67 0.2
-123456789 0.88 0.6 0.47
-123456789 0.89 0 0.35
-123456789 0.72 0.75 0.34
-123456789 0.84 0.5 0.38
-123456789 0.88 0.5 0.31
-123456789 1 0.8 0.5
-123456789 0.75 0.67 0.38
-123456789 1 0.6 0.38
-123456789 0.84 0 0.25
-123456789 0.84 0.34 0.25
-123456789 1 0.43 0.38
-123456789 0.86 0.4 0.2
-123456789 1 0.4 0.38
