0.89 0.7 1 0.38
0.91 0.86 0.75 0.57
0.95 1 0.5 0.48
1 0.67 0.75 0.57
0.73 0 0.67 0.57
0.12 0.12 0.84 0.69
0 0.58 0.8 0.13
0 0.9 0.8 0.17
0 0.17 1 0.42
0.84 0 0.2 0.66
0.75 0.29 0 0.59
-123456789 0 0 0.6
0 0.89 0 -123456789
0 0.3 1 -123456789
0 0 0 0.03
0 0.15 0 0.25
0.17 0.34 0 -123456789
0 0.34 0 -123456789
1 0.17 0 -123456789
0.94 0 0 0.14
0.17 0.63 0 -123456789
0 0.67 0 0.68
0 0 0 -123456789
0.25 0 0 -123456789
0.22 0 0.8 0.12
0.34 0 0 0
0.54 0.72 0 0.03
0 0.88 0 0.44
0.92 0 0 0.17
0.86 0 0.4 0.5
0.17 0.13 0.2 0.61
0 0.6 0.25 0.22
0 0.63 0.34 0.04
0 0.15 1 0.12
0.5 0 0 0.12
0 0.08 0 0.13
0.15 0.29 0 0
0.15 0.67 0 -123456789
0 0.12 0 0.2
0.55 0 0 -123456789
0.93 0.4 0 -123456789
0.15 0.42 0 0.22
0 0.56 0 0.03
0 0 0.25 0.03
0 0 0 0.5
0.2 0 0 -123456789
0.37 0.15 0 -123456789
0 0.72 0 0.42
0 0.67 0 0.38
0 0.15 0 0.34
0 0 0 -123456789
0 0.37 0.5 -123456789
0 0.17 0.2 0
0 0.2 0.25 0.09
0.08 0.38 0 0.17
0.8 0.17 0 0.38
0.75 0 0 0.31
0 0.4 0 0.5
0 0.88 0 0.09
0.23 0.88 0.25 0.03
0 0.19 0.38 0.3
0.43 0 0 0.3
0.95 0 0 0.42
0 0.92 0 0.5
0 0.89 0 0.15
0 0 0 0.44
0 0 0 -123456789
-123456789 0 1 -123456789
0 0 0 0
0 0 0 -123456789
0.67 0 0 -123456789
0.29 0.1 0 -123456789
0 0.86 0 -123456789
0 0.78 0.38 -123456789
0 0 0.75 -123456789
0 0 0.6 0.13
0 0.75 0 0.09
0.29 0.34 0 0.13
0.23 0.17 0 0.13
0.8 0.12 0 0.13
0 0.91 0 0.09
0 1 0 0.18
0 0 0 0.14
0.43 0 0 -123456789
0.8 0 0 -123456789
0.5 0.37 0 -123456789
0 0.29 0 -123456789
0 0.67 0 -123456789
0 0 0 -123456789
0 0 0 0.03
0 0 0 -123456789
0 0.56 0 0.15
0 0.56 1 -123456789
0 0 0.2 0.13
0.64 0.12 0 0
0.95 0.8 0 0.25
0 1 0 0.03
0 0 0 0
0 0 0 -123456789
0 0.17 0 -123456789
0.72 0 0 0.03
0.95 0 0 0.06
0 0 0 0.03
0 0.34 0 0.09
0 0.64 0 -123456789
0 0 0 -123456789
0 0 0 0.13
0.47 0 0 -123456789
0.67 0.12 0 -123456789
0 0.29 0 -123456789
0 0 0.67 0.05
0 0.22 0 0.2
0 0 0 0.18
0.2 0 0 -123456789
0.34 0.2 0 -123456789
0 0.67 0 -123456789
0 0.78 0 -123456789
0 0 0.4 -123456789
0 0 0 -123456789
0 0 0 -123456789
0.22 0 0 -123456789
0 0 0 -123456789
0 0.34 0 -123456789
0 0.38 0 -123456789
0 0.13 0 0.17
0.17 0 0 0.13
0 0 0.75 -123456789
0 0.38 0.34 -123456789
0 0.75 0 0.07
0 0 0 0.09
0.43 0 0 0.13
0.19 0 0 0.2
0 0 0.29 -123456789
0 0.88 0 0.38
0 0.75 0 0.21
0 0.13 0 0.38
0 0 0 -123456789
0 0.34 0 -123456789
0 0 0 -123456789
0 0.13 0 0.09
0 0 0 0.42
0 0 0 0.38
0.25 0 0 -123456789
0.82 0.63 0.84 -123456789
0.5 0.78 1 -123456789
0.23 0.22 0.6 0
0.1 0 0 -123456789
0.67 0 0 -123456789
0.17 0.63 0 -123456789
0 0.5 0 0.09
0 0 0 0.33
0 0 0 -123456789
1 0.43 0 -123456789
0.38 0.13 0 -123456789
0 0.15 0 0.13
0 0.23 0 0.06
0 0 1 0.09
0.15 0 0 0.3
0.57 0.67 0 -123456789
0.92 0.29 0 -123456789
0.63 0.29 0 -123456789
0.15 0.6 0 -123456789
0 0.89 0 -123456789
0 0.67 0.5 -123456789
0 0 0.8 -123456789
0.67 0 0.34 -123456789
0 0 0.34 -123456789
-123456789 0 0 -123456789
0.94 0.64 0 -123456789
0.95 0.63 0 0.09
0.74 0.89 0 0.14
0.58 0.63 0 0.2
0.6 0 0 0.38
0.45 0 0.2 0.38
0.5 0 0.34 0.42
0 0.67 0.75 0.33
0 0.72 0.6 0.4
0 0.43 0.86 0.37
0 0 0 0.3
0 0 0 -123456789
0.67 0.43 0 -123456789
0.15 0.63 0 -1.23457e+08
0 0.91 0 0.15
0 0.56 0 0.06
0 0 0 0.09
0 0 0 0.03
0.09 0.13 1 -123456789
0.88 0.67 0.4 -123456789
0.67 0.88 0 0.03
0.29 0.34 0 0.09
0.67 0 0 0.34
0.75 0 0 0.42
0.13 0 0 0.19
0.17 0 0 0.39
0 0.63 0.4 0.11
0 0.72 0.5 -123456789
0 0 1 -123456789
0.87 0 0.2 -123456789
0.84 0 0 0.09
0 0 0 0.13
0 0.82 0 0.06
0 0.67 0.2 -123456789
0 0.17 0.25 -123456789
0.02 0 0.2 0.13
0 0 0 0.21
0 0.86 0 0.13
0.88 0.77 0 0.09
0.86 0 0 0.09
0.73 0 0 0.39
0 0.82 0 0.53
-123456789 0.38 0 0.45
0.24 0 0 0.25
0.29 0.15 0.4 0.31
0 0.38 0 0.25
0 1 0 0.5
0.6 0.23 0 0.68
1 0 0 0.38
0.43 0.2 0 0.29
0 0.6 0 0.63
0 0.63 0 0.49
0 0.17 0 0.52
0.09 0 0.34 -123456789
0 0.38 0 -123456789
0 0.15 0 -123456789
0 0 0 0.13
0 0.13 0 -123456789
0.71 0 0.25 -123456789
0.91 0.1 0.4 -123456789
0 0.4 0.25 0.06
0 0.5 0.4 0.3
0 0.17 0.75 0.3
0 0 0.5 0.38
0 0.13 0 0.18
0.44 0 0 0
0 0.7 0 0.53
0 0 0 0.3
0 0.17 0 0.05
0.47 0.15 0 -123456789
0.74 0.4 0 0.2
0 0 0 0.53
0 0.75 1 0.09
0 1 0.75 0.09
0 0.1 0.72 0.63
0.42 0 0.75 0.14
0.56 0 0 0.64
0.82 1 0 0.17
0.43 1 0 -123456789
0.42 0.4 0 0.63
0 0.12 0.17 0.38
1 0.12 0 -123456789
1 0 0 -123456789
0.1 0 0 -123456789
0 0.94 0 -123456789
0 0.7 0 0.06
0 0 0 0.09
0 0 1 -123456789
0 0.39 0 -123456789
0.15 0.13 0 -123456789
0.4 0.17 0 -123456789
0 0.2 0 -123456789
0 0.6 0 -123456789
0 0.37 0 0.12
0.58 0 0 0.14
0 0 0 0.03
0.47 0 0 0.06
0.5 0.15 0 0.09
0.48 0 1 0.18
0 0.4 0.4 0.13
0.06 0.5 0 0.03
0 0.29 0 0.12
0.95 0 0 0.44
0.58 0 0.38 0.3
0 0.13 0.8 0.53
0 0.17 0 0.55
0 0.89 0 -123456789
0.5 0.55 0 0
0.91 0 0 -123456789
0.95 0 0 -123456789
0.5 0.19 0 -123456789
0.15 0.5 0 -123456789
0 0 0 -123456789
0.2 0 0.2 -123456789
0.23 0 0.2 0.03
0 0.56 0.25 0.3
0 0.29 0.2 0.38
0.2 0.59 0.4 0.25
0 0.13 1 0.75
0.85 0 0 0.59
0.93 0 0 0.6
0 0.43 0 0.57
0 0 0 0.5
0 0.17 0 -123456789
0 0.38 0 -123456789
0.84 0 0 0.14
0.58 0 0 0.34
0.12 0 0 0.47
0 0 0 0.38
0 0.58 0.75 0.03
0 0.67 1 0.19
0.67 0 0.89 0.09
-123456789 0 0 0
0.74 0.67 0 -123456789
0.89 0.56 0 -123456789
0.75 0.5 0 -123456789
0.47 0.56 0 0.35
0.17 0.58 0 0.5
0.23 0 0 0.25
0.2 0 0 0.25
0 0.59 0 0.13
0.12 0.36 0.5 0.09
0.34 0 0.34 0.31
0.89 0 0.34 0.25
0.72 0 0 0.3
0.75 0.15 0.8 0.39
0 0.34 0.6 0.39
0 0.93 0 0.62
0 0.67 0 0.63
0 0.1 0 0.59
0.13 0 0 0.63
0.88 0 0 -123456789
0.67 0.6 0 -123456789
0.1 0.13 0 -123456789
0.42 0 0 -123456789
1 0 0 -123456789
0.54 0.56 0 0.38
0.5 0.94 0 0.53
1 0 0.17 0.37
1 0 0.25 0.38
0.24 0.15 0.34 0.25
0.1 0.63 0 0.31
0 0 0 0.3
0 0.38 0 0.38
0.84 0.16 0 0.21
0.79 0.34 0.25 0.42
0 0.55 0.4 0.3
0 0.38 0.25 0.25
0 0.13 0.34 0.23
0 0 0.67 0.64
0 1 1 0.61
0.67 0.88 0.8 0.5
