0.95 0.84 0.75 0.5
0.67 1 1 0.5
0.94 1 1 0.6
0.75 0 0.8 0.54
0.64 0 0.75 0.67
0 0.12 0.67 0.47
0 0.74 0 -123456789
0 0 0 0.06
0.74 0 0 0.05
0.91 0 0 -123456789
0 0.7 0 -123456789
0 0.5 0 -123456789
0 0 0 0.12
0 0 0 0.13
0 0 0.5 -123456789
0 0 0 -123456789
0 0.34 0 -123456789
0 0 0 -123456789
0.82 0 0 -123456789
0.46 0 0 -123456789
0 0 0 -123456789
0 0.39 0 -123456789
0 0.15 0 0.09
0 0 0 0.09
0 0 0 -123456789
0 0 0 -123456789
0 0 0.5 -123456789
0 0 0.4 -123456789
0 0 0 -123456789
0 0.13 0 -123456789
0 0 0 -123456789
0.67 0 0 0.06
0.25 0 0 0.03
0 0 0 0.09
0 0 0 -123456789
0 0.19 0 -123456789
0.01 0 0 -123456789
0 0 0 -123456789
0 0 0 -123456789
0 0 0 -123456789
0 0 0 -123456789
0 0 0 0.25
0 0 0.5 -123456789
0 0 0 -123456789
0.24 0 0 -123456789
0 0 0 -123456789
0 0 0 -123456789
0 0 0 -123456789
0 0 0 -123456789
0 0 0 -123456789
0 0 0.38 -123456789
0 0 0 0.17
0 0 0 -123456789
0 0 0 -123456789
0 0 0 -123456789
0 0 0 -123456789
0 0 0 -123456789
0.12 0 0 -123456789
0 0 0 -123456789
0 0 0.4 0
0 0 0 -123456789
0 0 0 0.04
0 0 0 -123456789
0 0 0 -123456789
0 0 0 -123456789
0 0 0 0.09
0 0 0 -123456789
0.13 0 0 -123456789
0 0 0.4 -123456789
0 0 0 -123456789
0 0 0 -123456789
-123456789 0 0 -123456789
0 0 0 -123456789
0 0 0 -123456789
0 0 0 -123456789
0 0 0 -123456789
0 0 0 -123456789
0 0 0 0.17
0 0 0 -123456789
0 0 0 -123456789
0 0 0 -123456789
0 0 0 -123456789
0 0 0.8 -123456789
0 0 0 -123456789
0 0.08 0 -123456789
0 0 0 -123456789
0 0 0 -123456789
0 0 0 -123456789
0 0 0 -123456789
0 0.08 0 0.09
0 0 0.4 0.03
0 0 0 0.14
0.23 0 0 -123456789
0.5 0 0 -123456789
0 0 0 -123456789
0 0 0 -123456789
0 0 0 0.14
0 0 0 0.06
0 0 0 -123456789
0 0 0 -123456789
0 0 0 -123456789
0.19 0 0.75 -123456789
0 0 0.5 -123456789
0 0 0 -123456789
0.23 0 0 -123456789
0.23 0 0 0.09
0 0 0 0.09
0 0 0 -123456789
0 0 0 -123456789
0 0 0 0.09
0 0 0 -123456789
0 0 0 0.03
0 0 0 -123456789
0 0 0 -123456789
0 0 0 -123456789
0 0 0 -123456789
0 0 0.5 -123456789
0 0 0 -123456789
0 0 0 -123456789
0 0 0 -123456789
0 0 0 -123456789
-123456789 0 0.2 -123456789
0 0 0 -123456789
0 0 0 -123456789
0 0 0 -123456789
0 0 0 -123456789
0 0 0 -123456789
0 0 0 0.25
0 0 0.25 0.03
0 0 0 0.09
0 0 0 -123456789
0.07 0 0 -123456789
0 0 0 -123456789
0 0 0 -123456789
0 0 0 -123456789
0 0 0 -123456789
0 0 0 -123456789
0 0 0 -123456789
0 0 0 -123456789
0 0 0 -123456789
0 0 0 -123456789
0 0 0.34 -123456789
0 0 0 -123456789
0 0 0 -123456789
0.07 0 0 -123456789
0 0 0 0.22
0 0 0 -123456789
0 0 0 -123456789
0 0 0 -123456789
0 0 0.34 -123456789
0 0 0 -123456789
0 0 0 -123456789
0 0 0 0.13
0.12 0 0 -123456789
0 0 0 -123456789
0 0 0 -123456789
0 0 0 -123456789
0 0 0.5 -123456789
0 0 0.25 -123456789
0 0 0 0.17
0 0 0 -123456789
0 0.1 0 -123456789
0 0 0.2 -123456789
0 0 0 -123456789
0 0 0 -123456789
0 0 0 -123456789
0 0 0 -123456789
0 0 0 -123456789
0 0 0 -123456789
0 0 0 0.13
0 0 0 -123456789
0 0 0 -123456789
0 0 0 -123456789
0 0 0 -123456789
0 0 0 -123456789
0 0 0 0.17
0 0 0 -123456789
0 0 0 -123456789
0 0 0 0.09
0 0 0.34 -123456789
0 0 0 -123456789
0 0 0 -123456789
0 0 0 -123456789
0 0 0 -123456789
0 0 0 -123456789
0 0 0 -123456789
0 0 0 -123456789
0 0 0 -123456789
0 0 0 -123456789
0 0 0.2 -123456789
0 0 0 -123456789
0 0 0 0.09
0 0 0 0
0 0 0 0.05
0 0 0 -123456789
0 0 0 -123456789
0 0 0 -123456789
0 0 0.4 -123456789
0 0 0 -123456789
0 0 0 0.04
0 0 0 -123456789
0 0 0 -123456789
0 0 0 -123456789
0 0 0 -123456789
0 0 0 -123456789
0 0 0 -123456789
0 0 0 -123456789
0 0 0 -123456789
0 0 1 0.25
0 0 0.25 0.25
0 0 0 0.09
0 0 0 -123456789
0.5 0 0 -123456789
0.38 0.05 0 -123456789
0 0 0 -123456789
0 0 0 0.13
0.06 0.1 0 -123456789
0 0 0.4 -123456789
0 0 0.13 -123456789
0 0 0 -123456789
0 0 0 -123456789
0 0 0 -123456789
0 0 0 -123456789
0 0 0 -123456789
0 0 0 -123456789
0 0 0 -123456789
0 0 0 -123456789
0 0 0 -123456789
0 0 0 -123456789
0 0 0 0.1
0 0 0 -123456789
0 0 0 0
0 0 0 -123456789
0 0.39 0 0.09
0 0.58 0 0.31
0.06 0 0 0.4
0 0.67 0 0.38
0.22 0.75 1 0.33
0.94 0.75 0.75 0.38
0.94 0.84 0.75 0.31
0.94 0.75 1 0.13
1 0.84 0.6 0.3
0.99 0.92 1 0.33
1 0.86 0.75 0.12
0.95 0.72 0.75 0.38
0.94 0.86 1 0.45
1 1 0.75 0.38
0.93 0.75 0.6 0.33
