0;roundrobin;SMA;.641809277;406;0.076;.076;0.0423559013427496
1;roundrobin;SMA;.836014462;198;0.118;.194;0.0260920139484302
4;roundrobin;SMA;.652325248;346;0.044;.267;0.0427559244477954
3;roundrobin;SMA;.852273731;27;0.014;.223;0.0044156703260322
5;roundrobin;SMA;.843845993;29;0.289;.556;0.0044156703260322
8;roundrobin;ssa;.834024740;583;0.096;.829;0.0657184273159393
9;roundrobin;SMA;.831283354;211;0.015;.844;0.0262853423085934
2;roundrobin;ssa;1.942782874;115;0.015;.209;0.0189752485931269
11;roundrobin;seadec;.864787348;132;0.076;1.059;0.0194549251238626
12;roundrobin;seadec;.755280917;150;0.124;1.183;0.0196202016385114
13;roundrobin;ssa;1.112164415;343;0.442;1.625;0.0377148729094167
15;roundrobin;seadec;.861873708;74;0.104;1.834;0.00929623085818988
6;roundrobin;ssa;2.588380046;488;0.123;.679;0.0468428353029938
16;roundrobin;seadec;.668918029;89;0.188;2.022;0.0240361194750053
17;roundrobin;ssa;1.049698899;586;0.065;2.087;0.0658004472335592
10;roundrobin;ssa;3.024040772;263;0.139;.983;0.0351769567303275
20;roundrobin;ssa;.897995065;523;0.236;2.416;0.0482841409439691
23;roundrobin;SMA;.846340682;215;0.057;2.566;0.0262853423085934
21;roundrobin;ssa;1.165791754;421;0.064;2.480;0.0450325086617828
7;roundrobin;ssa;3.848144827;332;0.054;.733;0.0377148729094167
25;roundrobin;SMA;.845366983;214;0.006;2.583;0.0262853423085934
24;roundrobin;ssa;1.115866602;255;0.011;2.577;0.034465109395276
14;roundrobin;ssa;3.261186335;549;0.105;1.730;0.0639327156526897
29;roundrobin;SMA;.831582233;418;0.1;3.254;0.0423559013427496
28;roundrobin;ssa;1.165763307;499;0.117;3.154;0.0472776063296307
18;roundrobin;seadec;2.945696017;157;0.034;2.121;0.0200366493973128
33;roundrobin;ssa;1.031860055;556;0.132;3.566;0.0650104625049824
32;roundrobin;ssa;1.381130352;272;0.032;3.434;0.0351994025147571
37;roundrobin;seadec;.882113813;66;0.073;3.791;0.00929623085818988
36;roundrobin;SMA;1.028698048;366;0.03;3.718;0.0400802183599336
40;roundrobin;ssa;1.044562927;242;0.108;3.998;0.034465109395276
41;roundrobin;ssa;1.101067141;331;0.103;4.101;0.0377148729094167
44;roundrobin;seadec;.761333881;78;0.055;4.410;0.0240361194750053
45;roundrobin;SMA;.837761946;177;0.03;4.440;0.0303277073168743
26;roundrobin;seadec;3.571232017;148;0.058;2.641;0.0196202016385114
22;roundrobin;ssa;4.142111916;597;0.029;2.509;0.0658004472335592
48;roundrobin;ssa;.893650058;583;0.051;4.719;0.0657184273159393
49;roundrobin;ssa;1.137951147;442;0.201;4.920;0.0464705153781347
19;roundrobin;ssa;5.713959907;335;0.059;2.180;0.0377148729094167
34;roundrobin;seadec;3.846671970;161;0.02;3.586;0.0200366493973128
53;roundrobin;SMA;.837665246;374;0.056;5.558;0.0400802183599336
52;roundrobin;ssa;1.050166724;570;0.322;5.502;0.0650104625049824
31;roundrobin;seadec;4.756304380;85;0.004;3.402;0.0240361194750053
57;roundrobin;seadec;.865843310;145;0.031;5.767;0.0196202016385114
30;roundrobin;ssa;5.064498064;343;0.144;3.398;0.0377148729094167
56;roundrobin;ssa;1.222135849;454;0.021;5.736;0.0462637861154206
60;roundrobin;SMA;.819389332;14;0.009;5.964;0.00312822529954525
61;roundrobin;ssa;1.311779820;499;0.111;6.075;0.0472776063296307
27;roundrobin;ssa;6.527834787;441;0.396;3.037;0.0464705153781347
64;roundrobin;ssa;.856592177;593;0.483;6.740;0.0658004472335592
42;roundrobin;ssa;5.054416155;502;0.129;4.230;0.0472776063296307
65;roundrobin;ssa;1.140664613;253;0.043;6.783;0.034465109395276
38;roundrobin;SMA;5.905228651;235;0.075;3.866;0.0294444332989678
68;roundrobin;ssa;.893609744;518;0.081;7.251;0.0482841409439691
69;roundrobin;SMA;.853221830;232;0.084;7.335;0.0294444332989678
43;roundrobin;ssa;6.067868946;519;0.125;4.355;0.0482841409439691
72;roundrobin;SMA;.662183620;230;0.291;8.035;0.0294444332989678
50;roundrobin;SMA;5.392887233;211;0.042;4.962;0.0262853423085934
73;roundrobin;SMA;.851211280;415;0.029;8.064;0.0423559013427496
76;roundrobin;SMA;.689136956;198;0.035;8.143;0.0260920139484302
46;roundrobin;SMA;6.436453791;217;0.129;4.569;0.0262853423085934
55;roundrobin;SMA;4.652546523;213;0.098;5.715;0.0262853423085934
35;roundrobin;ssa;8.138584242;497;0.102;3.688;0.0472776063296307
77;roundrobin;SMA;.836071187;227;0.157;8.300;0.0294444332989678
39;roundrobin;ssa;7.831289603;557;0.024;3.890;0.0650104625049824
80;roundrobin;ssa;.826821579;535;0.039;8.696;0.0656320663227048
81;roundrobin;SMA;.846359570;397;0.101;8.797;0.0386866425310276
51;roundrobin;SMA;6.606770545;35;0.218;5.180;0.00572928357269349
58;roundrobin;SMA;5.393895604;16;0.111;5.878;0.0044156703260322
84;roundrobin;SMA;.733106191;361;0.228;9.113;0.0400802183599336
54;roundrobin;SMA;6.325897068;38;0.059;5.617;0.00572928357269349
47;roundrobin;ssa;8.152644643;120;0.099;4.668;0.0189752485931269
85;roundrobin;ssa;1.084846404;336;0.08;9.193;0.0377148729094167
88;roundrobin;seadec;.635150446;105;0.135;9.609;0.0200421445003984
89;roundrobin;SMA;.842378765;363;0.21;9.819;0.0400802183599336
67;roundrobin;ssa;5.413597380;524;0.114;7.170;0.0482841409439691
92;roundrobin;SMA;.658728748;230;0.104;10.072;0.0294444332989678
59;roundrobin;seadec;7.411836582;153;0.077;5.955;0.0200366493973128
66;roundrobin;ssa;5.969663889;325;0.273;7.056;0.0369276456170677
63;roundrobin;SMA;6.990123696;395;0.157;6.257;0.0386866425310276
97;roundrobin;SMA;.881559167;403;0.021;10.258;0.0386866425310276
96;roundrobin;ssa;.969711940;333;0.045;10.237;0.0377148729094167
93;roundrobin;ssa;1.339613292;499;0.026;10.098;0.0472776063296307
79;roundrobin;SMA;3.957132052;349;0.276;8.657;0.0427559244477954
62;roundrobin;ssa;7.862780544;447;0.025;6.100;0.0464705153781347
101;roundrobin;SMA;.865785324;414;0.052;10.548;0.0423559013427496
100;roundrobin;ssa;1.048407293;598;0.19;10.496;0.0658004472335592
71;roundrobin;seadec;5.843660072;154;0.231;7.744;0.0200366493973128
75;roundrobin;SMA;5.233936824;202;0.005;8.108;0.0260920139484302
105;roundrobin;SMA;.835006306;214;0.269;11.025;0.0262853423085934
104;roundrobin;ssa;1.220013761;436;0.125;10.756;0.0464705153781347
74;roundrobin;SMA;5.986713505;42;0.039;8.103;0.00572928357269349
87;roundrobin;seadec;3.739817530;47;0.123;9.474;0.00853866866997741
108;roundrobin;seadec;.779503866;99;0.057;11.332;0.0200421445003984
109;roundrobin;SMA;.850022550;389;0.076;11.408;0.0385801680617862
112;roundrobin;seadec;.645398060;54;0.004;11.753;0.00853866866997741
70;roundrobin;ssa;8.070590484;117;0.178;7.513;0.0189752485931269
113;roundrobin;seadec;.856835737;129;0.013;11.766;0.0194549251238626
116;roundrobin;seadec;.704256524;150;0.044;12.024;0.0196202016385114
117;roundrobin;SMA;.841198872;189;0.007;12.031;0.027678078136308
120;roundrobin;seadec;.722305793;68;0.024;12.106;0.00929623085818988
91;roundrobin;ssa;4.673536458;254;0.045;9.968;0.034465109395276
82;roundrobin;ssa;6.724522114;558;0.082;8.879;0.0650104625049824
124;roundrobin;SMA;.641869737;174;0.002;12.451;0.0303277073168743
121;roundrobin;ssa;1.112055847;322;0.074;12.180;0.0369276456170677
99;roundrobin;ssa;4.930714780;576;0.035;10.306;0.0657184273159393
78;roundrobin;seadec;8.367653574;147;0.081;8.381;0.0196202016385114
125;roundrobin;ssa;1.220634921;496;0.018;12.469;0.0472776063296307
128;roundrobin;ssa;.907401354;289;0.009;12.940;0.0354027676498525
129;roundrobin;SMA;.841709966;216;0.119;13.059;0.0262853423085934
111;roundrobin;seadec;3.691434411;60;0.184;11.749;0.00853866866997741
132;roundrobin;SMA;.975808790;372;0.038;13.248;0.0400802183599336
137;roundrobin;SMA;.845595654;213;0.01;13.414;0.0262853423085934
133;roundrobin;ssa;1.133739155;311;0.038;13.286;0.0360930160445306
136;roundrobin;ssa;1.200706693;426;0.016;13.404;0.0450325086617828
140;roundrobin;SMA;.818549554;370;0.053;13.753;0.0400802183599336
103;roundrobin;ssa;6.407325898;255;0.038;10.631;0.034465109395276
141;roundrobin;seadec;.854034121;103;0.103;13.856;0.0200421445003984
90;roundrobin;ssa;7.958137719;288;0.104;9.923;0.0354027676498525
145;roundrobin;seadec;.851031500;94;0.081;14.302;0.0200421445003984
144;roundrobin;ssa;1.029283591;472;0.022;14.221;0.0463158279553995
115;roundrobin;SMA;5.052630181;43;0.072;11.980;0.00572928357269349
86;roundrobin;ssa;9.767080676;540;0.158;9.351;0.0656320663227048
148;roundrobin;ssa;.968224452;115;0.171;14.571;0.0189752485931269
149;roundrobin;ssa;1.106762543;272;0.211;14.782;0.0351994025147571
152;roundrobin;SMA;.684550273;27;0.174;15.031;0.0044156703260322
83;roundrobin;ssa;11.223173848;479;0.006;8.885;0.0463158279553995
127;roundrobin;seadec;4.402049577;86;0.136;12.931;0.0240361194750053
153;roundrobin;SMA;.827196632;31;0.285;15.316;0.00572928357269349
98;roundrobin;ssa;9.677992916;330;0.013;10.271;0.0369276456170677
95;roundrobin;SMA;10.004046034;179;0.026;10.192;0.0303277073168743
139;roundrobin;SMA;3.893779118;9;0.079;13.700;0.00312822529954525
94;roundrobin;SMA;10.125108764;183;0.068;10.166;0.027678078136308
157;roundrobin;seadec;.857102181;81;0.071;15.835;0.0240361194750053
156;roundrobin;ssa;1.063601419;553;0.184;15.764;0.0639327156526897
160;roundrobin;SMA;.888459713;175;0.15;15.993;0.0303277073168743
161;roundrobin;seadec;.871069105;156;0.098;16.091;0.0200366493973128
151;roundrobin;SMA;2.813847343;178;0.024;14.857;0.0303277073168743
107;roundrobin;SMA;9.267492075;391;0.23;11.275;0.0386866425310276
164;roundrobin;ssa;.947172034;559;0.148;16.545;0.0650104625049824
106;roundrobin;seadec;10.211294365;97;0.02;11.045;0.0200421445003984
165;roundrobin;ssa;.982299392;523;0.023;16.568;0.0482841409439691
119;roundrobin;SMA;8.426000828;172;0.03;12.082;0.0303277073168743
163;roundrobin;SMA;1.471855706;395;0.144;16.397;0.0386866425310276
168;roundrobin;SMA;.687146311;184;0.035;17.081;0.027678078136308
102;roundrobin;ssa;11.600464442;274;0.045;10.593;0.0351994025147571
169;roundrobin;SMA;.846643193;176;0.26;17.341;0.0303277073168743
172;roundrobin;ssa;.847981439;562;0.063;17.679;0.0650104625049824
173;roundrobin;ssa;.984170998;525;0.217;17.896;0.0482841409439691
123;roundrobin;ssa;9.819574909;484;0.098;12.449;0.0468428353029938
114;roundrobin;ssa;11.146255867;494;0.142;11.908;0.0468428353029938
176;roundrobin;ssa;.880481178;515;0.193;18.370;0.0482841409439691
110;roundrobin;ssa;12.290947428;569;0.157;11.565;0.0650104625049824
180;roundrobin;SMA;.817266111;231;0.075;18.633;0.0294444332989678
177;roundrobin;ssa;1.251463523;483;0.068;18.438;0.0468428353029938
181;roundrobin;SMA;.870703496;216;0.025;18.658;0.0262853423085934
184;roundrobin;SMA;.761198452;42;0.132;18.917;0.00572928357269349
185;roundrobin;ssa;1.058533508;270;0.054;18.971;0.0351769567303275
175;roundrobin;ssa;2.535042192;519;0.152;18.177;0.0482841409439691
188;roundrobin;ssa;1.009900033;498;0.02;19.119;0.0472776063296307
189;roundrobin;seadec;.884341344;89;0.231;19.350;0.0240361194750053
192;roundrobin;SMA;.850295596;367;0.012;19.557;0.0400802183599336
187;roundrobin;seadec;1.842463586;74;0.052;19.099;0.00929623085818988
193;roundrobin;ssa;1.012494023;510;0.123;19.680;0.0472776063296307
122;roundrobin;ssa;12.749459375;485;0.171;12.351;0.0468428353029938
135;roundrobin;ssa;11.013957496;519;0.091;13.388;0.0482841409439691
118;roundrobin;ssa;13.440114252;323;0.021;12.052;0.0369276456170677
197;roundrobin;SMA;.894533821;384;0.045;19.918;0.0385801680617862
196;roundrobin;ssa;1.060469732;484;0.081;19.873;0.0468428353029938
199;roundrobin;SMA;1.218752089;24;0.006;19.998;0.0044156703260322
200;roundrobin;ssa;1.239921170;458;0.008;20.006;0.0462637861154206
201;roundrobin;ssa;1.138864517;305;0.103;20.109;0.0360930160445306
204;roundrobin;seadec;.886144636;99;0.017;20.273;0.0200421445003984
205;roundrobin;ssa;1.007424325;554;0.067;20.340;0.0639327156526897
131;roundrobin;ssa;12.794209128;437;0.125;13.210;0.0464705153781347
130;roundrobin;SMA;13.154895308;197;0.026;13.085;0.0260920139484302
208;roundrobin;ssa;.888665875;531;0.04;20.643;0.0656320663227048
126;roundrobin;ssa;14.401114429;530;0.326;12.795;0.0656320663227048
213;roundrobin;SMA;.864133109;196;0.012;21.010;0.0260920139484302
209;roundrobin;ssa;1.342612085;496;0.1;20.743;0.0472776063296307
212;roundrobin;ssa;1.036241692;534;0.103;20.998;0.0656320663227048
216;roundrobin;seadec;.844495241;145;0.066;21.200;0.0196202016385114
217;roundrobin;SMA;.870230650;394;0.218;21.418;0.0386866425310276
220;roundrobin;SMA;.658483629;35;0.109;21.692;0.00572928357269349
221;roundrobin;seadec;.857233419;128;0.032;21.724;0.0194549251238626
224;roundrobin;SMA;.645224106;177;0.157;22.085;0.0303277073168743
138;roundrobin;ssa;14.440721851;570;0.207;13.621;0.0650104625049824
134;roundrobin;SMA;15.053515494;237;0.011;13.297;0.0294444332989678
211;roundrobin;ssa;2.849529433;560;0.137;20.895;0.0650104625049824
225;roundrobin;SMA;.875907301;389;0.032;22.117;0.0385801680617862
228;roundrobin;seadec;.650787534;126;0.045;22.411;0.0194549251238626
143;roundrobin;ssa;14.480851509;280;0.118;14.199;0.0351994025147571
229;roundrobin;SMA;.859401811;362;0.117;22.528;0.0400802183599336
232;roundrobin;seadec;.750104140;90;0.025;23.068;0.0240361194750053
146;roundrobin;SMA;14.834587087;180;0.058;14.360;0.0303277073168743
142;roundrobin;seadec;15.484278617;102;0.225;14.081;0.0200421445003984
236;roundrobin;seadec;.698573952;144;0.091;23.309;0.0196202016385114
155;roundrobin;SMA;13.376039167;383;0.072;15.580;0.0385801680617862
233;roundrobin;ssa;1.098370953;279;0.05;23.118;0.0351994025147571
237;roundrobin;SMA;.864958223;374;0.039;23.348;0.0400802183599336
240;roundrobin;seadec;.633860294;101;0.153;23.671;0.0200421445003984
167;roundrobin;seadec;11.988856249;100;0.211;17.046;0.0200421445003984
241;roundrobin;SMA;.848750325;364;0.107;23.778;0.0400802183599336
244;roundrobin;SMA;.698908881;356;0.058;24.212;0.0427559244477954
147;roundrobin;ssa;16.541965097;470;0.04;14.400;0.0463158279553995
150;roundrobin;seadec;15.960727410;51;0.051;14.833;0.00853866866997741
223;roundrobin;ssa;4.560906848;276;0.11;21.928;0.0351994025147571
245;roundrobin;ssa;.995328291;592;0.005;24.217;0.0658004472335592
154;roundrobin;ssa;15.471157228;341;0.192;15.508;0.0377148729094167
248;roundrobin;SMA;.784434240;191;0.06;24.561;0.027678078136308
249;roundrobin;SMA;.842897100;8;0.048;24.609;0.00312822529954525
159;roundrobin;SMA;15.217362191;191;0.003;15.843;0.027678078136308
235;roundrobin;SMA;3.491905256;369;0.041;23.218;0.0400802183599336
253;roundrobin;seadec;.857355593;86;0;25.112;0.0240361194750053
252;roundrobin;ssa;.962645824;261;0.087;25.112;0.0351769567303275
171;roundrobin;SMA;13.447146424;176;0.18;17.616;0.0303277073168743
179;roundrobin;ssa;12.243639933;523;0.076;18.558;0.0482841409439691
247;roundrobin;SMA;2.404597600;169;0.276;24.501;0.0303277073168743
162;roundrobin;seadec;15.856464874;130;0.162;16.253;0.0194549251238626
257;roundrobin;seadec;.854596038;131;0.116;25.464;0.0194549251238626
256;roundrobin;ssa;1.045291393;543;0.139;25.348;0.0639327156526897
158;roundrobin;ssa;16.996979835;493;0.005;15.840;0.0468428353029938
183;roundrobin;SMA;12.458928035;214;0.094;18.785;0.0262853423085934
260;roundrobin;ssa;.997675521;582;0.175;25.670;0.0657184273159393
191;roundrobin;SMA;11.421847782;175;0.08;19.545;0.0303277073168743
259;roundrobin;SMA;1.472187196;386;0.026;25.495;0.0385801680617862
261;roundrobin;ssa;1.183098603;483;0.317;25.987;0.0468428353029938
195;roundrobin;SMA;11.743494841;183;0.077;19.792;0.027678078136308
264;roundrobin;ssa;1.010818997;519;0.074;26.135;0.0482841409439691
265;roundrobin;seadec;.898237874;62;0.011;26.146;0.00929623085818988
170;roundrobin;SMA;15.722257476;31;0.095;17.436;0.00572928357269349
203;roundrobin;seadec;10.999031011;153;0.08;20.256;0.0200366493973128
268;roundrobin;ssa;1.060234970;331;0.225;26.500;0.0377148729094167
215;roundrobin;SMA;10.114676017;203;0.016;21.134;0.0260920139484302
272;roundrobin;SMA;.759830312;200;0.041;26.860;0.0260920139484302
166;roundrobin;ssa;17.595575852;539;0.267;16.835;0.0656320663227048
269;roundrobin;ssa;1.207099823;495;0.104;26.604;0.0468428353029938
273;roundrobin;seadec;.885607653;64;0;26.860;0.00929623085818988
227;roundrobin;seadec;9.140056261;70;0.062;22.366;0.00929623085818988
178;roundrobin;ssa;16.536687481;329;0.044;18.482;0.0369276456170677
276;roundrobin;SMA;.625114521;352;0.392;28.075;0.0427559244477954
239;roundrobin;seadec;8.212173108;165;0.105;23.518;0.0200366493973128
277;roundrobin;SMA;.852074665;228;0.011;28.086;0.0294444332989678
280;roundrobin;seadec;.630442142;160;0.069;28.383;0.0200366493973128
207;roundrobin;ssa;13.534434316;297;0.041;20.603;0.0354027676498525
174;roundrobin;ssa;18.328480377;482;0.129;18.025;0.0468428353029938
281;roundrobin;ssa;1.183169813;341;0.316;28.699;0.0377148729094167
284;roundrobin;ssa;.906142200;543;0.097;28.861;0.0639327156526897
285;roundrobin;seadec;.880908175;65;0.037;28.898;0.00929623085818988
186;roundrobin;SMA;17.213369030;354;0.076;19.047;0.0427559244477954
288;roundrobin;ssa;1.151960461;278;0.043;28.988;0.0351994025147571
289;roundrobin;ssa;1.182076831;338;0.189;29.177;0.0377148729094167
292;roundrobin;ssa;1.065480305;544;0.103;29.317;0.0639327156526897
182;roundrobin;SMA;18.855854893;18;0.033;18.691;0.0044156703260322
293;roundrobin;ssa;1.204722428;440;0.028;29.345;0.0464705153781347
251;roundrobin;ssa;8.671003118;522;0.072;25.025;0.0482841409439691
296;roundrobin;ssa;1.300497552;551;0.109;29.562;0.0639327156526897
194;roundrobin;SMA;17.919651223;20;0.035;19.715;0.0044156703260322
297;roundrobin;ssa;1.115752549;337;0.141;29.703;0.0377148729094167
300;roundrobin;ssa;1.126346873;265;0.042;29.923;0.0351769567303275
263;roundrobin;SMA;7.784922174;41;0.069;26.061;0.00572928357269349
301;roundrobin;SMA;.854277768;239;0.366;30.289;0.0294444332989678
271;roundrobin;ssa;6.943891471;455;0.163;26.819;0.0462637861154206
304;roundrobin;ssa;.916965239;273;0.178;30.782;0.0351994025147571
219;roundrobin;ssa;15.953056140;315;0.011;21.583;0.0360930160445306
305;roundrobin;ssa;1.005251003;578;0.024;30.806;0.0657184273159393
202;roundrobin;SMA;18.571196046;8;0.067;20.176;0.00312822529954525
190;roundrobin;ssa;20.193154995;492;0.115;19.465;0.0468428353029938
308;roundrobin;SMA;.739341252;404;0.196;31.153;0.0386866425310276
283;roundrobin;SMA;4.932031992;37;0.033;28.764;0.00572928357269349
309;roundrobin;SMA;.852883535;171;0.234;31.387;0.0303277073168743
312;roundrobin;ssa;.866343805;513;0.001;31.447;0.0482841409439691
313;roundrobin;ssa;.997395095;570;0.027;31.474;0.0650104625049824
316;roundrobin;SMA;.645844819;420;0.064;32.132;0.0423559013427496
317;roundrobin;SMA;.846472713;4;0.066;32.198;0.00312822529954525
210;roundrobin;ssa;19.553849968;524;0.015;20.758;0.0482841409439691
320;roundrobin;seadec;.758952931;56;0.106;32.480;0.00853866866997741
231;roundrobin;ssa;16.213124531;520;0.459;23.043;0.0482841409439691
321;roundrobin;ssa;1.004063979;588;0.046;32.526;0.0658004472335592
324;roundrobin;ssa;.922144949;506;0.082;32.654;0.0472776063296307
325;roundrobin;seadec;.888444756;159;0.011;32.665;0.0200366493973128
198;roundrobin;ssa;21.870886275;495;0.074;19.992;0.0468428353029938
295;roundrobin;ssa;6.319684530;563;0.042;29.453;0.0650104625049824
328;roundrobin;SMA;.820409377;1;0.066;33.060;0.00312822529954525
243;roundrobin;seadec;15.378492814;104;0.244;24.154;0.0200421445003984
329;roundrobin;seadec;.856344248;80;0.005;33.065;0.0240361194750053
332;roundrobin;ssa;.943326500;600;0.069;33.301;0.0658004472335592
336;roundrobin;SMA;.813780923;417;0.019;33.478;0.0423559013427496
333;roundrobin;ssa;1.124248725;342;0.047;33.348;0.0377148729094167
307;roundrobin;SMA;4.784244005;184;0.023;30.957;0.027678078136308
255;roundrobin;seadec;14.509040060;74;0.075;25.209;0.00929623085818988
337;roundrobin;ssa;1.188456872;430;0.135;33.613;0.0450325086617828
218;roundrobin;ssa;21.008542230;484;0.154;21.572;0.0468428353029938
340;roundrobin;ssa;.906735711;511;0.038;33.888;0.0482841409439691
275;roundrobin;ssa;11.511923389;440;0.633;27.683;0.0464705153781347
341;roundrobin;ssa;1.228086120;492;0.184;34.072;0.0468428353029938
206;roundrobin;ssa;23.203761526;449;0.222;20.562;0.0464705153781347
344;roundrobin;ssa;.893891304;109;0.126;34.324;0.0189752485931269
345;roundrobin;SMA;.864786397;41;0.157;34.481;0.00572928357269349
349;roundrobin;SMA;.849291762;172;0.108;34.670;0.0303277073168743
348;roundrobin;ssa;1.217323237;468;0.007;34.562;0.0463158279553995
352;roundrobin;SMA;.820025070;419;0.043;34.728;0.0423559013427496
353;roundrobin;ssa;1.107838955;326;0.132;34.860;0.0369276456170677
267;roundrobin;ssa;15.097560240;583;0.028;26.275;0.0657184273159393
356;roundrobin;seadec;.637599010;53;0.025;35.151;0.00853866866997741
226;roundrobin;ssa;22.061705022;286;0.187;22.304;0.0354027676498525
357;roundrobin;seadec;.871047516;55;0.292;35.443;0.00853866866997741
214;roundrobin;ssa;24.510022081;287;0.108;21.118;0.0354027676498525
287;roundrobin;ssa;12.504952569;570;0.046;28.945;0.0650104625049824
360;roundrobin;ssa;1.120260913;574;0.099;35.698;0.0657184273159393
361;roundrobin;ssa;1.131530404;345;0.024;35.722;0.0377148729094167
364;roundrobin;seadec;.821434224;104;0.095;35.916;0.0200421445003984
365;roundrobin;ssa;.991465941;111;0.095;36.011;0.0189752485931269
234;roundrobin;ssa;22.913140741;530;0.059;23.177;0.0656320663227048
368;roundrobin;SMA;.623212850;216;0.212;36.365;0.0262853423085934
222;roundrobin;SMA;25.142024039;10;0.094;21.818;0.00312822529954525
369;roundrobin;SMA;.891336848;194;0.038;36.403;0.027678078136308
372;roundrobin;SMA;.640007165;364;0.2;36.658;0.0400802183599336
373;roundrobin;seadec;.872527297;122;0.058;36.716;0.0194549251238626
279;roundrobin;ssa;15.980884822;317;0.099;28.314;0.0369276456170677
376;roundrobin;ssa;.932430528;314;0.047;36.941;0.0360930160445306
242;roundrobin;seadec;23.365334846;163;0.132;23.910;0.0200366493973128
230;roundrobin;seadec;25.416665292;53;0.056;22.584;0.00853866866997741
377;roundrobin;ssa;1.068829344;271;0.114;37.055;0.0351994025147571
319;roundrobin;ssa;10.301715280;472;0.145;32.374;0.0463158279553995
380;roundrobin;ssa;.915048896;110;0.26;37.455;0.0189752485931269
291;roundrobin;SMA;15.292439669;21;0.008;29.214;0.0044156703260322
381;roundrobin;ssa;1.180368711;446;0.194;37.649;0.0464705153781347
384;roundrobin;ssa;.965409002;579;0.026;37.743;0.0657184273159393
389;roundrobin;SMA;.876258102;420;0.054;38.165;0.0423559013427496
385;roundrobin;ssa;1.212511448;321;0.302;38.045;0.0369276456170677
388;roundrobin;ssa;1.191291715;458;0.034;38.111;0.0462637861154206
250;roundrobin;ssa;24.036724630;504;0.344;24.953;0.0472776063296307
393;roundrobin;seadec;.876087116;47;0;38.240;0.00853866866997741
392;roundrobin;ssa;1.103989192;559;0.005;38.240;0.0650104625049824
331;roundrobin;ssa;10.603066825;107;0.133;33.232;0.0189752485931269
238;roundrobin;ssa;26.713110574;473;0.065;23.413;0.0463158279553995
397;roundrobin;seadec;.871891578;144;0.056;38.774;0.0196202016385114
396;roundrobin;ssa;1.084209548;555;0.227;38.718;0.0639327156526897
343;roundrobin;SMA;9.852218523;24;0.096;34.198;0.0044156703260322
400;roundrobin;SMA;.853125231;406;0.019;38.950;0.0423559013427496
401;roundrobin;ssa;1.004621859;598;0.001;38.951;0.0658004472335592
303;roundrobin;ssa;16.053636495;242;0.104;30.604;0.034465109395276
404;roundrobin;ssa;.827277296;106;0.235;39.380;0.0189752485931269
246;roundrobin;SMA;27.016653294;414;0.008;24.225;0.0423559013427496
405;roundrobin;ssa;.975509712;522;0.001;39.381;0.0482841409439691
258;roundrobin;ssa;25.294001292;336;0.005;25.469;0.0377148729094167
315;roundrobin;SMA;14.864136808;12;0.336;32.068;0.00312822529954525
408;roundrobin;ssa;1.032209582;255;0.108;39.573;0.034465109395276
409;roundrobin;SMA;.878761464;418;0.173;39.746;0.0423559013427496
413;roundrobin;SMA;.859864657;34;0.03;39.894;0.00572928357269349
412;roundrobin;ssa;1.010119015;566;0.035;39.864;0.0650104625049824
299;roundrobin;ssa;18.775376884;491;0.053;29.881;0.0468428353029938
327;roundrobin;seadec;14.437671616;52;0.259;32.994;0.00853866866997741
417;roundrobin;SMA;.844589169;347;0.045;40.312;0.0427559244477954
254;roundrobin;SMA;27.212539499;192;0.022;25.134;0.027678078136308
416;roundrobin;ssa;1.158970555;432;0.042;40.267;0.0450325086617828
266;roundrobin;SMA;25.448076967;375;0.101;26.247;0.0400802183599336
420;roundrobin;seadec;.835181939;59;0.156;40.617;0.00853866866997741
421;roundrobin;SMA;.840973725;180;0.138;40.755;0.0303277073168743
424;roundrobin;SMA;.703878664;38;0.021;41.336;0.00572928357269349
425;roundrobin;seadec;.859157494;140;0.018;41.354;0.0196202016385114
428;roundrobin;SMA;.667949225;40;0.01;41.460;0.00572928357269349
429;roundrobin;ssa;1.018416688;585;0.05;41.510;0.0657184273159393
262;roundrobin;ssa;28.019698666;533;0.005;25.992;0.0656320663227048
432;roundrobin;seadec;.631648550;46;0.088;41.981;0.00853866866997741
274;roundrobin;ssa;26.217138341;248;0.19;27.050;0.034465109395276
311;roundrobin;ssa;19.364375183;254;0.047;31.446;0.034465109395276
433;roundrobin;SMA;.838048670;229;0.083;42.064;0.0294444332989678
339;roundrobin;ssa;16.423292129;281;0.006;33.850;0.0351994025147571
436;roundrobin;SMA;.691418258;17;0.314;42.690;0.0044156703260322
437;roundrobin;seadec;.851636903;69;0.109;42.799;0.00929623085818988
270;roundrobin;SMA;28.337955979;225;0.052;26.656;0.0262853423085934
282;roundrobin;seadec;25.547704371;123;0.032;28.731;0.0194549251238626
440;roundrobin;ssa;1.078725527;477;0.078;42.907;0.0463158279553995
441;roundrobin;SMA;.850772892;175;0.203;43.110;0.0303277073168743
444;roundrobin;ssa;1.032729470;322;0.035;43.345;0.0369276456170677
445;roundrobin;ssa;1.181269876;431;0.078;43.423;0.0450325086617828
355;roundrobin;ssa;16.127613308;498;0.105;35.126;0.0472776063296307
448;roundrobin;ssa;.916008231;106;0.055;43.731;0.0189752485931269
278;roundrobin;SMA;27.817991298;14;0.129;28.215;0.00312822529954525
323;roundrobin;ssa;20.936429864;272;0.029;32.572;0.0351994025147571
290;roundrobin;SMA;26.308804324;382;0.029;29.206;0.0385801680617862
449;roundrobin;ssa;1.147401294;328;0.165;43.896;0.0369276456170677
453;roundrobin;SMA;.859238064;364;0.045;44.137;0.0400802183599336
367;roundrobin;SMA;14.824732946;205;0.076;36.153;0.0260920139484302
452;roundrobin;ssa;1.054189368;433;0.013;44.092;0.0450325086617828
335;roundrobin;SMA;20.384222456;220;0.002;33.459;0.0262853423085934
457;roundrobin;SMA;.864997379;395;0.002;44.589;0.0386866425310276
456;roundrobin;ssa;1.081228990;320;0.353;44.587;0.0369276456170677
351;roundrobin;ssa;18.679133952;273;0.008;34.685;0.0351994025147571
286;roundrobin;seadec;28.266454038;87;0.001;28.899;0.0240361194750053
460;roundrobin;SMA;.732025316;10;0.171;44.999;0.00312822529954525
298;roundrobin;SMA;26.877991911;353;0.125;29.828;0.0427559244477954
347;roundrobin;SMA;19.609184013;180;0.024;34.555;0.0303277073168743
461;roundrobin;ssa;1.122301042;301;0.024;45.023;0.0360930160445306
379;roundrobin;ssa;14.449053645;108;0.014;37.195;0.0189752485931269
464;roundrobin;ssa;.940472497;526;0.301;45.482;0.0656320663227048
465;roundrobin;SMA;.892712473;216;0.004;45.486;0.0262853423085934
468;roundrobin;SMA;.826328591;201;0.109;45.794;0.0260920139484302
294;roundrobin;SMA;28.982755607;375;0.066;29.411;0.0400802183599336
472;roundrobin;seadec;.732064103;91;0.035;45.959;0.0200421445003984
469;roundrobin;ssa;1.111703687;290;0.002;45.796;0.0354027676498525
306;roundrobin;SMA;26.793957723;42;0.128;30.934;0.00572928357269349
476;roundrobin;seadec;.683727231;63;0.124;46.304;0.00929623085818988
473;roundrobin;ssa;1.127836367;312;0.108;46.067;0.0360930160445306
363;roundrobin;ssa;18.885768188;571;0.027;35.821;0.0657184273159393
477;roundrobin;SMA;.873664838;178;0.112;46.416;0.0303277073168743
480;roundrobin;ssa;.894203182;502;0.043;46.503;0.0472776063296307
481;roundrobin;seadec;.879814608;151;0.109;46.612;0.0200366493973128
359;roundrobin;ssa;20.221335475;517;0.148;35.599;0.0482841409439691
484;roundrobin;seadec;.771180927;78;0.064;46.736;0.0240361194750053
485;roundrobin;seadec;.872167627;88;0.002;46.738;0.0240361194750053
375;roundrobin;seadec;17.859127813;47;0.037;36.894;0.00853866866997741
314;roundrobin;seadec;27.336323555;98;0.258;31.732;0.0200421445003984
488;roundrobin;ssa;.914804601;572;0.046;46.992;0.0657184273159393
489;roundrobin;seadec;.865983564;46;0.04;47.032;0.00853866866997741
302;roundrobin;ssa;29.870271366;464;0.211;30.500;0.0462637861154206
391;roundrobin;ssa;16.350138728;292;0.066;38.235;0.0354027676498525
492;roundrobin;seadec;.863562856;77;0.015;47.231;0.0240361194750053
387;roundrobin;SMA;16.968379648;206;0.014;38.077;0.0260920139484302
493;roundrobin;ssa;1.001625441;532;0.23;47.461;0.0656320663227048
496;roundrobin;ssa;.992007424;540;0.072;47.577;0.0656320663227048
497;roundrobin;ssa;1.035108063;550;0.029;47.606;0.0639327156526897
322;roundrobin;SMA;27.887065116;360;0.017;32.543;0.0427559244477954
501;roundrobin;seadec;.867192263;127;0.003;47.766;0.0194549251238626
500;roundrobin;ssa;1.172967341;460;0.004;47.763;0.0462637861154206
504;roundrobin;SMA;.789038097;26;0.038;47.988;0.0044156703260322
505;roundrobin;SMA;.821741924;27;0.288;48.276;0.0044156703260322
310;roundrobin;ssa;30.765464009;342;0.012;31.399;0.0377148729094167
508;roundrobin;SMA;.622309782;391;0.075;48.687;0.0386866425310276
330;roundrobin;SMA;28.634539538;233;0.034;33.099;0.0294444332989678
509;roundrobin;SMA;.829488157;186;0.138;48.825;0.027678078136308
512;roundrobin;ssa;.995431888;446;0.073;49.375;0.0464705153781347
318;roundrobin;SMA;31.183311718;386;0.031;32.229;0.0385801680617862
513;roundrobin;ssa;1.187730245;492;0.121;49.496;0.0468428353029938
517;roundrobin;SMA;.865031298;184;0.016;49.792;0.027678078136308
516;roundrobin;ssa;.993730323;281;0.116;49.776;0.0351994025147571
399;roundrobin;ssa;19.375315235;328;0.003;38.931;0.0369276456170677
338;roundrobin;SMA;29.121374617;361;0.231;33.844;0.0400802183599336
371;roundrobin;ssa;24.592279605;435;0.021;36.458;0.0450325086617828
520;roundrobin;ssa;.856237803;580;0.213;50.765;0.0657184273159393
411;roundrobin;SMA;18.756458167;38;0.05;39.829;0.00572928357269349
521;roundrobin;ssa;.969698000;108;0.245;51.010;0.0189752485931269
326;roundrobin;ssa;32.494931622;580;0.07;32.735;0.0657184273159393
346;roundrobin;SMA;29.678087632;198;0.05;34.531;0.0260920139484302
383;roundrobin;seadec;23.580491128;131;0.05;37.717;0.0194549251238626
423;roundrobin;SMA;17.598124836;33;0.507;41.315;0.00572928357269349
524;roundrobin;SMA;.724604447;32;0.211;51.809;0.00572928357269349
525;roundrobin;seadec;.858325493;146;0.438;52.247;0.0196202016385114
435;roundrobin;SMA;16.824724972;350;0.246;42.376;0.0427559244477954
403;roundrobin;ssa;22.363274067;487;0.07;39.145;0.0468428353029938
528;roundrobin;ssa;1.076289589;497;0.053;52.534;0.0472776063296307
529;roundrobin;ssa;1.222954192;471;0.078;52.612;0.0463158279553995
334;roundrobin;ssa;33.681885689;303;0.109;33.457;0.0360930160445306
532;roundrobin;SMA;.707207929;401;0.157;53.101;0.0386866425310276
354;roundrobin;ssa;31.100200959;499;0.161;35.021;0.0472776063296307
447;roundrobin;seadec;15.699839365;62;0.17;43.676;0.00929623085818988
415;roundrobin;seadec;21.528696470;103;0.106;40.225;0.0200421445003984
533;roundrobin;seadec;.854354737;164;0.225;53.326;0.0200366493973128
395;roundrobin;ssa;25.113116288;245;0.114;38.491;0.034465109395276
536;roundrobin;ssa;.957776191;246;0.058;53.702;0.034465109395276
537;roundrobin;ssa;.985985130;589;0.039;53.741;0.0658004472335592
427;roundrobin;seadec;20.566476715;53;0.073;41.450;0.00853866866997741
362;roundrobin;SMA;31.019341388;224;0.072;35.794;0.0262853423085934
541;roundrobin;SMA;.839842898;43;0.041;54.438;0.00572928357269349
540;roundrobin;ssa;1.246175854;488;0.08;54.397;0.0468428353029938
342;roundrobin;ssa;35.023243206;445;0.03;34.102;0.0464705153781347
545;roundrobin;ssa;.999771017;576;0.085;54.594;0.0657184273159393
544;roundrobin;ssa;1.279614943;434;0.045;54.509;0.0450325086617828
459;roundrobin;ssa;16.524378003;509;0.033;44.828;0.0472776063296307
548;roundrobin;SMA;.909620280;172;0.157;54.863;0.0303277073168743
549;roundrobin;seadec;.856756476;77;0.05;54.913;0.0240361194750053
552;roundrobin;SMA;.678395619;216;0.205;55.244;0.0262853423085934
370;roundrobin;seadec;31.364494056;128;0.034;36.437;0.0194549251238626
556;roundrobin;SMA;.715686939;22;0.006;55.403;0.0044156703260322
553;roundrobin;ssa;1.160596015;427;0.004;55.248;0.0450325086617828
560;roundrobin;SMA;.694813570;210;0.013;55.643;0.0260920139484302
557;roundrobin;ssa;1.003078410;564;0.181;55.584;0.0650104625049824
439;roundrobin;ssa;21.301517712;535;0.022;42.829;0.0656320663227048
350;roundrobin;ssa;36.218019968;242;0.007;34.677;0.034465109395276
561;roundrobin;seadec;.861159069;83;0.442;56.085;0.0240361194750053
564;roundrobin;SMA;.701390175;2;0.09;56.366;0.00312822529954525
378;roundrobin;seadec;31.695210176;62;0.126;37.181;0.00929623085818988
451;roundrobin;SMA;20.039130000;4;0.171;44.079;0.00312822529954525
471;roundrobin;ssa;17.092946454;553;0.079;45.924;0.0639327156526897
407;roundrobin;ssa;27.760252384;341;0.02;39.465;0.0377148729094167
565;roundrobin;SMA;.847173879;371;0.163;56.529;0.0400802183599336
568;roundrobin;ssa;.916404712;339;0.214;56.860;0.0377148729094167
569;roundrobin;seadec;.858487561;93;0.402;57.262;0.0200421445003984
572;roundrobin;SMA;.665769354;396;0.06;57.383;0.0386866425310276
386;roundrobin;SMA;32.116394481;411;0.018;38.063;0.0423559013427496
573;roundrobin;SMA;.859975500;369;0.149;57.532;0.0400802183599336
358;roundrobin;ssa;37.166160339;428;0.008;35.451;0.0450325086617828
576;roundrobin;SMA;.677220609;3;0.009;57.720;0.00312822529954525
577;roundrobin;SMA;.872707278;216;0.101;57.821;0.0262853423085934
580;roundrobin;SMA;.657330814;217;0.027;57.912;0.0262853423085934
581;roundrobin;ssa;1.221748736;245;0.082;57.994;0.034465109395276
585;roundrobin;SMA;.873909517;392;0.037;58.305;0.0386866425310276
463;roundrobin;ssa;21.527262850;269;0.072;45.181;0.0351769567303275
584;roundrobin;ssa;1.248806009;470;0.006;58.268;0.0463158279553995
588;roundrobin;SMA;.958571982;416;0.001;58.432;0.0423559013427496
419;roundrobin;ssa;29.546665741;302;0.071;40.461;0.0360930160445306
589;roundrobin;ssa;1.125044993;263;0.016;58.448;0.0351769567303275
394;roundrobin;ssa;33.546555474;261;0.137;38.377;0.0351769567303275
366;roundrobin;ssa;37.880985674;540;0.066;36.077;0.0656320663227048
593;roundrobin;ssa;1.093846905;296;0.021;58.574;0.0354027676498525
592;roundrobin;ssa;1.250912787;444;0.006;58.553;0.0464705153781347
475;roundrobin;SMA;20.882680527;19;0.111;46.180;0.0044156703260322
596;roundrobin;SMA;.727850093;357;0.532;59.327;0.0427559244477954
597;roundrobin;SMA;.837809960;234;0.064;59.391;0.0294444332989678
600;roundrobin;seadec;.671969551;123;0.172;59.810;0.0194549251238626
487;roundrobin;SMA;20.352541040;355;0.092;46.946;0.0427559244477954
402;roundrobin;seadec;33.975172098;143;0.124;39.075;0.0196202016385114
601;roundrobin;SMA;.856101492;360;0.053;59.863;0.0427559244477954
374;roundrobin;SMA;38.022343390;206;0.141;36.857;0.0260920139484302
605;roundrobin;seadec;.873683343;68;0.041;60.093;0.00929623085818988
604;roundrobin;ssa;1.058489688;438;0.107;60.052;0.0464705153781347
608;roundrobin;seadec;.795287463;57;0.029;60.233;0.00853866866997741
499;roundrobin;SMA;19.867152697;27;0.11;47.759;0.0044156703260322
609;roundrobin;SMA;.850987528;34;0.196;60.429;0.00572928357269349
612;roundrobin;seadec;.682570611;70;0.011;60.555;0.00929623085818988
410;roundrobin;SMA;34.348505794;196;0.033;39.779;0.0260920139484302
382;roundrobin;SMA;38.356931711;181;0.018;37.667;0.027678078136308
511;roundrobin;SMA;18.711045306;192;0.461;49.302;0.027678078136308
613;roundrobin;ssa;1.185995000;489;0.169;60.724;0.0468428353029938
616;roundrobin;ssa;.963064042;456;0.189;60.936;0.0462637861154206
617;roundrobin;SMA;.858451084;182;0.132;61.068;0.027678078136308
483;roundrobin;ssa;23.960476481;494;0.049;46.672;0.0468428353029938
621;roundrobin;SMA;.837352904;44;0.007;61.257;0.00572928357269349
523;roundrobin;SMA;16.757507031;363;0.104;51.598;0.0400802183599336
620;roundrobin;ssa;1.048402326;321;0.073;61.250;0.0369276456170677
418;roundrobin;ssa;35.311583105;112;0.078;40.390;0.0189752485931269
624;roundrobin;ssa;1.151781827;443;0.05;61.606;0.0464705153781347
390;roundrobin;ssa;39.604230037;573;0.004;38.169;0.0657184273159393
625;roundrobin;ssa;1.145330419;427;0.131;61.737;0.0450325086617828
629;roundrobin;SMA;.866085892;415;0.169;62.422;0.0423559013427496
628;roundrobin;ssa;1.090873711;548;0.269;62.253;0.0639327156526897
431;roundrobin;ssa;33.898311965;445;0.043;41.893;0.0464705153781347
632;roundrobin;SMA;.801956218;202;0.015;62.454;0.0260920139484302
633;roundrobin;ssa;.980392706;515;0.558;63.012;0.0482841409439691
636;roundrobin;SMA;.610348635;19;0.035;63.201;0.0044156703260322
398;roundrobin;seadec;39.979983300;153;0.154;38.928;0.0200366493973128
443;roundrobin;SMA;32.912289467;360;0.078;43.310;0.0427559244477954
426;roundrobin;ssa;36.010005104;578;0.023;41.377;0.0657184273159393
495;roundrobin;ssa;25.554200661;258;0.009;47.505;0.0351769567303275
637;roundrobin;SMA;.852090299;419;0.373;63.574;0.0423559013427496
640;roundrobin;SMA;.627062943;227;0.028;63.821;0.0294444332989678
455;roundrobin;seadec;32.157135958;78;0.064;44.234;0.0240361194750053
641;roundrobin;SMA;.853316222;400;0.283;64.104;0.0386866425310276
507;roundrobin;seadec;24.768835693;148;0.128;48.612;0.0196202016385114
644;roundrobin;ssa;.916590219;302;0.001;64.207;0.0360930160445306
645;roundrobin;seadec;.871325924;73;0.237;64.444;0.00929623085818988
406;roundrobin;ssa;41.106802187;584;0.064;39.445;0.0657184273159393
467;roundrobin;seadec;30.957362514;83;0.174;45.685;0.0240361194750053
648;roundrobin;ssa;.842662685;522;0.041;64.660;0.0482841409439691
434;roundrobin;ssa;37.158848193;450;0.066;42.130;0.0464705153781347
649;roundrobin;ssa;.959534813;506;0.054;64.714;0.0472776063296307
652;roundrobin;ssa;.872163950;526;0.134;65.320;0.0656320663227048
653;roundrobin;ssa;1.068710377;248;0.217;65.537;0.034465109395276
414;roundrobin;seadec;41.692258145;52;0.225;40.119;0.00853866866997741
656;roundrobin;seadec;.749673461;78;0.038;65.729;0.0240361194750053
657;roundrobin;seadec;.850291905;126;0.442;66.171;0.0194549251238626
660;roundrobin;SMA;.638444584;183;0.001;66.267;0.027678078136308
442;roundrobin;ssa;38.079698238;427;0.122;43.232;0.0450325086617828
661;roundrobin;SMA;.881365275;397;0.093;66.360;0.0386866425310276
422;roundrobin;seadec;42.251988937;131;0.053;40.808;0.0194549251238626
664;roundrobin;ssa;.925458309;331;0.055;66.553;0.0377148729094167
665;roundrobin;ssa;1.186248511;463;0.242;66.795;0.0462637861154206
479;roundrobin;seadec;33.595250671;104;0.017;46.460;0.0200421445003984
535;roundrobin;ssa;22.876557678;477;0.004;53.644;0.0463158279553995
668;roundrobin;ssa;1.046018502;336;0.019;66.933;0.0377148729094167
669;roundrobin;SMA;.893458027;362;0.078;67.011;0.0400802183599336
672;roundrobin;SMA;.762508073;195;0.132;67.252;0.027678078136308
673;roundrobin;SMA;.837900875;25;0.082;67.334;0.0044156703260322
676;roundrobin;SMA;.644758392;19;0.138;67.567;0.0044156703260322
547;roundrobin;SMA;22.219709866;347;0.112;54.706;0.0427559244477954
450;roundrobin;ssa;39.189663454;303;0.012;43.908;0.0360930160445306
677;roundrobin;SMA;.849065430;213;0.167;67.734;0.0262853423085934
430;roundrobin;ssa;42.836663659;595;0.34;41.850;0.0658004472335592
519;roundrobin;ssa;28.455224262;445;0.658;50.552;0.0464705153781347
680;roundrobin;SMA;.618664082;393;0.17;68.049;0.0386866425310276
681;roundrobin;SMA;.846626974;226;0.058;68.107;0.0294444332989678
559;roundrobin;seadec;21.664865445;140;0.018;55.630;0.0196202016385114
684;roundrobin;SMA;.641265167;218;0.079;68.288;0.0262853423085934
531;roundrobin;seadec;26.248982521;132;0.143;52.944;0.0194549251238626
685;roundrobin;seadec;.853836696;96;0.06;68.348;0.0200421445003984
458;roundrobin;SMA;39.562827813;220;0.206;44.795;0.0262853423085934
438;roundrobin;SMA;43.157299886;4;0.008;42.807;0.00312822529954525
688;roundrobin;seadec;.641012022;124;0.235;68.925;0.0194549251238626
491;roundrobin;ssa;35.564971820;283;0.13;47.216;0.0351994025147571
543;roundrobin;seadec;25.153080832;79;0.003;54.464;0.0240361194750053
689;roundrobin;SMA;.842275306;25;0.044;68.969;0.0044156703260322
692;roundrobin;ssa;.925568985;331;0.147;69.539;0.0377148729094167
503;roundrobin;seadec;35.137398874;149;0.14;47.950;0.0196202016385114
466;roundrobin;SMA;39.966761966;373;0.025;45.511;0.0400802183599336
693;roundrobin;seadec;.876997197;133;0.243;69.782;0.0194549251238626
571;roundrobin;ssa;21.960038111;551;0.039;57.323;0.0639327156526897
696;roundrobin;seadec;.740869175;67;0.101;69.978;0.00929623085818988
697;roundrobin;SMA;.860418626;177;0.026;70.004;0.0303277073168743
700;roundrobin;ssa;.875941852;572;0.148;70.268;0.0657184273159393
446;roundrobin;ssa;44.460071117;462;0.083;43.506;0.0462637861154206
583;roundrobin;SMA;21.360077825;210;0.076;58.262;0.0260920139484302
701;roundrobin;ssa;1.093793814;317;0.062;70.330;0.0369276456170677
555;roundrobin;ssa;26.241228426;560;0.051;55.397;0.0650104625049824
704;roundrobin;ssa;.871614030;540;0.227;70.711;0.0656320663227048
705;roundrobin;SMA;.835813503;34;0.029;70.740;0.00572928357269349
595;roundrobin;SMA;21.158767634;7;0.076;58.795;0.00312822529954525
474;roundrobin;ssa;41.312418898;312;0.002;46.069;0.0360930160445306
708;roundrobin;seadec;.730464643;104;0.107;71.046;0.0200421445003984
709;roundrobin;SMA;.836255159;221;0.096;71.142;0.0262853423085934
567;roundrobin;SMA;25.383540209;185;0.08;56.646;0.027678078136308
712;roundrobin;ssa;.831826724;517;0.023;71.502;0.0482841409439691
607;roundrobin;SMA;20.055831810;171;0.093;60.204;0.0303277073168743
454;roundrobin;ssa;45.449574180;571;0.033;44.170;0.0657184273159393
713;roundrobin;ssa;1.078936333;261;0.357;71.859;0.0351769567303275
716;roundrobin;SMA;.629679238;418;0.014;72.143;0.0423559013427496
482;roundrobin;SMA;41.902273703;43;0.011;46.623;0.00572928357269349
619;roundrobin;SMA;19.263746091;36;0.093;61.177;0.00572928357269349
717;roundrobin;ssa;1.126694265;327;0.102;72.245;0.0369276456170677
720;roundrobin;SMA;.696337997;234;0.048;72.486;0.0294444332989678
721;roundrobin;SMA;.852236072;225;0.047;72.533;0.0262853423085934
724;roundrobin;SMA;.667634998;376;0.047;72.707;0.0385801680617862
462;roundrobin;seadec;45.713404113;50;0.086;45.109;0.00853866866997741
579;roundrobin;ssa;25.969986698;593;0.055;57.885;0.0658004472335592
631;roundrobin;seadec;18.329922977;87;0.011;62.439;0.0240361194750053
725;roundrobin;ssa;1.206899924;488;0.216;72.923;0.0468428353029938
728;roundrobin;ssa;.938517572;449;0.003;73.142;0.0464705153781347
729;roundrobin;ssa;1.085806334;280;0.018;73.160;0.0351994025147571
490;roundrobin;ssa;43.263950653;255;0.054;47.086;0.034465109395276
591;roundrobin;SMA;25.756770998;237;0.031;58.547;0.0294444332989678
732;roundrobin;SMA;.626593712;236;0.064;73.603;0.0294444332989678
733;roundrobin;SMA;.825126568;21;0.109;73.712;0.0044156703260322
470;roundrobin;ssa;46.880323129;332;0.049;45.845;0.0377148729094167
736;roundrobin;ssa;.908091053;297;0.109;74.204;0.0354027676498525
498;roundrobin;SMA;43.806437433;403;0.043;47.649;0.0386866425310276
737;roundrobin;ssa;1.050713479;560;0.022;74.226;0.0650104625049824
643;roundrobin;ssa;18.728032556;254;0.063;64.206;0.034465109395276
740;roundrobin;ssa;.996889512;450;0.028;74.913;0.0464705153781347
478;roundrobin;SMA;47.477646085;416;0.027;46.443;0.0423559013427496
741;roundrobin;ssa;1.082962709;296;0.13;75.043;0.0354027676498525
744;roundrobin;SMA;.750546579;235;0;75.212;0.0294444332989678
655;roundrobin;SMA;17.427630403;35;0.016;65.691;0.00572928357269349
745;roundrobin;SMA;.844473963;8;0.296;75.508;0.00312822529954525
506;roundrobin;ssa;44.655850738;578;0.208;48.484;0.0657184273159393
748;roundrobin;ssa;.964430856;492;0.059;75.721;0.0468428353029938
749;roundrobin;ssa;1.115177826;336;0.051;75.772;0.0377148729094167
486;roundrobin;seadec;48.270141986;46;0.116;46.854;0.00853866866997741
752;roundrobin;seadec;.649408982;156;0.236;76.368;0.0200366493973128
753;roundrobin;seadec;.852973222;143;0.185;76.553;0.0196202016385114
756;roundrobin;SMA;.624189473;181;0.005;76.678;0.027678078136308
514;roundrobin;SMA;44.727336798;395;0.102;49.598;0.0386866425310276
757;roundrobin;SMA;.845179774;12;0.051;76.729;0.00312822529954525
494;roundrobin;SMA;48.774031451;33;0.035;47.496;0.00572928357269349
603;roundrobin;ssa;29.945336254;440;0.078;59.945;0.0464705153781347
760;roundrobin;ssa;.933765829;324;0.166;77.031;0.0369276456170677
667;roundrobin;ssa;18.387314991;286;0.052;66.914;0.0354027676498525
761;roundrobin;ssa;1.083692227;245;0.004;77.035;0.034465109395276
764;roundrobin;ssa;1.024627471;270;0.171;77.418;0.0351769567303275
765;roundrobin;ssa;1.199964405;438;0.061;77.479;0.0464705153781347
522;roundrobin;ssa;44.568586310;536;0.484;51.494;0.0656320663227048
769;roundrobin;SMA;.856672654;31;0.048;77.686;0.00572928357269349
768;roundrobin;ssa;1.121330613;422;0.116;77.638;0.0450325086617828
772;roundrobin;ssa;1.075860831;547;0.071;77.883;0.0639327156526897
773;roundrobin;ssa;.986550820;510;0.036;77.919;0.0472776063296307
776;roundrobin;SMA;.836429568;417;0.072;78.124;0.0423559013427496
502;roundrobin;ssa;50.465974187;478;0.044;47.810;0.0463158279553995
777;roundrobin;seadec;.864912406;134;0.119;78.243;0.0194549251238626
615;roundrobin;ssa;30.764696822;517;0;60.747;0.0482841409439691
679;roundrobin;ssa;19.284280335;542;0.06;67.879;0.0639327156526897
780;roundrobin;SMA;.740424360;26;0.005;78.522;0.0044156703260322
530;roundrobin;seadec;44.385606995;83;0.189;52.801;0.0240361194750053
784;roundrobin;SMA;.699201420;347;0;78.614;0.0427559244477954
781;roundrobin;ssa;1.230180036;299;0.003;78.525;0.0354027676498525
785;roundrobin;ssa;1.188008551;467;0.034;78.648;0.0463158279553995
691;roundrobin;SMA;17.779194652;225;0.406;69.392;0.0262853423085934
788;roundrobin;ssa;.969473646;328;0.15;78.894;0.0369276456170677
789;roundrobin;seadec;.899484367;164;0.169;79.063;0.0200366493973128
792;roundrobin;seadec;.751124542;91;0.067;79.259;0.0200421445003984
793;roundrobin;seadec;.837040512;63;0.103;79.362;0.00929623085818988
510;roundrobin;ssa;51.409241133;319;0.016;48.841;0.0369276456170677
703;roundrobin;seadec;16.862510313;163;0.101;70.484;0.0200366493973128
538;roundrobin;ssa;44.836555970;106;0.214;53.955;0.0189752485931269
627;roundrobin;ssa;31.430142800;562;0.236;61.984;0.0650104625049824
796;roundrobin;ssa;.903831756;323;0.171;79.770;0.0369276456170677
797;roundrobin;ssa;1.090906117;316;0.226;79.996;0.0369276456170677
715;roundrobin;seadec;15.374402583;53;0.056;72.129;0.00853866866997741
801;roundrobin;seadec;.877145854;95;0.006;80.490;0.0200421445003984
800;roundrobin;ssa;1.259154342;472;0.119;80.484;0.0463158279553995
804;roundrobin;ssa;1.153931672;534;0.006;80.568;0.0656320663227048
546;roundrobin;SMA;45.479985523;214;0;54.594;0.0262853423085934
805;roundrobin;ssa;1.213330194;430;0.019;80.587;0.0450325086617828
518;roundrobin;ssa;52.127951961;282;0.102;49.894;0.0351994025147571
809;roundrobin;ssa;1.151131038;485;0.224;81.287;0.0468428353029938
639;roundrobin;ssa;31.629815339;518;0.115;63.793;0.0482841409439691
812;roundrobin;SMA;.760255027;232;0.177;81.876;0.0294444332989678
808;roundrobin;ssa;2.011206811;241;0.17;81.063;0.034465109395276
813;roundrobin;ssa;1.069315708;285;0.155;82.031;0.0351994025147571
554;roundrobin;ssa;46.408438450;560;0.098;55.346;0.0650104625049824
727;roundrobin;ssa;17.115027446;290;0.134;73.139;0.0354027676498525
651;roundrobin;SMA;30.761091036;43;0.018;65.186;0.00572928357269349
816;roundrobin;ssa;.863807029;547;0.266;82.601;0.0639327156526897
526;roundrobin;ssa;51.580899209;464;0.168;52.415;0.0462637861154206
817;roundrobin;SMA;.824066523;223;0.166;82.767;0.0262853423085934
820;roundrobin;seadec;.664836662;135;0.095;83.132;0.0194549251238626
739;roundrobin;SMA;14.976795916;187;0.294;74.885;0.027678078136308
663;roundrobin;SMA;29.431387372;403;0.091;66.498;0.0386866425310276
821;roundrobin;seadec;.860747088;133;0.011;83.143;0.0194549251238626
562;roundrobin;SMA;47.093594278;352;0.113;56.198;0.0427559244477954
824;roundrobin;ssa;.802134350;117;0.013;83.420;0.0189752485931269
825;roundrobin;seadec;.858430351;126;0.103;83.523;0.0194549251238626
515;roundrobin;ssa;56.815242537;467;0.062;49.660;0.0463158279553995
534;roundrobin;SMA;51.722582030;360;0.314;53.640;0.0427559244477954
751;roundrobin;SMA;14.078522711;365;0.147;76.132;0.0400802183599336
829;roundrobin;SMA;.833443232;11;0.01;83.882;0.00312822529954525
828;roundrobin;ssa;.916314673;255;0.057;83.872;0.034465109395276
763;roundrobin;seadec;12.918965985;104;0.047;77.247;0.0200421445003984
833;roundrobin;SMA;.867356834;37;0.071;84.062;0.00572928357269349
832;roundrobin;ssa;1.250267848;504;0.026;83.991;0.0472776063296307
570;roundrobin;SMA;47.300761564;388;0.022;57.284;0.0385801680617862
837;roundrobin;SMA;.874710883;364;0.012;84.366;0.0400802183599336
823;roundrobin;ssa;3.072695840;560;0.153;83.407;0.0650104625049824
836;roundrobin;ssa;1.242312479;259;0.005;84.354;0.0351769567303275
527;roundrobin;SMA;55.360707656;409;0.066;52.481;0.0423559013427496
841;roundrobin;SMA;.845712433;216;0.026;84.661;0.0262853423085934
840;roundrobin;ssa;1.024411366;274;0.049;84.635;0.0351994025147571
542;roundrobin;ssa;52.961924850;279;0.023;54.461;0.0351994025147571
675;roundrobin;ssa;31.263290075;300;0.063;67.429;0.0354027676498525
844;roundrobin;ssa;.972106710;309;0.104;85.070;0.0360930160445306
578;roundrobin;seadec;48.012128811;80;0.009;57.830;0.0240361194750053
539;roundrobin;seadec;53.929514157;124;0.362;54.317;0.0194549251238626
845;roundrobin;ssa;1.063637112;249;0.338;85.408;0.034465109395276
687;roundrobin;seadec;30.232913405;87;0.068;68.690;0.0240361194750053
848;roundrobin;SMA;.621428814;188;0.251;85.970;0.027678078136308
551;roundrobin;seadec;53.615414625;47;0.094;55.039;0.00853866866997741
849;roundrobin;ssa;1.177424127;447;0.131;86.101;0.0464705153781347
853;roundrobin;seadec;.861357266;68;0.008;86.435;0.00929623085818988
852;roundrobin;ssa;.988736760;118;0.104;86.427;0.0189752485931269
856;roundrobin;SMA;.766253495;21;0.047;86.632;0.0044156703260322
857;roundrobin;SMA;.838239823;414;0.071;86.703;0.0423559013427496
563;roundrobin;seadec;52.778759554;99;0.078;56.276;0.0200421445003984
550;roundrobin;ssa;54.855046394;559;0.032;54.945;0.0650104625049824
586;roundrobin;SMA;49.395226566;23;0.123;58.428;0.0044156703260322
860;roundrobin;seadec;.722844118;74;0.118;87.377;0.00929623085818988
861;roundrobin;SMA;.830447111;362;0.061;87.438;0.0400802183599336
575;roundrobin;SMA;51.700848763;196;0.013;57.711;0.0260920139484302
699;roundrobin;ssa;31.325183701;266;0.037;70.120;0.0351769567303275
864;roundrobin;ssa;.923767316;253;0.12;88.042;0.034465109395276
865;roundrobin;SMA;.837798494;191;0.123;88.165;0.027678078136308
558;roundrobin;seadec;55.816577772;46;0.028;55.612;0.00853866866997741
587;roundrobin;seadec;51.378686400;49;0.003;58.431;0.00853866866997741
868;roundrobin;SMA;.787887604;5;0.038;88.254;0.00312822529954525
594;roundrobin;SMA;50.984267087;365;0.145;58.719;0.0400802183599336
869;roundrobin;ssa;1.208031634;460;0.084;88.338;0.0462637861154206
872;roundrobin;SMA;.638775497;189;0.17;88.624;0.027678078136308
775;roundrobin;ssa;18.654076588;477;0.06;78.052;0.0463158279553995
599;roundrobin;seadec;50.561190536;121;0.069;59.638;0.0194549251238626
876;roundrobin;SMA;.649950154;193;0.061;88.877;0.027678078136308
873;roundrobin;ssa;1.203292614;470;0.043;88.667;0.0463158279553995
566;roundrobin;SMA;56.124530097;8;0.037;56.566;0.00312822529954525
877;roundrobin;SMA;.871005047;377;0.209;89.086;0.0385801680617862
602;roundrobin;SMA;51.204178194;383;0.004;59.867;0.0385801680617862
880;roundrobin;ssa;.869033226;120;0.094;89.340;0.0189752485931269
881;roundrobin;ssa;.999130075;500;0.092;89.432;0.0472776063296307
787;roundrobin;ssa;19.180197958;118;0.057;78.744;0.0189752485931269
884;roundrobin;SMA;.643421094;193;0.169;89.845;0.027678078136308
885;roundrobin;ssa;1.089250377;300;0.068;89.913;0.0354027676498525
611;roundrobin;ssa;51.665019774;559;0.003;60.544;0.0650104625049824
888;roundrobin;ssa;.991237088;475;0.1;90.196;0.0463158279553995
574;roundrobin;ssa;57.043422947;482;0.166;57.698;0.0468428353029938
889;roundrobin;ssa;1.203562646;290;0.066;90.262;0.0354027676498525
610;roundrobin;ssa;52.403577249;466;0.112;60.541;0.0463158279553995
892;roundrobin;ssa;.917931600;113;0.138;90.623;0.0189752485931269
893;roundrobin;seadec;.898059218;51;0.098;90.721;0.00853866866997741
623;roundrobin;SMA;50.828879376;199;0.169;61.556;0.0260920139484302
799;roundrobin;ssa;19.339740057;508;0.069;80.365;0.0472776063296307
711;roundrobin;ssa;35.164337381;425;0.159;71.479;0.0450325086617828
896;roundrobin;ssa;.957693000;489;0.474;91.276;0.0468428353029938
635;roundrobin;SMA;49.647833630;367;0.13;63.166;0.0400802183599336
897;roundrobin;ssa;.981707320;521;0.298;91.574;0.0482841409439691
900;roundrobin;SMA;.636320123;399;0.031;91.987;0.0386866425310276
582;roundrobin;ssa;58.464081562;311;0.192;58.186;0.0360930160445306
723;roundrobin;SMA;34.263144598;375;0.078;72.660;0.0400802183599336
618;roundrobin;ssa;53.533756316;249;0.016;61.084;0.034465109395276
904;roundrobin;SMA;.726200112;8;0.014;92.221;0.00312822529954525
647;roundrobin;SMA;48.270896447;1;0.089;64.619;0.00312822529954525
905;roundrobin;seadec;.896934472;47;0.035;92.256;0.00853866866997741
901;roundrobin;ssa;1.439551077;475;0.042;92.029;0.0463158279553995
908;roundrobin;SMA;.701145977;220;0.198;92.589;0.0262853423085934
909;roundrobin;ssa;1.094052056;569;0.007;92.596;0.0650104625049824
811;roundrobin;ssa;19.908813256;541;0.229;81.699;0.0639327156526897
912;roundrobin;SMA;.634130278;31;0.05;93.046;0.00572928357269349
626;roundrobin;seadec;53.935066811;63;0.011;61.748;0.00929623085818988
913;roundrobin;ssa;1.104744632;326;0.039;93.085;0.0369276456170677
590;roundrobin;ssa;59.924943652;519;0.068;58.516;0.0482841409439691
847;roundrobin;SMA;13.823759814;170;0.168;85.719;0.0303277073168743
916;roundrobin;seadec;.651366491;64;0.38;93.752;0.00929623085818988
735;roundrobin;ssa;34.610717804;242;0.237;74.095;0.034465109395276
920;roundrobin;SMA;.649849134;193;0.132;94.000;0.027678078136308
917;roundrobin;ssa;1.203115083;496;0.03;93.782;0.0472776063296307
659;roundrobin;ssa;48.591443516;563;0.058;66.266;0.0650104625049824
634;roundrobin;SMA;54.004197208;178;0.024;63.036;0.0303277073168743
859;roundrobin;SMA;12.556872717;233;0.424;87.259;0.0294444332989678
921;roundrobin;SMA;.878015630;394;0.071;94.071;0.0386866425310276
747;roundrobin;seadec;33.093941587;57;0.065;75.662;0.00853866866997741
598;roundrobin;ssa;60.433878042;590;0.178;59.569;0.0658004472335592
924;roundrobin;SMA;.630234213;416;0.268;94.596;0.0423559013427496
925;roundrobin;seadec;.843650316;152;0.067;94.663;0.0200366493973128
928;roundrobin;seadec;.668404986;104;0.048;94.840;0.0200421445003984
759;roundrobin;SMA;31.968058321;40;0.045;76.865;0.00572928357269349
929;roundrobin;ssa;1.175961057;465;0.221;95.061;0.0462637861154206
933;roundrobin;seadec;.864878734;130;0.002;95.237;0.0194549251238626
642;roundrobin;ssa;54.501214502;571;0.039;64.143;0.0657184273159393
932;roundrobin;ssa;.933836352;331;0.145;95.235;0.0377148729094167
671;roundrobin;ssa;49.222176207;564;0.008;67.120;0.0650104625049824
771;roundrobin;SMA;30.945597335;2;0.074;77.812;0.00312822529954525
606;roundrobin;ssa;61.696082066;281;0.018;60.111;0.0351994025147571
936;roundrobin;ssa;.890641668;555;0.331;96.308;0.0639327156526897
937;roundrobin;SMA;.816272485;42;0.029;96.337;0.00572928357269349
650;roundrobin;SMA;54.452945675;16;0.454;65.168;0.0044156703260322
940;roundrobin;SMA;.771823800;213;0.169;96.571;0.0262853423085934
941;roundrobin;SMA;.825712627;42;0.26;96.831;0.00572928357269349
944;roundrobin;ssa;.925817872;562;0.016;96.888;0.0650104625049824
945;roundrobin;ssa;1.173195181;437;0.054;96.942;0.0464705153781347
683;roundrobin;ssa;50.166732768;575;0.097;68.209;0.0657184273159393
949;roundrobin;ssa;1.019520542;517;0.114;97.167;0.0482841409439691
948;roundrobin;ssa;1.251928824;429;0.063;97.053;0.0450325086617828
614;roundrobin;ssa;62.967876008;446;0.023;60.747;0.0464705153781347
658;roundrobin;SMA;54.435928028;368;0.037;66.208;0.0400802183599336
952;roundrobin;ssa;1.032802203;256;0.031;97.466;0.0351769567303275
953;roundrobin;ssa;1.188125017;475;0.064;97.530;0.0463158279553995
956;roundrobin;SMA;.773624112;377;0.171;97.967;0.0385801680617862
695;roundrobin;SMA;48.675662706;210;0.013;69.877;0.0260920139484302
957;roundrobin;seadec;.855469973;56;0.057;98.024;0.00853866866997741
960;roundrobin;seadec;.740932346;96;0.059;98.119;0.0200421445003984
961;roundrobin;SMA;.839946784;178;0.098;98.217;0.0303277073168743
622;roundrobin;SMA;63.413643640;39;0.13;61.387;0.00572928357269349
964;roundrobin;seadec;.648992461;131;0.077;98.515;0.0194549251238626
871;roundrobin;ssa;17.813908887;473;0.098;88.454;0.0463158279553995
666;roundrobin;ssa;55.186402100;539;0.067;66.862;0.0656320663227048
965;roundrobin;seadec;.860198392;84;0.506;99.021;0.0240361194750053
883;roundrobin;SMA;16.524995349;402;0.09;89.676;0.0386866425310276
968;roundrobin;SMA;.707027166;211;0.329;99.643;0.0262853423085934
783;roundrobin;ssa;35.853834190;431;0.069;78.614;0.0450325086617828
630;roundrobin;ssa;64.141125768;554;0.006;62.428;0.0639327156526897
895;roundrobin;SMA;15.142373401;34;0.043;90.802;0.00572928357269349
969;roundrobin;SMA;.838929258;229;0.286;99.929;0.0294444332989678
972;roundrobin;SMA;.630782793;34;0.093;100.112;0.00572928357269349
674;roundrobin;ssa;56.183261287;552;0.032;67.366;0.0639327156526897
973;roundrobin;seadec;.859948705;157;0.04;100.152;0.0200366493973128
976;roundrobin;SMA;.619573905;222;0.312;100.554;0.0262853423085934
977;roundrobin;ssa;.994867650;510;0.038;100.592;0.0472776063296307
980;roundrobin;ssa;.934413890;253;0.05;100.958;0.034465109395276
981;roundrobin;SMA;.855616940;377;0.001;100.959;0.0385801680617862
638;roundrobin;ssa;64.494722572;515;0.104;63.678;0.0482841409439691
984;roundrobin;SMA;.748054993;172;0.006;101.155;0.0303277073168743
682;roundrobin;ssa;57.045036501;544;0.005;68.112;0.0639327156526897
985;roundrobin;seadec;.855151705;123;0.317;101.472;0.0194549251238626
988;roundrobin;SMA;.646980109;416;0.251;102.057;0.0423559013427496
646;roundrobin;SMA;64.708385273;215;0.086;64.530;0.0262853423085934
707;roundrobin;ssa;53.821107834;457;0.141;70.939;0.0462637861154206
989;roundrobin;ssa;1.145198136;440;0.038;102.095;0.0464705153781347
992;roundrobin;ssa;.927866567;534;0.122;102.628;0.0656320663227048
907;roundrobin;ssa;17.517201799;501;0.074;92.391;0.0472776063296307
993;roundrobin;ssa;1.011413618;555;0.023;102.651;0.0639327156526897
690;roundrobin;ssa;57.687766876;253;0.017;68.986;0.034465109395276
996;roundrobin;seadec;.760233854;87;0.073;102.837;0.0240361194750053
795;roundrobin;ssa;39.368774094;342;0.039;79.599;0.0377148729094167
719;roundrobin;seadec;52.505102367;102;0.142;72.438;0.0200421445003984
997;roundrobin;seadec;.853157904;147;0.015;102.852;0.0196202016385114
807;roundrobin;seadec;38.279146708;79;0.089;80.893;0.0240361194750053
654;roundrobin;ssa;65.108044816;585;0.138;65.675;0.0657184273159393
698;roundrobin;ssa;58.587558380;439;0.079;70.083;0.0464705153781347
919;roundrobin;ssa;17.919614913;571;0.059;93.868;0.0657184273159393
931;roundrobin;seadec;16.710931929;96;0.02;95.090;0.0200421445003984
662;roundrobin;ssa;66.151744719;445;0.047;66.407;0.0464705153781347
819;roundrobin;ssa;37.673071367;520;0.21;83.037;0.0482841409439691
706;roundrobin;seadec;58.942452284;104;0.058;70.798;0.0200421445003984
851;roundrobin;SMA;32.864695512;390;0.012;86.323;0.0385801680617862
670;roundrobin;ssa;67.287280036;434;0.101;67.112;0.0450325086617828
714;roundrobin;ssa;59.280267569;285;0.214;72.073;0.0351994025147571
731;roundrobin;ssa;57.305738290;454;0.026;73.539;0.0462637861154206
678;roundrobin;SMA;67.685157164;205;0.085;67.819;0.0260920139484302
722;roundrobin;SMA;59.917280854;3;0.049;72.582;0.00312822529954525
743;roundrobin;seadec;55.558949385;67;0.129;75.212;0.00929623085818988
730;roundrobin;SMA;60.124040691;12;0.353;73.513;0.00312822529954525
686;roundrobin;ssa;68.548403546;304;0.274;68.622;0.0360930160445306
943;roundrobin;ssa;21.383495081;460;0.024;96.872;0.0462637861154206
863;roundrobin;ssa;37.048677522;429;0.067;87.922;0.0450325086617828
738;roundrobin;ssa;60.149594556;551;0.365;74.591;0.0639327156526897
694;roundrobin;seadec;68.467016672;139;0.082;69.864;0.0196202016385114
955;roundrobin;SMA;20.770491480;8;0.145;97.796;0.00312822529954525
967;roundrobin;seadec;19.281103349;71;0.149;99.314;0.00929623085818988
746;roundrobin;SMA;60.209186575;215;0.089;75.597;0.0262853423085934
979;roundrobin;SMA;17.738536377;21;0.263;100.908;0.0044156703260322
875;roundrobin;ssa;38.058400742;558;0.143;88.816;0.0650104625049824
702;roundrobin;ssa;69.870539299;436;0.053;70.383;0.0464705153781347
991;roundrobin;SMA;16.309233912;200;0.122;102.506;0.0260920139484302
755;roundrobin;ssa;60.190628567;456;0.001;76.673;0.0462637861154206
754;roundrobin;ssa;60.699878749;287;0.119;76.672;0.0354027676498525
710;roundrobin;seadec;69.913676352;86;0.178;71.320;0.0240361194750053
767;roundrobin;SMA;59.302192191;11;0.001;77.522;0.00312822529954525
779;roundrobin;ssa;59.014712463;117;0.203;78.517;0.0189752485931269
762;roundrobin;ssa;61.712656743;508;0.165;77.200;0.0472776063296307
718;roundrobin;ssa;70.644863087;506;0.051;72.296;0.0472776063296307
791;roundrobin;ssa;59.405968208;109;0.077;79.192;0.0189752485931269
770;roundrobin;SMA;62.176770906;349;0.052;77.738;0.0427559244477954
726;roundrobin;ssa;71.534809693;554;0.082;73.005;0.0639327156526897
803;roundrobin;SMA;58.088489846;382;0.021;80.562;0.0385801680617862
778;roundrobin;SMA;62.768378370;9;0.071;78.314;0.00312822529954525
887;roundrobin;ssa;42.924547569;486;0.15;90.096;0.0468428353029938
734;roundrobin;SMA;71.512584638;19;0.146;73.858;0.0044156703260322
742;roundrobin;seadec;71.280909557;62;0.04;75.083;0.00929623085818988
786;roundrobin;ssa;64.409549125;423;0.039;78.687;0.0450325086617828
899;roundrobin;ssa;42.482994336;588;0.129;91.956;0.0658004472335592
911;roundrobin;SMA;41.774013551;207;0.123;92.996;0.0260920139484302
794;roundrobin;SMA;64.669925117;20;0.198;79.560;0.0044156703260322
750;roundrobin;ssa;72.304384473;448;0.213;75.985;0.0464705153781347
815;roundrobin;ssa;61.341067655;431;0.178;82.335;0.0450325086617828
802;roundrobin;seadec;64.885162941;89;0.051;80.541;0.0240361194750053
843;roundrobin;seadec;57.169121316;50;0.121;84.966;0.00853866866997741
923;roundrobin;ssa;42.080860347;563;0.12;94.328;0.0650104625049824
827;roundrobin;SMA;60.022228384;368;0.066;83.815;0.0400802183599336
758;roundrobin;seadec;72.557313505;54;0.091;76.820;0.00853866866997741
831;roundrobin;seadec;60.016307531;60;0.065;83.965;0.00853866866997741
855;roundrobin;SMA;55.827042174;186;0.123;86.585;0.027678078136308
810;roundrobin;seadec;65.069797081;160;0.183;81.470;0.0200366493973128
835;roundrobin;ssa;60.033722698;562;0.186;84.349;0.0650104625049824
867;roundrobin;seadec;54.349231624;161;0.018;88.216;0.0200366493973128
839;roundrobin;ssa;60.010924617;425;0.081;84.586;0.0450325086617828
766;roundrobin;SMA;72.856754541;40;0.042;77.521;0.00572928357269349
935;roundrobin;ssa;41.917969053;538;0.624;95.977;0.0656320663227048
818;roundrobin;SMA;64.734807083;227;0.06;82.827;0.0294444332989678
947;roundrobin;SMA;41.190505800;390;0.045;96.990;0.0385801680617862
959;roundrobin;seadec;40.233492675;149;0.023;98.060;0.0196202016385114
774;roundrobin;ssa;74.067985022;298;0.073;77.992;0.0354027676498525
826;roundrobin;SMA;64.627964761;168;0.226;83.749;0.0303277073168743
782;roundrobin;SMA;74.661711159;33;0.02;78.545;0.00572928357269349
834;roundrobin;ssa;65.856835586;338;0.101;84.163;0.0377148729094167
790;roundrobin;ssa;76.046017337;276;0.052;79.115;0.0351994025147571
879;roundrobin;ssa;59.523247549;425;0.046;89.246;0.0450325086617828
842;roundrobin;ssa;66.724751470;597;0.184;84.845;0.0658004472335592
798;roundrobin;ssa;76.484381118;335;0.3;80.296;0.0377148729094167
850;roundrobin;seadec;66.489002451;75;0.21;86.311;0.00929623085818988
971;roundrobin;ssa;43.850381318;463;0.078;100.019;0.0462637861154206
983;roundrobin;SMA;42.779004215;202;0.058;101.149;0.0260920139484302
806;roundrobin;SMA;77.247143122;371;0.217;80.804;0.0400802183599336
995;roundrobin;SMA;41.116280012;23;0.006;102.764;0.0044156703260322
891;roundrobin;ssa;61.022188512;336;0.158;90.485;0.0377148729094167
858;roundrobin;ssa;67.918454089;480;0.132;86.835;0.0463158279553995
814;roundrobin;seadec;77.003005678;131;0.126;82.157;0.0194549251238626
866;roundrobin;ssa;68.347969792;506;0.033;88.198;0.0472776063296307
822;roundrobin;ssa;77.364930947;599;0.111;83.254;0.0658004472335592
874;roundrobin;SMA;68.811691036;204;0.006;88.673;0.0260920139484302
830;roundrobin;ssa;78.340531155;328;0.018;83.900;0.0369276456170677
882;roundrobin;SMA;68.870506664;367;0.154;89.586;0.0400802183599336
903;roundrobin;ssa;64.550651209;450;0.006;92.207;0.0464705153781347
915;roundrobin;SMA;63.550470076;199;0.022;93.372;0.0260920139484302
838;roundrobin;SMA;78.818268289;386;0.139;84.505;0.0385801680617862
890;roundrobin;SMA;69.004815325;377;0.065;90.327;0.0385801680617862
927;roundrobin;seadec;61.903931872;147;0.02;94.792;0.0196202016385114
846;roundrobin;SMA;78.763604363;197;0.143;85.551;0.0260920139484302
898;roundrobin;ssa;69.020550879;271;0.253;91.827;0.0351994025147571
939;roundrobin;ssa;62.339232624;255;0.032;96.402;0.034465109395276
854;roundrobin;ssa;79.634281644;529;0.027;86.462;0.0656320663227048
951;roundrobin;SMA;61.429673550;1;0.015;97.435;0.00312822529954525
963;roundrobin;SMA;60.445615094;362;0.061;98.438;0.0400802183599336
906;roundrobin;ssa;70.881629081;494;0.061;92.317;0.0468428353029938
862;roundrobin;ssa;80.062418265;304;0.417;87.855;0.0360930160445306
914;roundrobin;SMA;71.022182316;189;0.265;93.350;0.027678078136308
870;roundrobin;ssa;81.208491074;336;0.018;88.356;0.0377148729094167
922;roundrobin;SMA;71.194720018;383;0.137;94.208;0.0385801680617862
878;roundrobin;seadec;81.444592526;163;0.114;89.200;0.0200366493973128
930;roundrobin;ssa;71.919654761;325;0.009;95.070;0.0369276456170677
886;roundrobin;SMA;81.342999625;201;0.033;89.946;0.0260920139484302
975;roundrobin;ssa;64.817460782;492;0.022;100.242;0.0468428353029938
987;roundrobin;SMA;63.153089639;228;0.331;101.806;0.0294444332989678
938;roundrobin;ssa;72.387935238;600;0.033;96.370;0.0658004472335592
999;roundrobin;SMA;61.864573667;19;0.271;103.127;0.0044156703260322
894;roundrobin;ssa;82.335915479;477;0.038;90.759;0.0463158279553995
946;roundrobin;ssa;73.540339912;578;0.003;96.945;0.0657184273159393
902;roundrobin;ssa;82.490449215;512;0.172;92.201;0.0482841409439691
954;roundrobin;SMA;74.125719554;193;0.121;97.651;0.027678078136308
910;roundrobin;seadec;83.367535170;62;0.277;92.873;0.00929623085818988
962;roundrobin;ssa;75.112963886;538;0.16;98.377;0.0656320663227048
918;roundrobin;ssa;83.985278106;555;0.027;93.809;0.0639327156526897
970;roundrobin;SMA;74.525987936;230;0.012;99.941;0.0294444332989678
926;roundrobin;ssa;84.476532991;260;0.109;94.772;0.0351769567303275
978;roundrobin;ssa;75.790004713;458;0.053;100.645;0.0462637861154206
934;roundrobin;SMA;85.096872756;418;0.116;95.353;0.0423559013427496
986;roundrobin;SMA;75.929520426;415;0.003;101.475;0.0423559013427496
942;roundrobin;ssa;85.536972822;457;0.017;96.848;0.0462637861154206
994;roundrobin;ssa;76.286326505;243;0.107;102.758;0.034465109395276
950;roundrobin;seadec;86.054085778;99;0.253;97.420;0.0200421445003984
958;roundrobin;seadec;86.291137701;91;0.013;98.037;0.0200421445003984
966;roundrobin;SMA;85.989386900;27;0.144;99.165;0.0044156703260322
974;roundrobin;SMA;85.517391783;378;0.068;100.220;0.0385801680617862
982;roundrobin;ssa;85.768162548;502;0.132;101.091;0.0472776063296307
990;roundrobin;SMA;85.256328616;391;0.289;102.384;0.0386866425310276
998;roundrobin;ssa;85.840145961;559;0.004;102.856;0.0650104625049824
