0;rede;SMA;1.371288927;406;0.038;.038;0.0423559013427496
1;rede;SMA;1.246375604;198;0.059;.097;0.0260920139484302
4;rede;SMA;.996898160;346;0.022;.133;0.0427559244477954
2;rede;ssa;1.434305621;115;0.007;.104;0.0189752485931269
3;rede;SMA;1.286023454;27;0.007;.111;0.0044156703260322
5;rede;SMA;1.032582769;29;0.145;.278;0.0044156703260322
9;rede;SMA;1.263532676;211;0.007;.421;0.0262853423085934
8;rede;ssa;1.426915796;583;0.048;.414;0.0657184273159393
6;rede;ssa;1.651434834;488;0.061;.339;0.0468428353029938
10;rede;ssa;1.612509476;263;0.07;.491;0.0351769567303275
7;rede;ssa;2.034502342;332;0.027;.366;0.0377148729094167
16;rede;seadec;.961516187;89;0.094;1.011;0.0240361194750053
15;rede;seadec;1.112717131;74;0.052;.917;0.00929623085818988
12;rede;seadec;1.760286395;150;0.062;.591;0.0196202016385114
11;rede;seadec;1.957893519;132;0.038;.529;0.0194549251238626
18;rede;seadec;1.402309690;157;0.017;1.061;0.0200366493973128
17;rede;ssa;1.968144469;586;0.033;1.044;0.0658004472335592
25;rede;SMA;1.042739431;214;0.003;1.291;0.0262853423085934
26;rede;seadec;1.039784530;148;0.029;1.320;0.0196202016385114
14;rede;ssa;2.912486795;549;0.053;.865;0.0639327156526897
19;rede;ssa;2.374637272;335;0.029;1.090;0.0377148729094167
20;rede;ssa;2.216661032;523;0.118;1.208;0.0482841409439691
27;rede;ssa;1.581662461;441;0.198;1.518;0.0464705153781347
28;rede;ssa;1.548460277;499;0.059;1.577;0.0472776063296307
34;rede;seadec;1.025433361;161;0.01;1.793;0.0200366493973128
29;rede;SMA;1.834391908;418;0.05;1.627;0.0423559013427496
22;rede;ssa;2.922644928;597;0.015;1.255;0.0658004472335592
37;rede;seadec;1.198046067;66;0.036;1.895;0.00929623085818988
21;rede;ssa;3.258674227;421;0.032;1.240;0.0450325086617828
36;rede;SMA;1.389356498;366;0.015;1.859;0.0400802183599336
23;rede;SMA;3.093753559;215;0.028;1.283;0.0262853423085934
13;rede;ssa;4.562536736;343;0.221;.812;0.0377148729094167
30;rede;ssa;2.581832143;343;0.072;1.699;0.0377148729094167
24;rede;ssa;3.522060850;255;0.005;1.288;0.034465109395276
40;rede;ssa;1.533005924;242;0.054;1.999;0.034465109395276
41;rede;ssa;1.656769287;331;0.051;2.050;0.0377148729094167
42;rede;ssa;1.582658219;502;0.065;2.115;0.0472776063296307
45;rede;SMA;1.265120340;177;0.015;2.221;0.0303277073168743
43;rede;ssa;1.538928478;519;0.063;2.178;0.0482841409439691
44;rede;seadec;1.550311801;78;0.028;2.206;0.0240361194750053
46;rede;SMA;1.410750355;217;0.065;2.286;0.0262853423085934
31;rede;seadec;3.381828128;85;0.002;1.701;0.0240361194750053
47;rede;ssa;1.668577744;120;0.05;2.336;0.0189752485931269
53;rede;SMA;1.205284832;374;0.028;2.781;0.0400802183599336
48;rede;ssa;1.933567213;583;0.026;2.362;0.0657184273159393
51;rede;SMA;1.595163504;35;0.109;2.592;0.00572928357269349
50;rede;SMA;1.896831347;211;0.021;2.483;0.0262853423085934
49;rede;ssa;2.032918844;442;0.1;2.462;0.0464705153781347
57;rede;seadec;1.043994880;145;0.015;2.885;0.0196202016385114
58;rede;SMA;1.025153643;16;0.055;2.940;0.0044156703260322
52;rede;ssa;1.824421393;570;0.161;2.753;0.0650104625049824
32;rede;ssa;4.698605390;272;0.016;1.717;0.0351994025147571
39;rede;ssa;3.887327301;557;0.012;1.945;0.0650104625049824
59;rede;seadec;1.134006758;153;0.039;2.979;0.0200366493973128
60;rede;SMA;1.219109017;14;0.004;2.983;0.00312822529954525
33;rede;ssa;4.963731779;556;0.066;1.783;0.0650104625049824
63;rede;SMA;1.242278979;395;0.079;3.129;0.0386866425310276
61;rede;ssa;1.780085689;499;0.055;3.038;0.0472776063296307
55;rede;SMA;2.783721895;213;0.049;2.860;0.0262853423085934
64;rede;ssa;2.168573576;593;0.242;3.371;0.0658004472335592
66;rede;ssa;1.904517196;325;0.137;3.530;0.0369276456170677
65;rede;ssa;2.134762980;253;0.022;3.393;0.034465109395276
67;rede;ssa;2.243776210;524;0.057;3.587;0.0482841409439691
76;rede;SMA;1.008451958;198;0.018;4.074;0.0260920139484302
77;rede;SMA;1.040531155;227;0.078;4.152;0.0294444332989678
78;rede;seadec;1.041757362;147;0.041;4.193;0.0196202016385114
72;rede;SMA;1.802377560;230;0.145;4.020;0.0294444332989678
79;rede;SMA;1.066796581;349;0.138;4.331;0.0427559244477954
73;rede;SMA;1.894977518;415;0.014;4.034;0.0423559013427496
69;rede;SMA;2.756560313;232;0.042;3.670;0.0294444332989678
70;rede;ssa;2.865923687;117;0.089;3.759;0.0189752485931269
81;rede;SMA;1.436242955;397;0.05;4.400;0.0386866425310276
68;rede;ssa;3.259119643;518;0.041;3.628;0.0482841409439691
71;rede;seadec;2.746530034;154;0.116;3.875;0.0200366493973128
80;rede;ssa;1.919114287;535;0.019;4.350;0.0656320663227048
84;rede;SMA;1.496448820;361;0.114;4.558;0.0400802183599336
82;rede;ssa;2.014238672;558;0.041;4.441;0.0650104625049824
74;rede;SMA;3.276547995;42;0.019;4.053;0.00572928357269349
83;rede;ssa;2.202731624;479;0.003;4.444;0.0463158279553995
75;rede;SMA;3.375702092;202;0.003;4.056;0.0260920139484302
86;rede;ssa;2.080616296;540;0.079;4.677;0.0656320663227048
85;rede;ssa;2.481192561;336;0.04;4.598;0.0377148729094167
89;rede;SMA;1.952920362;363;0.105;4.911;0.0400802183599336
93;rede;ssa;1.771057924;499;0.013;5.050;0.0472776063296307
97;rede;SMA;1.307297125;403;0.011;5.130;0.0386866425310276
35;rede;ssa;9.756627451;497;0.051;1.844;0.0472776063296307
96;rede;ssa;1.894023174;333;0.022;5.119;0.0377148729094167
92;rede;SMA;2.573490323;230;0.052;5.037;0.0294444332989678
56;rede;ssa;7.666862479;454;0.01;2.870;0.0462637861154206
98;rede;ssa;2.042964195;330;0.007;5.137;0.0369276456170677
94;rede;SMA;2.533745303;183;0.034;5.084;0.027678078136308
38;rede;SMA;10.323217559;235;0.038;1.933;0.0294444332989678
99;rede;ssa;1.982510440;576;0.017;5.154;0.0657184273159393
101;rede;SMA;2.004290108;414;0.026;5.275;0.0423559013427496
109;rede;SMA;.988885330;389;0.038;5.704;0.0385801680617862
87;rede;seadec;4.207085099;47;0.062;4.739;0.00853866866997741
111;rede;seadec;1.132306904;60;0.092;5.875;0.00853866866997741
54;rede;SMA;9.049541205;38;0.03;2.811;0.00572928357269349
112;rede;seadec;1.120097235;54;0.002;5.877;0.00853866866997741
110;rede;ssa;1.421800144;569;0.079;5.783;0.0650104625049824
95;rede;SMA;3.694357480;179;0.013;5.097;0.0303277073168743
113;rede;seadec;1.420469980;129;0.006;5.883;0.0194549251238626
105;rede;SMA;2.781743052;214;0.135;5.513;0.0262853423085934
115;rede;SMA;1.508534324;43;0.036;5.990;0.00572928357269349
100;rede;ssa;3.464878356;598;0.095;5.249;0.0658004472335592
103;rede;ssa;3.238809238;255;0.019;5.316;0.034465109395276
116;rede;seadec;1.559847769;150;0.022;6.012;0.0196202016385114
102;rede;ssa;3.443736890;274;0.022;5.297;0.0351994025147571
117;rede;SMA;1.779159581;189;0.003;6.015;0.027678078136308
114;rede;ssa;2.350565646;494;0.071;5.954;0.0468428353029938
119;rede;SMA;2.082594015;172;0.015;6.041;0.0303277073168743
107;rede;SMA;3.699279987;391;0.115;5.638;0.0386866425310276
121;rede;ssa;1.931009368;322;0.037;6.090;0.0369276456170677
106;rede;seadec;4.010148906;97;0.01;5.523;0.0200421445003984
127;rede;seadec;1.322168507;86;0.068;6.465;0.0240361194750053
122;rede;ssa;2.054255384;485;0.085;6.175;0.0468428353029938
124;rede;SMA;1.909346684;174;0.001;6.225;0.0303277073168743
104;rede;ssa;4.493906353;436;0.062;5.378;0.0464705153781347
118;rede;ssa;3.011123635;323;0.011;6.026;0.0369276456170677
120;rede;seadec;3.208402066;68;0.012;6.053;0.00929623085818988
123;rede;ssa;2.802437415;484;0.049;6.224;0.0468428353029938
108;rede;seadec;4.797668484;99;0.028;5.666;0.0200421445003984
130;rede;SMA;2.113678258;197;0.013;6.543;0.0260920139484302
90;rede;ssa;7.444381110;288;0.052;4.963;0.0354027676498525
139;rede;SMA;1.293641409;9;0.039;6.850;0.00312822529954525
141;rede;seadec;1.346469341;103;0.051;6.927;0.0200421445003984
142;rede;seadec;1.491115436;102;0.113;7.040;0.0200421445003984
140;rede;SMA;1.939360430;370;0.026;6.876;0.0400802183599336
126;rede;ssa;3.819570064;530;0.163;6.397;0.0656320663227048
148;rede;ssa;1.334545612;115;0.085;7.284;0.0189752485931269
150;rede;seadec;1.115606809;51;0.025;7.415;0.00853866866997741
151;rede;SMA;1.048837044;178;0.012;7.427;0.0303277073168743
149;rede;ssa;1.409857374;272;0.106;7.390;0.0351994025147571
145;rede;seadec;2.009269540;94;0.04;7.150;0.0200421445003984
146;rede;SMA;2.159962347;180;0.029;7.179;0.0303277073168743
143;rede;ssa;2.542952225;280;0.059;7.099;0.0351994025147571
125;rede;ssa;4.896047033;496;0.009;6.234;0.0472776063296307
152;rede;SMA;1.663243667;27;0.087;7.514;0.0044156703260322
153;rede;SMA;1.697571829;31;0.142;7.656;0.00572928357269349
156;rede;ssa;1.347091479;553;0.092;7.880;0.0639327156526897
158;rede;ssa;1.438873842;493;0.003;7.919;0.0468428353029938
157;rede;seadec;1.542975252;81;0.036;7.916;0.0240361194750053
144;rede;ssa;3.394272845;472;0.011;7.110;0.0463158279553995
159;rede;SMA;1.474129200;191;0.002;7.921;0.027678078136308
147;rede;ssa;3.520533726;470;0.02;7.199;0.0463158279553995
160;rede;SMA;1.979041024;175;0.075;7.996;0.0303277073168743
155;rede;SMA;2.645013206;383;0.036;7.788;0.0385801680617862
161;rede;seadec;1.896464127;156;0.049;8.045;0.0200366493973128
175;rede;ssa;.072941554;519;0.076;9.088;0.0482841409439691
176;rede;ssa;.087350975;515;0.097;9.185;0.0482841409439691
177;rede;ssa;.126073747;483;0.034;9.219;0.0468428353029938
178;rede;ssa;.128657577;329;0.022;9.241;0.0369276456170677
179;rede;ssa;.112342902;523;0.038;9.279;0.0482841409439691
162;rede;seadec;3.411592997;130;0.081;8.126;0.0194549251238626
180;rede;SMA;1.109872071;231;0.038;9.317;0.0294444332989678
163;rede;SMA;3.350280612;395;0.072;8.198;0.0386866425310276
181;rede;SMA;1.228534488;216;0.012;9.329;0.0262853423085934
62;rede;ssa;17.114411218;447;0.012;3.050;0.0464705153781347
182;rede;SMA;1.246471889;18;0.016;9.345;0.0044156703260322
133;rede;ssa;7.827089563;311;0.019;6.644;0.0360930160445306
128;rede;ssa;8.481910432;289;0.005;6.470;0.0354027676498525
183;rede;SMA;1.319348470;214;0.047;9.392;0.0262853423085934
186;rede;SMA;1.069718944;354;0.038;9.523;0.0427559244477954
187;rede;seadec;1.098308759;74;0.026;9.549;0.00929623085818988
184;rede;SMA;1.496981571;42;0.066;9.458;0.00572928357269349
185;rede;ssa;1.495763250;270;0.027;9.485;0.0351769567303275
88;rede;seadec;14.242155041;105;0.067;4.806;0.0200421445003984
188;rede;ssa;1.721138146;498;0.01;9.559;0.0472776063296307
191;rede;SMA;1.409642571;175;0.04;9.772;0.0303277073168743
189;rede;seadec;1.850353762;89;0.116;9.675;0.0240361194750053
190;rede;ssa;1.975319055;492;0.057;9.732;0.0468428353029938
164;rede;ssa;5.317792726;559;0.074;8.272;0.0650104625049824
197;rede;SMA;1.147173294;384;0.023;9.961;0.0385801680617862
165;rede;ssa;5.378057609;523;0.011;8.283;0.0482841409439691
192;rede;SMA;2.042619587;367;0.006;9.778;0.0400802183599336
199;rede;SMA;1.193972898;24;0.003;10.001;0.0044156703260322
193;rede;ssa;2.326618621;510;0.062;9.840;0.0472776063296307
198;rede;ssa;2.294180310;495;0.037;9.998;0.0468428353029938
200;rede;ssa;2.295833873;458;0.004;10.005;0.0462637861154206
203;rede;seadec;2.116134669;153;0.04;10.130;0.0200366493973128
207;rede;ssa;1.575439249;297;0.02;10.304;0.0354027676498525
201;rede;ssa;2.532196766;305;0.051;10.056;0.0360930160445306
166;rede;ssa;7.027465600;539;0.133;8.416;0.0656320663227048
91;rede;ssa;16.939022608;254;0.022;4.985;0.034465109395276
210;rede;ssa;1.513187873;524;0.008;10.382;0.0482841409439691
211;rede;ssa;1.450926265;560;0.069;10.451;0.0650104625049824
209;rede;ssa;1.729201978;496;0.05;10.374;0.0472776063296307
208;rede;ssa;2.180050134;531;0.02;10.324;0.0656320663227048
202;rede;SMA;2.986707748;8;0.034;10.090;0.00312822529954525
204;rede;seadec;2.978814661;99;0.009;10.139;0.0200421445003984
216;rede;seadec;1.550716122;145;0.033;10.603;0.0196202016385114
212;rede;ssa;2.302560932;534;0.051;10.502;0.0656320663227048
129;rede;SMA;13.055650865;216;0.06;6.530;0.0262853423085934
205;rede;ssa;3.525056904;554;0.034;10.173;0.0639327156526897
220;rede;SMA;1.708989834;35;0.054;10.848;0.00572928357269349
225;rede;SMA;1.062850310;389;0.016;11.060;0.0385801680617862
227;rede;seadec;1.056247675;70;0.031;11.184;0.00929623085818988
206;rede;ssa;3.952965282;449;0.111;10.284;0.0464705153781347
132;rede;SMA;13.692704583;372;0.019;6.625;0.0400802183599336
226;rede;ssa;1.475239011;286;0.093;11.153;0.0354027676498525
224;rede;SMA;1.799843401;177;0.078;11.044;0.0303277073168743
232;rede;seadec;1.133774871;90;0.012;11.534;0.0240361194750053
136;rede;ssa;13.977404900;426;0.008;6.702;0.0450325086617828
228;rede;seadec;1.897358440;126;0.022;11.206;0.0194549251238626
131;rede;ssa;14.524596054;437;0.063;6.606;0.0464705153781347
237;rede;SMA;.813033256;374;0.02;11.674;0.0400802183599336
231;rede;ssa;1.585221583;520;0.229;11.522;0.0482841409439691
229;rede;SMA;2.031499204;362;0.059;11.265;0.0400802183599336
233;rede;ssa;1.770998424;279;0.025;11.559;0.0351994025147571
234;rede;ssa;1.675907425;530;0.029;11.588;0.0656320663227048
236;rede;seadec;1.566090339;144;0.045;11.654;0.0196202016385114
241;rede;SMA;1.163487131;364;0.054;11.889;0.0400802183599336
134;rede;SMA;15.257579579;237;0.005;6.649;0.0294444332989678
235;rede;SMA;2.066155526;369;0.021;11.609;0.0400802183599336
242;rede;seadec;1.288930583;163;0.066;11.955;0.0200366493973128
243;rede;seadec;1.234817276;104;0.122;12.077;0.0200421445003984
230;rede;seadec;3.121070891;53;0.028;11.293;0.00853866866997741
244;rede;SMA;1.445069961;356;0.029;12.106;0.0427559244477954
249;rede;SMA;.982378547;8;0.024;12.305;0.00312822529954525
137;rede;SMA;15.890088634;213;0.005;6.707;0.0262853423085934
135;rede;ssa;16.146957520;519;0.045;6.694;0.0482841409439691
246;rede;SMA;1.958000318;414;0.004;12.113;0.0423559013427496
247;rede;SMA;1.794768689;169;0.138;12.251;0.0303277073168743
245;rede;ssa;2.248867156;592;0.003;12.109;0.0658004472335592
250;rede;ssa;1.530375044;504;0.172;12.477;0.0472776063296307
248;rede;SMA;2.026973170;191;0.03;12.281;0.027678078136308
253;rede;seadec;1.238770998;86;0;12.556;0.0240361194750053
251;rede;ssa;1.497176564;522;0.036;12.513;0.0482841409439691
252;rede;ssa;1.402667774;261;0.043;12.556;0.0351769567303275
167;rede;seadec;12.653834812;100;0.106;8.522;0.0200421445003984
254;rede;SMA;1.932701806;192;0.011;12.567;0.027678078136308
255;rede;seadec;1.970284201;74;0.038;12.605;0.00929623085818988
170;rede;SMA;13.197024564;31;0.048;8.717;0.00572928357269349
257;rede;seadec;1.917385694;131;0.058;12.732;0.0194549251238626
266;rede;SMA;.974728644;375;0.051;13.124;0.0400802183599336
261;rede;ssa;1.701619917;483;0.159;12.993;0.0468428353029938
256;rede;ssa;2.433113239;543;0.069;12.674;0.0639327156526897
154;rede;ssa;15.971226552;341;0.096;7.752;0.0377148729094167
263;rede;SMA;1.835522151;41;0.035;13.030;0.00572928357269349
258;rede;ssa;2.618863948;336;0.002;12.734;0.0377148729094167
138;rede;ssa;18.565138525;570;0.104;6.811;0.0650104625049824
262;rede;ssa;2.159209247;533;0.002;12.995;0.0656320663227048
265;rede;seadec;2.144417660;62;0.006;13.073;0.00929623085818988
267;rede;ssa;2.012315614;583;0.014;13.138;0.0657184273159393
270;rede;SMA;1.640384724;225;0.026;13.328;0.0262853423085934
169;rede;SMA;15.002637382;176;0.13;8.669;0.0303277073168743
268;rede;ssa;2.015516532;331;0.112;13.250;0.0377148729094167
264;rede;ssa;2.613629649;519;0.037;13.067;0.0482841409439691
259;rede;SMA;3.452973955;386;0.013;12.747;0.0385801680617862
168;rede;SMA;15.451028798;184;0.017;8.539;0.027678078136308
269;rede;ssa;2.249333796;495;0.052;13.302;0.0468428353029938
274;rede;ssa;1.618344433;248;0.095;13.524;0.034465109395276
275;rede;ssa;1.340206636;440;0.317;13.841;0.0464705153781347
173;rede;ssa;15.453846063;525;0.109;8.947;0.0482841409439691
260;rede;ssa;4.196344394;582;0.087;12.834;0.0657184273159393
272;rede;SMA;2.706358133;200;0.02;13.429;0.0260920139484302
171;rede;SMA;15.962846434;176;0.09;8.807;0.0303277073168743
271;rede;ssa;2.911854876;455;0.081;13.409;0.0462637861154206
273;rede;seadec;2.809709171;64;0;13.429;0.00929623085818988
195;rede;SMA;13.705214972;183;0.039;9.897;0.027678078136308
290;rede;SMA;1.111092473;382;0.015;14.603;0.0385801680617862
288;rede;ssa;1.440241417;278;0.022;14.494;0.0351994025147571
287;rede;ssa;1.533351759;570;0.023;14.472;0.0650104625049824
289;rede;ssa;1.413485055;338;0.094;14.588;0.0377148729094167
172;rede;ssa;17.329707681;562;0.031;8.838;0.0650104625049824
291;rede;SMA;1.961884978;21;0.004;14.607;0.0044156703260322
298;rede;SMA;1.062373839;353;0.062;14.914;0.0427559244477954
292;rede;ssa;1.967055801;544;0.052;14.659;0.0639327156526897
194;rede;SMA;15.608110020;20;0.018;9.858;0.0044156703260322
294;rede;SMA;1.954747294;375;0.033;14.706;0.0400802183599336
301;rede;SMA;1.430122190;239;0.183;15.144;0.0294444332989678
293;rede;ssa;2.666390601;440;0.014;14.673;0.0464705153781347
299;rede;ssa;2.023603019;491;0.026;14.940;0.0468428353029938
306;rede;SMA;1.034090099;42;0.064;15.466;0.00572928357269349
307;rede;SMA;1.026146815;184;0.011;15.477;0.027678078136308
300;rede;ssa;2.132137290;265;0.021;14.961;0.0351769567303275
308;rede;SMA;1.055368026;404;0.098;15.575;0.0386866425310276
213;rede;SMA;14.293669291;196;0.006;10.508;0.0260920139484302
309;rede;SMA;1.058903647;171;0.117;15.692;0.0303277073168743
214;rede;ssa;14.949323977;287;0.054;10.562;0.0354027676498525
302;rede;ssa;2.795082333;464;0.105;15.249;0.0462637861154206
311;rede;ssa;1.827448111;254;0.023;15.721;0.034465109395276
217;rede;SMA;14.891938625;394;0.109;10.712;0.0386866425310276
310;rede;ssa;2.029599744;342;0.006;15.698;0.0377148729094167
296;rede;ssa;3.991684914;551;0.054;14.781;0.0639327156526897
305;rede;ssa;2.878772820;578;0.012;15.402;0.0657184273159393
312;rede;ssa;2.002467087;513;0;15.721;0.0482841409439691
313;rede;ssa;1.880865127;570;0.013;15.734;0.0650104625049824
303;rede;ssa;3.329081378;242;0.052;15.301;0.034465109395276
295;rede;ssa;4.448312278;563;0.021;14.727;0.0650104625049824
304;rede;ssa;3.401865938;273;0.089;15.390;0.0351994025147571
321;rede;ssa;1.395709959;588;0.023;16.259;0.0658004472335592
314;rede;seadec;2.492756533;98;0.129;15.863;0.0200421445003984
221;rede;seadec;15.459048046;128;0.016;10.864;0.0194549251238626
319;rede;ssa;1.960294345;472;0.072;16.183;0.0463158279553995
318;rede;SMA;2.210516327;386;0.015;16.111;0.0385801680617862
315;rede;SMA;2.678543630;12;0.168;16.031;0.00312822529954525
316;rede;SMA;2.706349460;420;0.032;16.063;0.0423559013427496
320;rede;seadec;2.644697094;56;0.053;16.236;0.00853866866997741
322;rede;SMA;2.653175561;360;0.008;16.267;0.0427559244477954
331;rede;ssa;1.418053338;107;0.066;16.610;0.0189752485931269
297;rede;ssa;6.312430377;337;0.071;14.852;0.0377148729094167
332;rede;ssa;1.671271860;600;0.034;16.644;0.0658004472335592
333;rede;ssa;1.615577321;342;0.024;16.668;0.0377148729094167
334;rede;ssa;1.525263970;303;0.054;16.722;0.0360930160445306
174;rede;ssa;23.219311859;482;0.065;9.012;0.0468428353029938
335;rede;SMA;1.854149925;220;0.001;16.723;0.0262853423085934
336;rede;SMA;1.899685811;417;0.01;16.733;0.0423559013427496
343;rede;SMA;1.372029838;24;0.048;17.093;0.0044156703260322
341;rede;ssa;2.014893806;492;0.092;17.030;0.0468428353029938
344;rede;ssa;1.813452683;109;0.063;17.156;0.0189752485931269
342;rede;ssa;2.302036372;445;0.015;17.045;0.0464705153781347
352;rede;SMA;1.079482762;419;0.021;17.357;0.0423559013427496
350;rede;ssa;1.470990316;242;0.003;17.332;0.034465109395276
351;rede;ssa;1.489970195;273;0.004;17.336;0.0351994025147571
338;rede;SMA;3.298424268;361;0.115;16.916;0.0400802183599336
347;rede;SMA;2.155533693;180;0.012;17.271;0.0303277073168743
337;rede;ssa;3.510900944;430;0.068;16.801;0.0450325086617828
353;rede;ssa;1.579919542;326;0.066;17.423;0.0369276456170677
345;rede;SMA;2.623661533;41;0.078;17.234;0.00572928357269349
356;rede;seadec;1.502820350;53;0.013;17.569;0.00853866866997741
346;rede;SMA;2.836823702;198;0.025;17.259;0.0260920139484302
348;rede;ssa;2.802332463;468;0.004;17.275;0.0463158279553995
354;rede;ssa;2.313241695;499;0.08;17.503;0.0472776063296307
357;rede;seadec;1.933745050;55;0.146;17.715;0.00853866866997741
355;rede;ssa;2.243971390;498;0.053;17.556;0.0472776063296307
349;rede;SMA;3.046129311;172;0.054;17.329;0.0303277073168743
369;rede;SMA;1.285906548;194;0.019;18.195;0.027678078136308
372;rede;SMA;.985790078;364;0.1;18.322;0.0400802183599336
370;rede;seadec;1.390712456;128;0.017;18.212;0.0194549251238626
340;rede;ssa;5.265154149;511;0.019;16.938;0.0482841409439691
218;rede;ssa;22.181578412;484;0.077;10.789;0.0468428353029938
339;rede;ssa;5.501133627;281;0.003;16.919;0.0351994025147571
373;rede;seadec;1.305465846;122;0.029;18.351;0.0194549251238626
358;rede;ssa;3.260619267;428;0.004;17.719;0.0450325086617828
371;rede;ssa;1.904086623;435;0.01;18.222;0.0450325086617828
374;rede;SMA;1.724060320;206;0.07;18.421;0.0260920139484302
375;rede;seadec;1.674041121;47;0.019;18.440;0.00853866866997741
376;rede;ssa;1.578555447;314;0.023;18.463;0.0360930160445306
377;rede;ssa;1.556746303;271;0.057;18.520;0.0351994025147571
379;rede;ssa;1.332709835;108;0.007;18.590;0.0189752485931269
222;rede;SMA;22.643954851;10;0.047;10.911;0.00312822529954525
378;rede;seadec;1.553336412;62;0.063;18.583;0.00929623085818988
238;rede;ssa;20.820724074;473;0.032;11.706;0.0463158279553995
380;rede;ssa;1.955363032;110;0.13;18.720;0.0189752485931269
239;rede;seadec;21.296281850;165;0.052;11.758;0.0200366493973128
389;rede;SMA;1.069865948;420;0.027;19.075;0.0423559013427496
276;rede;SMA;16.297083885;352;0.196;14.037;0.0427559244477954
386;rede;SMA;1.979378731;411;0.009;19.024;0.0423559013427496
388;rede;ssa;1.934396697;458;0.017;19.048;0.0462637861154206
277;rede;SMA;16.791281464;228;0.006;14.043;0.0294444332989678
385;rede;ssa;2.408977475;321;0.151;19.015;0.0369276456170677
394;rede;ssa;1.457092172;261;0.069;19.182;0.0351769567303275
397;rede;seadec;1.030538369;144;0.028;19.381;0.0196202016385114
390;rede;ssa;2.148658752;573;0.002;19.077;0.0657184273159393
395;rede;ssa;1.469872590;245;0.057;19.239;0.034465109395276
391;rede;ssa;2.017775418;292;0.033;19.110;0.0354027676498525
196;rede;ssa;28.515903447;484;0.041;9.938;0.0468428353029938
393;rede;seadec;1.905586531;47;0;19.113;0.00853866866997741
396;rede;ssa;1.499117050;555;0.114;19.353;0.0639327156526897
280;rede;seadec;17.416000946;160;0.035;14.192;0.0200366493973128
392;rede;ssa;2.581746162;559;0.003;19.113;0.0650104625049824
398;rede;seadec;1.745474108;153;0.077;19.458;0.0200366493973128
215;rede;SMA;27.081950511;203;0.008;10.570;0.0260920139484302
400;rede;SMA;1.904210214;406;0.01;19.470;0.0423559013427496
387;rede;SMA;3.679857672;206;0.007;19.031;0.0260920139484302
401;rede;ssa;1.941880171;598;0.001;19.471;0.0658004472335592
399;rede;ssa;2.193938722;328;0.002;19.460;0.0369276456170677
283;rede;SMA;17.926882435;37;0.016;14.382;0.00572928357269349
410;rede;SMA;1.105534053;196;0.016;19.885;0.0260920139484302
411;rede;SMA;1.073699960;38;0.025;19.910;0.00572928357269349
406;rede;ssa;1.799788964;584;0.032;19.719;0.0657184273159393
413;rede;SMA;1.342855122;34;0.015;19.943;0.00572928357269349
286;rede;seadec;18.520338870;87;0;14.449;0.0240361194750053
407;rede;ssa;2.617644729;341;0.01;19.729;0.0377148729094167
412;rede;ssa;2.013327429;566;0.018;19.928;0.0650104625049824
414;rede;seadec;1.745785554;52;0.113;20.056;0.00853866866997741
415;rede;seadec;1.730826071;103;0.053;20.109;0.0200421445003984
279;rede;ssa;19.860549437;317;0.05;14.157;0.0369276456170677
420;rede;seadec;1.105837061;59;0.078;20.305;0.00853866866997741
421;rede;SMA;1.089634782;180;0.069;20.374;0.0303277073168743
419;rede;ssa;1.425955847;302;0.036;20.227;0.0360930160445306
422;rede;seadec;1.047908027;131;0.027;20.401;0.0194549251238626
417;rede;SMA;1.962575591;347;0.022;20.152;0.0427559244477954
408;rede;ssa;3.136197341;255;0.054;19.783;0.034465109395276
425;rede;seadec;1.110680030;140;0.009;20.674;0.0196202016385114
424;rede;SMA;1.217387582;38;0.01;20.665;0.00572928357269349
282;rede;seadec;20.445250556;123;0.016;14.366;0.0194549251238626
423;rede;SMA;1.533302163;33;0.254;20.655;0.00572928357269349
418;rede;ssa;2.609473357;112;0.039;20.191;0.0189752485931269
416;rede;ssa;2.995021329;432;0.021;20.130;0.0450325086617828
409;rede;SMA;3.896680962;418;0.086;19.869;0.0423559013427496
429;rede;ssa;1.183694530;585;0.025;20.752;0.0657184273159393
430;rede;ssa;1.236215361;595;0.17;20.922;0.0658004472335592
433;rede;SMA;.996054925;229;0.041;21.028;0.0294444332989678
432;rede;seadec;1.241940227;46;0.044;20.987;0.00853866866997741
285;rede;seadec;21.152033002;65;0.018;14.449;0.00929623085818988
219;rede;ssa;30.518474827;315;0.005;10.794;0.0360930160445306
431;rede;ssa;1.577187114;445;0.021;20.943;0.0464705153781347
324;rede;ssa;16.203687571;506;0.041;16.322;0.0472776063296307
441;rede;SMA;1.011771528;175;0.101;21.550;0.0303277073168743
435;rede;SMA;1.915978391;350;0.123;21.184;0.0427559244477954
327;rede;seadec;16.757918910;52;0.129;16.491;0.00853866866997741
440;rede;ssa;1.431378703;477;0.039;21.449;0.0463158279553995
434;rede;ssa;2.463820406;450;0.033;21.061;0.0464705153781347
443;rede;SMA;1.203818666;360;0.039;21.650;0.0427559244477954
442;rede;ssa;1.700013366;427;0.061;21.611;0.0450325086617828
444;rede;ssa;1.483828035;322;0.018;21.668;0.0369276456170677
447;rede;seadec;1.191232230;62;0.085;21.833;0.00929623085818988
330;rede;SMA;17.342668212;233;0.017;16.544;0.0294444332989678
445;rede;ssa;1.688929498;431;0.039;21.707;0.0450325086617828
446;rede;ssa;1.757620693;462;0.041;21.748;0.0462637861154206
453;rede;SMA;.900020920;364;0.023;22.065;0.0400802183599336
451;rede;SMA;1.545359265;4;0.085;22.035;0.00312822529954525
448;rede;ssa;2.115845101;106;0.028;21.861;0.0189752485931269
454;rede;ssa;1.455436279;571;0.017;22.082;0.0657184273159393
455;rede;seadec;1.282168318;78;0.032;22.114;0.0240361194750053
323;rede;ssa;19.344150492;272;0.014;16.281;0.0351994025147571
449;rede;ssa;2.282642920;328;0.083;21.944;0.0369276456170677
223;rede;ssa;33.496278402;276;0.055;10.966;0.0351994025147571
450;rede;ssa;2.386671661;303;0.006;21.950;0.0360930160445306
460;rede;SMA;1.306859464;10;0.085;22.495;0.00312822529954525
452;rede;ssa;2.575387112;433;0.007;22.042;0.0450325086617828
462;rede;seadec;1.381913428;50;0.043;22.550;0.00853866866997741
240;rede;seadec;32.236682217;101;0.077;11.835;0.0200421445003984
456;rede;ssa;2.568342498;320;0.176;22.290;0.0369276456170677
461;rede;ssa;1.953067368;301;0.012;22.507;0.0360930160445306
463;rede;ssa;1.695064631;269;0.036;22.586;0.0351769567303275
468;rede;SMA;1.191948162;201;0.054;22.893;0.0260920139484302
469;rede;ssa;1.548717128;290;0.001;22.894;0.0354027676498525
472;rede;seadec;1.086185002;91;0.018;22.976;0.0200421445003984
470;rede;ssa;1.524864245;332;0.025;22.919;0.0377148729094167
278;rede;SMA;27.777352971;14;0.064;14.107;0.00312822529954525
471;rede;ssa;1.439676095;553;0.039;22.958;0.0639327156526897
457;rede;SMA;3.596376563;395;0.001;22.291;0.0386866425310276
326;rede;ssa;21.790635554;580;0.035;16.362;0.0657184273159393
476;rede;seadec;1.129200491;63;0.062;23.148;0.00929623085818988
477;rede;SMA;1.136453771;178;0.056;23.204;0.0303277073168743
458;rede;SMA;4.020779315;220;0.103;22.394;0.0262853423085934
475;rede;SMA;1.723584351;19;0.055;23.086;0.0044156703260322
473;rede;ssa;2.047367120;312;0.054;23.030;0.0360930160445306
361;rede;ssa;17.809629878;345;0.012;17.855;0.0377148729094167
478;rede;SMA;1.435128058;416;0.013;23.217;0.0423559013427496
479;rede;seadec;1.348854372;104;0.008;23.225;0.0200421445003984
474;rede;ssa;2.189179768;312;0.001;23.031;0.0360930160445306
329;rede;seadec;22.410489541;80;0.003;16.527;0.0240361194750053
486;rede;seadec;1.086878957;46;0.058;23.421;0.00853866866997741
481;rede;seadec;1.813705234;151;0.054;23.301;0.0200366493973128
487;rede;SMA;1.087665521;355;0.046;23.467;0.0427559244477954
364;rede;seadec;18.446312539;104;0.048;17.952;0.0200421445003984
459;rede;ssa;5.304765344;509;0.016;22.410;0.0472776063296307
489;rede;seadec;1.109451792;46;0.02;23.510;0.00853866866997741
482;rede;SMA;2.099310125;43;0.005;23.306;0.00572928357269349
488;rede;ssa;1.333879899;572;0.023;23.490;0.0657184273159393
480;rede;ssa;2.504022013;502;0.022;23.247;0.0472776063296307
483;rede;ssa;2.582691418;494;0.024;23.330;0.0468428353029938
367;rede;SMA;19.121480279;205;0.038;18.070;0.0260920139484302
485;rede;seadec;2.624457604;88;0.001;23.363;0.0240361194750053
484;rede;seadec;3.091468930;78;0.032;23.362;0.0240361194750053
499;rede;SMA;1.099113430;27;0.055;23.875;0.0044156703260322
490;rede;ssa;2.449195199;255;0.027;23.537;0.034465109395276
501;rede;seadec;1.104812582;127;0.001;23.878;0.0194549251238626
504;rede;SMA;1.053481380;26;0.019;23.989;0.0044156703260322
500;rede;ssa;1.678924833;460;0.002;23.877;0.0462637861154206
491;rede;ssa;2.915041102;283;0.065;23.602;0.0351994025147571
505;rede;SMA;1.043180723;27;0.144;24.133;0.0044156703260322
503;rede;seadec;1.378711437;149;0.07;23.970;0.0196202016385114
502;rede;ssa;1.612656368;478;0.022;23.900;0.0463158279553995
507;rede;seadec;1.235810536;148;0.064;24.301;0.0196202016385114
508;rede;SMA;1.248442280;391;0.037;24.338;0.0386866425310276
509;rede;SMA;1.265384666;186;0.069;24.407;0.027678078136308
506;rede;ssa;1.769411446;578;0.104;24.237;0.0657184273159393
492;rede;seadec;4.025727570;77;0.008;23.610;0.0240361194750053
510;rede;ssa;1.593222344;319;0.008;24.415;0.0369276456170677
360;rede;ssa;22.869000164;574;0.05;17.843;0.0657184273159393
382;rede;SMA;19.975056552;181;0.009;18.826;0.027678078136308
281;rede;ssa;33.542147529;341;0.158;14.350;0.0377148729094167
493;rede;ssa;4.529338773;532;0.115;23.725;0.0656320663227048
402;rede;seadec;18.250074796;143;0.062;19.533;0.0196202016385114
519;rede;ssa;1.417607139;445;0.329;25.270;0.0464705153781347
520;rede;ssa;1.319705169;580;0.107;25.377;0.0657184273159393
521;rede;ssa;1.234058855;108;0.123;25.500;0.0189752485931269
523;rede;SMA;1.080788718;363;0.052;25.794;0.0400802183599336
522;rede;ssa;1.454752862;536;0.242;25.742;0.0656320663227048
524;rede;SMA;1.195971347;32;0.105;25.899;0.00572928357269349
525;rede;seadec;1.145254685;146;0.219;26.118;0.0196202016385114
363;rede;ssa;25.203618080;571;0.013;17.904;0.0657184273159393
526;rede;ssa;1.594263965;464;0.084;26.202;0.0462637861154206
531;rede;seadec;.995260124;132;0.071;26.467;0.0194549251238626
284;rede;ssa;36.053489722;543;0.049;14.431;0.0639327156526897
532;rede;SMA;1.047356901;401;0.079;26.546;0.0386866425310276
527;rede;SMA;1.907019892;409;0.033;26.235;0.0423559013427496
533;rede;seadec;1.055147884;164;0.112;26.658;0.0200366493973128
405;rede;ssa;20.552486752;522;0.001;19.687;0.0482841409439691
534;rede;SMA;1.115963487;360;0.157;26.815;0.0427559244477954
317;rede;SMA;32.619008436;4;0.033;16.096;0.00312822529954525
528;rede;ssa;2.798989826;497;0.027;26.262;0.0472776063296307
535;rede;ssa;1.567582984;477;0.002;26.817;0.0463158279553995
536;rede;ssa;1.441230993;246;0.029;26.846;0.034465109395276
538;rede;ssa;1.235808271;106;0.107;26.972;0.0189752485931269
428;rede;SMA;18.201414265;40;0.005;20.727;0.00572928357269349
537;rede;ssa;1.616952825;589;0.019;26.865;0.0658004472335592
539;rede;seadec;1.285518114;124;0.181;27.153;0.0194549251238626
541;rede;SMA;1.366409052;43;0.02;27.213;0.00572928357269349
325;rede;seadec;32.722378256;159;0.005;16.327;0.0200366493973128
546;rede;SMA;1.081245454;214;0;27.289;0.0262853423085934
438;rede;SMA;17.635747335;4;0.004;21.399;0.00312822529954525
545;rede;ssa;1.363402252;576;0.042;27.289;0.0657184273159393
540;rede;ssa;2.084273937;488;0.04;27.193;0.0468428353029938
543;rede;seadec;2.166230502;79;0.001;27.225;0.0240361194750053
542;rede;ssa;2.290170924;279;0.011;27.224;0.0351994025147571
529;rede;ssa;4.548588893;471;0.039;26.301;0.0463158279553995
328;rede;SMA;33.260597884;1;0.033;16.524;0.00312822529954525
552;rede;SMA;1.048908373;216;0.103;27.615;0.0262853423085934
530;rede;seadec;4.516901115;83;0.095;26.396;0.0240361194750053
549;rede;seadec;1.573495927;77;0.025;27.449;0.0240361194750053
550;rede;ssa;1.493138428;559;0.016;27.465;0.0650104625049824
465;rede;SMA;14.763040389;216;0.002;22.739;0.0262853423085934
554;rede;ssa;1.500454053;560;0.049;27.666;0.0650104625049824
553;rede;ssa;1.725808823;427;0.002;27.617;0.0450325086617828
544;rede;ssa;2.974985186;434;0.022;27.247;0.0450325086617828
551;rede;seadec;2.039835915;47;0.047;27.512;0.00853866866997741
556;rede;SMA;1.373020295;22;0.003;27.695;0.0044156703260322
494;rede;SMA;11.439885493;33;0.018;23.743;0.00572928357269349
555;rede;ssa;2.084891921;560;0.026;27.692;0.0650104625049824
558;rede;seadec;1.905909898;46;0.014;27.799;0.00853866866997741
560;rede;SMA;1.747766792;210;0.007;27.815;0.0260920139484302
565;rede;SMA;1.063671324;371;0.082;28.259;0.0400802183599336
557;rede;ssa;2.343984511;564;0.09;27.785;0.0650104625049824
561;rede;seadec;1.858099151;83;0.221;28.036;0.0240361194750053
574;rede;ssa;.097894695;482;0.083;28.844;0.0468428353029938
559;rede;seadec;2.448199296;140;0.009;27.808;0.0196202016385114
575;rede;SMA;.101050168;196;0.007;28.851;0.0260920139484302
562;rede;SMA;1.892754110;352;0.057;28.093;0.0427559244477954
566;rede;SMA;1.345945700;8;0.019;28.278;0.00312822529954525
576;rede;SMA;.118834318;3;0.004;28.855;0.00312822529954525
567;rede;SMA;1.285573566;185;0.04;28.318;0.027678078136308
577;rede;SMA;.135180134;216;0.05;28.905;0.0262853423085934
578;rede;seadec;.127172260;80;0.005;28.910;0.0240361194750053
359;rede;ssa;32.170562418;517;0.074;17.793;0.0482841409439691
366;rede;ssa;31.366173033;540;0.033;18.032;0.0656320663227048
569;rede;seadec;1.512228786;93;0.201;28.626;0.0200421445003984
568;rede;ssa;1.871717086;339;0.107;28.425;0.0377148729094167
570;rede;SMA;1.834681306;388;0.011;28.637;0.0385801680617862
580;rede;SMA;1.057099187;217;0.014;28.952;0.0262853423085934
563;rede;seadec;3.321412659;99;0.039;28.132;0.0200421445003984
362;rede;SMA;32.831531277;224;0.036;17.891;0.0262853423085934
497;rede;ssa;13.908370519;550;0.014;23.798;0.0639327156526897
571;rede;ssa;2.200741599;551;0.02;28.657;0.0639327156526897
564;rede;SMA;3.306543271;2;0.045;28.177;0.00312822529954525
573;rede;SMA;2.178422740;369;0.074;28.761;0.0400802183599336
572;rede;SMA;2.368972230;396;0.03;28.687;0.0386866425310276
581;rede;ssa;1.556789189;245;0.041;28.993;0.034465109395276
579;rede;ssa;1.780666211;593;0.028;28.938;0.0658004472335592
582;rede;ssa;1.501151435;311;0.096;29.089;0.0360930160445306
584;rede;ssa;2.054327383;470;0.003;29.130;0.0463158279553995
583;rede;SMA;2.122472198;210;0.038;29.127;0.0260920139484302
585;rede;SMA;1.968207592;392;0.018;29.148;0.0386866425310276
586;rede;SMA;1.910232752;23;0.061;29.209;0.0044156703260322
365;rede;ssa;34.361368732;111;0.047;17.999;0.0189752485931269
596;rede;SMA;1.072925890;357;0.266;29.656;0.0427559244477954
587;rede;seadec;2.520353803;49;0.001;29.210;0.00853866866997741
588;rede;SMA;2.420583993;416;0;29.210;0.0423559013427496
597;rede;SMA;1.200472620;234;0.032;29.688;0.0294444332989678
594;rede;SMA;1.898031072;365;0.072;29.352;0.0400802183599336
599;rede;seadec;1.285175680;121;0.034;29.811;0.0194549251238626
593;rede;ssa;2.329391709;296;0.01;29.280;0.0354027676498525
368;rede;SMA;35.141021577;216;0.106;18.176;0.0262853423085934
598;rede;ssa;2.033470863;590;0.089;29.777;0.0658004472335592
600;rede;seadec;1.796283722;123;0.086;29.897;0.0194549251238626
605;rede;seadec;1.102432805;68;0.021;30.038;0.00929623085818988
601;rede;SMA;1.903038446;360;0.026;29.923;0.0427559244477954
607;rede;SMA;1.157339339;171;0.046;30.093;0.0303277073168743
606;rede;ssa;1.478189583;281;0.009;30.047;0.0351994025147571
383;rede;seadec;34.169189462;131;0.025;18.851;0.0194549251238626
604;rede;ssa;1.739175485;438;0.053;30.017;0.0464705153781347
602;rede;SMA;2.306703656;383;0.002;29.925;0.0385801680617862
603;rede;ssa;2.132643643;440;0.039;29.964;0.0464705153781347
609;rede;SMA;1.420013885;34;0.098;30.206;0.00572928357269349
595;rede;SMA;3.571461943;7;0.038;29.390;0.00312822529954525
608;rede;seadec;2.158901634;57;0.015;30.108;0.00853866866997741
611;rede;ssa;2.117775662;559;0.001;30.263;0.0650104625049824
610;rede;ssa;2.383431381;466;0.056;30.262;0.0463158279553995
619;rede;SMA;1.310638763;36;0.046;30.579;0.00572928357269349
613;rede;ssa;2.201626663;489;0.085;30.353;0.0468428353029938
381;rede;ssa;36.160353150;446;0.097;18.817;0.0464705153781347
618;rede;ssa;1.625235868;249;0.008;30.533;0.034465109395276
621;rede;SMA;1.275762696;44;0.003;30.618;0.00572928357269349
612;rede;seadec;2.543053302;70;0.005;30.268;0.00929623085818988
614;rede;ssa;2.806373930;446;0.011;30.364;0.0464705153781347
620;rede;ssa;2.061957699;321;0.036;30.615;0.0369276456170677
615;rede;ssa;2.899999636;517;0;30.364;0.0482841409439691
627;rede;ssa;1.184444081;562;0.118;30.982;0.0650104625049824
512;rede;ssa;18.528309902;446;0.036;24.682;0.0464705153781347
623;rede;SMA;1.974550580;199;0.085;30.768;0.0260920139484302
628;rede;ssa;1.213920203;548;0.134;31.116;0.0639327156526897
622;rede;SMA;2.214917394;39;0.065;30.683;0.00572928357269349
625;rede;ssa;2.470468579;427;0.065;30.858;0.0450325086617828
634;rede;SMA;1.059119230;178;0.012;31.509;0.0303277073168743
633;rede;ssa;1.287824821;515;0.279;31.497;0.0482841409439691
626;rede;seadec;2.586502626;63;0.006;30.864;0.00929623085818988
635;rede;SMA;1.054416273;367;0.065;31.574;0.0400802183599336
624;rede;ssa;3.174456217;443;0.025;30.793;0.0464705153781347
617;rede;SMA;4.229017633;182;0.066;30.525;0.027678078136308
636;rede;SMA;1.273656406;19;0.018;31.592;0.0044156703260322
384;rede;ssa;38.355439797;579;0.013;18.864;0.0657184273159393
640;rede;SMA;1.174044151;227;0.014;31.902;0.0294444332989678
638;rede;ssa;1.456431279;515;0.052;31.830;0.0482841409439691
616;rede;ssa;5.141108846;456;0.095;30.459;0.0462637861154206
641;rede;SMA;1.100872724;400;0.141;32.043;0.0386866425310276
637;rede;SMA;1.733060273;419;0.186;31.778;0.0423559013427496
639;rede;ssa;1.567032988;518;0.058;31.888;0.0482841409439691
642;rede;ssa;1.517125618;571;0.02;32.063;0.0657184273159393
645;rede;seadec;1.457886017;73;0.118;32.214;0.00929623085818988
404;rede;ssa;37.409609218;106;0.118;19.686;0.0189752485931269
643;rede;ssa;1.923817183;254;0.032;32.095;0.034465109395276
630;rede;ssa;4.517600661;554;0.003;31.204;0.0639327156526897
650;rede;SMA;1.179065575;16;0.227;32.576;0.0044156703260322
646;rede;SMA;1.977683850;215;0.043;32.257;0.0262853423085934
644;rede;ssa;2.244607859;302;0.001;32.096;0.0360930160445306
651;rede;SMA;1.179613865;43;0.009;32.585;0.00572928357269349
629;rede;SMA;4.882223486;415;0.085;31.201;0.0423559013427496
647;rede;SMA;2.318681896;1;0.045;32.302;0.00312822529954525
649;rede;ssa;2.091270641;506;0.027;32.349;0.0472776063296307
427;rede;seadec;35.144062188;53;0.036;20.722;0.00853866866997741
648;rede;ssa;2.776232986;522;0.02;32.322;0.0482841409439691
652;rede;ssa;2.082138611;526;0.067;32.652;0.0656320663227048
653;rede;ssa;2.029928136;248;0.109;32.761;0.034465109395276
403;rede;ssa;39.505826984;487;0.035;19.568;0.0468428353029938
655;rede;SMA;2.041449704;35;0.008;32.838;0.00572928357269349
632;rede;SMA;5.917601145;202;0.008;31.218;0.0260920139484302
661;rede;SMA;1.121907938;397;0.046;33.173;0.0386866425310276
437;rede;seadec;34.640160566;69;0.054;21.395;0.00929623085818988
631;rede;seadec;6.372531881;87;0.006;31.210;0.0240361194750053
663;rede;SMA;1.235507858;403;0.046;33.243;0.0386866425310276
654;rede;ssa;2.737645173;585;0.069;32.830;0.0657184273159393
662;rede;ssa;1.662463575;445;0.024;33.197;0.0464705153781347
657;rede;seadec;2.523400482;126;0.221;33.078;0.0194549251238626
664;rede;ssa;1.594303186;331;0.027;33.270;0.0377148729094167
656;rede;seadec;2.861994181;78;0.019;32.857;0.0240361194750053
659;rede;ssa;2.839517487;563;0.029;33.126;0.0650104625049824
665;rede;ssa;2.068357843;463;0.121;33.391;0.0462637861154206
658;rede;SMA;3.100755410;368;0.019;33.097;0.0400802183599336
667;rede;ssa;2.054065122;286;0.026;33.450;0.0354027676498525
660;rede;SMA;3.065092887;183;0.001;33.127;0.027678078136308
666;rede;ssa;2.383336353;539;0.033;33.424;0.0656320663227048
668;rede;ssa;2.297203803;336;0.01;33.460;0.0377148729094167
515;rede;ssa;25.836705161;467;0.031;24.824;0.0463158279553995
669;rede;SMA;2.418862532;362;0.039;33.499;0.0400802183599336
678;rede;SMA;.995983324;205;0.042;33.903;0.0260920139484302
426;rede;ssa;38.985110645;578;0.012;20.686;0.0657184273159393
464;rede;ssa;33.489136337;526;0.151;22.737;0.0656320663227048
679;rede;ssa;1.411694133;542;0.03;33.933;0.0639327156526897
680;rede;SMA;1.388812512;393;0.085;34.018;0.0386866425310276
674;rede;ssa;2.467262713;552;0.016;33.677;0.0639327156526897
681;rede;SMA;1.288764333;226;0.029;34.047;0.0294444332989678
675;rede;ssa;2.481919184;300;0.032;33.709;0.0354027676498525
467;rede;seadec;34.076499674;83;0.087;22.839;0.0240361194750053
436;rede;SMA;38.418752995;17;0.157;21.341;0.0044156703260322
687;rede;seadec;1.043794882;87;0.034;34.339;0.0240361194750053
682;rede;ssa;2.033463766;544;0.002;34.049;0.0639327156526897
688;rede;seadec;1.133649418;124;0.117;34.456;0.0194549251238626
686;rede;ssa;1.456427170;304;0.137;34.305;0.0360930160445306
683;rede;ssa;1.990718472;575;0.049;34.098;0.0657184273159393
689;rede;SMA;1.097059787;25;0.022;34.478;0.0044156703260322
685;rede;seadec;1.956545897;96;0.03;34.168;0.0200421445003984
684;rede;SMA;2.100320850;218;0.04;34.138;0.0262853423085934
691;rede;SMA;1.245167594;225;0.203;34.690;0.0262853423085934
676;rede;SMA;3.750560792;19;0.069;33.778;0.0044156703260322
695;rede;SMA;1.077711238;210;0.007;34.933;0.0260920139484302
693;rede;seadec;1.328649670;133;0.121;34.885;0.0194549251238626
677;rede;SMA;3.814408862;213;0.083;33.861;0.0262853423085934
694;rede;seadec;1.250831000;139;0.041;34.926;0.0196202016385114
690;rede;ssa;2.040740354;253;0.009;34.487;0.034465109395276
518;rede;ssa;28.897546732;282;0.051;24.941;0.0351994025147571
699;rede;ssa;1.542854663;266;0.019;35.054;0.0351769567303275
496;rede;ssa;32.635977774;540;0.036;23.784;0.0656320663227048
439;rede;ssa;40.802972505;535;0.011;21.410;0.0656320663227048
700;rede;ssa;1.606677969;572;0.074;35.128;0.0657184273159393
702;rede;ssa;1.586266686;436;0.026;35.185;0.0464705153781347
701;rede;ssa;1.737537174;317;0.031;35.159;0.0369276456170677
703;rede;seadec;1.907526213;163;0.05;35.235;0.0200366493973128
709;rede;SMA;1.131078446;221;0.048;35.564;0.0262853423085934
708;rede;seadec;1.385727810;104;0.053;35.516;0.0200421445003984
705;rede;SMA;1.905466194;34;0.015;35.363;0.00572928357269349
511;rede;SMA;31.440117857;192;0.231;24.646;0.027678078136308
710;rede;seadec;1.255169445;86;0.089;35.653;0.0240361194750053
466;rede;SMA;38.166953214;373;0.013;22.752;0.0400802183599336
704;rede;ssa;2.439975624;540;0.113;35.348;0.0656320663227048
716;rede;SMA;1.055960954;418;0.007;36.063;0.0423559013427496
711;rede;ssa;1.939044907;425;0.079;35.732;0.0450325086617828
514;rede;SMA;32.108661587;395;0.051;24.793;0.0386866425310276
719;rede;seadec;1.076028524;102;0.071;36.211;0.0200421445003984
718;rede;ssa;1.403132895;506;0.026;36.140;0.0472776063296307
717;rede;ssa;1.558117127;327;0.051;36.114;0.0369276456170677
713;rede;ssa;2.343404519;261;0.178;35.921;0.0351769567303275
589;rede;ssa;21.325358525;263;0.008;29.218;0.0351769567303275
720;rede;SMA;1.382859703;234;0.024;36.235;0.0294444332989678
712;rede;ssa;2.635469841;517;0.011;35.743;0.0482841409439691
714;rede;ssa;2.377348926;285;0.107;36.028;0.0351994025147571
517;rede;SMA;32.728921404;184;0.008;24.890;0.027678078136308
715;rede;seadec;2.478417128;53;0.028;36.056;0.00853866866997741
706;rede;seadec;4.040128455;104;0.029;35.392;0.0200421445003984
723;rede;SMA;1.518319447;375;0.039;36.321;0.0400802183599336
722;rede;SMA;1.780321765;3;0.024;36.282;0.00312822529954525
721;rede;SMA;1.984876921;225;0.023;36.258;0.0262853423085934
707;rede;ssa;4.299661831;457;0.071;35.463;0.0462637861154206
724;rede;SMA;1.776814688;376;0.024;36.345;0.0385801680617862
730;rede;SMA;.836997480;12;0.177;36.748;0.00312822529954525
548;rede;SMA;28.270854469;172;0.079;27.424;0.0303277073168743
495;rede;ssa;37.138075344;258;0.005;23.748;0.0351769567303275
734;rede;SMA;1.003574261;19;0.073;36.921;0.0044156703260322
731;rede;ssa;1.705644438;454;0.013;36.761;0.0462637861154206
735;rede;ssa;1.502195508;242;0.119;37.040;0.034465109395276
591;rede;SMA;23.362556786;237;0.015;29.267;0.0294444332989678
739;rede;SMA;1.042394923;187;0.147;37.436;0.027678078136308
498;rede;SMA;37.790631286;403;0.022;23.820;0.0386866425310276
737;rede;ssa;1.623571232;560;0.011;37.106;0.0650104625049824
726;rede;ssa;3.273764487;554;0.041;36.494;0.0639327156526897
736;rede;ssa;1.783497555;297;0.055;37.095;0.0354027676498525
738;rede;ssa;1.496402125;551;0.183;37.289;0.0639327156526897
727;rede;ssa;3.447985774;290;0.067;36.561;0.0354027676498525
740;rede;ssa;1.649923212;450;0.014;37.450;0.0464705153781347
741;rede;ssa;1.512920438;296;0.065;37.515;0.0354027676498525
743;rede;seadec;1.389193675;67;0.064;37.599;0.00929623085818988
742;rede;seadec;1.765416905;62;0.02;37.535;0.00929623085818988
744;rede;SMA;1.971353057;235;0;37.599;0.0294444332989678
752;rede;seadec;.987168699;156;0.118;38.176;0.0200366493973128
753;rede;seadec;1.115596776;143;0.092;38.268;0.0196202016385114
671;rede;ssa;14.027364785;564;0.004;33.554;0.0650104625049824
756;rede;SMA;1.605373382;181;0.003;38.332;0.027678078136308
754;rede;ssa;2.048588387;287;0.06;38.328;0.0354027676498525
757;rede;SMA;1.833207888;12;0.025;38.357;0.00312822529954525
755;rede;ssa;2.146033258;456;0.001;38.329;0.0462637861154206
763;rede;seadec;1.047921539;104;0.023;38.616;0.0200421445003984
762;rede;ssa;1.453788358;508;0.083;38.593;0.0472776063296307
764;rede;ssa;1.512349805;270;0.085;38.701;0.0351769567303275
765;rede;ssa;1.593760950;438;0.03;38.731;0.0464705153781347
758;rede;seadec;2.681315900;54;0.046;38.403;0.00853866866997741
767;rede;SMA;1.495580719;11;0;38.752;0.00312822529954525
759;rede;SMA;2.725766747;40;0.022;38.425;0.00572928357269349
766;rede;SMA;1.800443018;40;0.021;38.752;0.00572928357269349
760;rede;ssa;2.901389519;324;0.083;38.508;0.0369276456170677
592;rede;ssa;28.244038088;444;0.003;29.270;0.0464705153781347
761;rede;ssa;2.991856771;245;0.002;38.510;0.034465109395276
769;rede;SMA;1.973353981;31;0.024;38.834;0.00572928357269349
770;rede;SMA;1.861021525;349;0.026;38.860;0.0427559244477954
768;rede;ssa;2.337613545;422;0.058;38.810;0.0450325086617828
771;rede;SMA;1.925557768;2;0.037;38.897;0.00312822529954525
776;rede;SMA;1.456945239;417;0.036;39.054;0.0423559013427496
777;rede;seadec;1.445611360;134;0.059;39.113;0.0194549251238626
779;rede;ssa;1.266573190;117;0.101;39.249;0.0189752485931269
778;rede;SMA;1.410195744;9;0.035;39.148;0.00312822529954525
672;rede;SMA;17.065850001;195;0.066;33.620;0.027678078136308
780;rede;SMA;1.322817577;26;0.003;39.252;0.0044156703260322
775;rede;ssa;2.017948185;477;0.03;39.018;0.0463158279553995
781;rede;ssa;1.940422686;299;0.002;39.254;0.0354027676498525
789;rede;seadec;.828768199;164;0.085;39.523;0.0200366493973128
787;rede;ssa;1.302207989;118;0.028;39.363;0.0189752485931269
696;rede;seadec;14.355778731;67;0.05;34.983;0.00929623085818988
790;rede;ssa;1.313470557;276;0.026;39.549;0.0351994025147571
788;rede;ssa;1.694686224;328;0.075;39.438;0.0369276456170677
772;rede;ssa;3.781046631;547;0.036;38.933;0.0639327156526897
792;rede;seadec;1.272734863;91;0.034;39.621;0.0200421445003984
773;rede;ssa;3.766151111;510;0.018;38.951;0.0472776063296307
793;rede;seadec;1.247458129;63;0.051;39.672;0.00929623085818988
791;rede;ssa;1.652820848;109;0.038;39.587;0.0189752485931269
794;rede;SMA;1.209336432;20;0.099;39.771;0.0044156703260322
795;rede;ssa;1.661021361;342;0.019;39.790;0.0377148729094167
801;rede;seadec;1.092961268;95;0.003;40.236;0.0200421445003984
798;rede;ssa;1.546849012;335;0.15;40.139;0.0377148729094167
796;rede;ssa;1.926604062;323;0.086;39.876;0.0369276456170677
799;rede;ssa;1.466105267;508;0.035;40.174;0.0472776063296307
797;rede;ssa;1.963685210;316;0.113;39.989;0.0369276456170677
800;rede;ssa;1.489681325;472;0.059;40.233;0.0463158279553995
802;rede;seadec;1.920601346;89;0.025;40.261;0.0240361194750053
803;rede;SMA;1.949246356;382;0.011;40.272;0.0385801680617862
810;rede;seadec;.923633217;160;0.092;40.726;0.0200366493973128
809;rede;ssa;1.635673283;485;0.112;40.634;0.0468428353029938
814;rede;seadec;1.020788954;131;0.063;41.070;0.0194549251238626
811;rede;ssa;1.607588929;541;0.115;40.841;0.0639327156526897
812;rede;SMA;1.409983067;232;0.088;40.929;0.0294444332989678
813;rede;ssa;1.323692670;285;0.078;41.007;0.0351994025147571
816;rede;ssa;1.197791238;547;0.133;41.292;0.0639327156526897
815;rede;ssa;1.534765617;431;0.089;41.159;0.0450325086617828
819;rede;ssa;1.374462076;520;0.105;41.510;0.0482841409439691
804;rede;ssa;3.854265630;534;0.003;40.275;0.0656320663227048
825;rede;seadec;.983691571;126;0.051;41.754;0.0194549251238626
805;rede;ssa;4.056979164;430;0.01;40.285;0.0450325086617828
826;rede;SMA;1.157644514;168;0.113;41.867;0.0303277073168743
827;rede;SMA;1.269478201;368;0.033;41.900;0.0400802183599336
829;rede;SMA;1.389763978;11;0.005;41.933;0.00312822529954525
692;rede;ssa;21.340094394;331;0.074;34.764;0.0377148729094167
513;rede;ssa;48.721581603;492;0.06;24.742;0.0468428353029938
828;rede;ssa;1.738172445;255;0.028;41.928;0.034465109395276
833;rede;SMA;1.117797347;37;0.036;42.023;0.00572928357269349
830;rede;ssa;1.553732339;328;0.009;41.942;0.0369276456170677
831;rede;seadec;1.500387902;60;0.032;41.974;0.00853866866997741
832;rede;ssa;1.494070405;504;0.013;41.987;0.0472776063296307
834;rede;ssa;1.474552387;338;0.05;42.073;0.0377148729094167
725;rede;ssa;17.466947749;488;0.108;36.453;0.0468428353029938
835;rede;ssa;1.834076454;562;0.093;42.166;0.0650104625049824
837;rede;SMA;1.818082309;364;0.006;42.175;0.0400802183599336
836;rede;ssa;1.994886954;259;0.003;42.169;0.0351769567303275
838;rede;SMA;1.888737594;386;0.07;42.245;0.0385801680617862
732;rede;SMA;17.588862571;236;0.032;36.793;0.0294444332989678
846;rede;SMA;1.211945254;197;0.072;42.768;0.0260920139484302
845;rede;ssa;1.568980541;249;0.169;42.696;0.034465109395276
847;rede;SMA;1.254316488;170;0.084;42.852;0.0303277073168743
848;rede;SMA;1.291854056;188;0.126;42.978;0.027678078136308
853;rede;seadec;1.137013334;68;0.004;43.210;0.00929623085818988
851;rede;SMA;1.442236727;390;0.006;43.154;0.0385801680617862
746;rede;SMA;16.487963791;215;0.044;37.791;0.0262853423085934
852;rede;ssa;1.379719621;118;0.052;43.206;0.0189752485931269
850;rede;seadec;1.722037760;75;0.105;43.148;0.00929623085818988
855;rede;SMA;1.080581232;186;0.062;43.285;0.027678078136308
516;rede;ssa;51.984931039;281;0.058;24.882;0.0351994025147571
854;rede;ssa;1.561380349;529;0.013;43.223;0.0656320663227048
849;rede;ssa;2.414911199;447;0.065;43.043;0.0464705153781347
839;rede;ssa;4.015090953;425;0.041;42.286;0.0450325086617828
840;rede;ssa;3.975885406;274;0.024;42.310;0.0351994025147571
857;rede;SMA;1.477289952;414;0.035;43.344;0.0423559013427496
856;rede;SMA;1.778931233;21;0.024;43.309;0.0044156703260322
859;rede;SMA;1.371811538;233;0.212;43.622;0.0294444332989678
860;rede;seadec;1.343157437;74;0.059;43.681;0.00929623085818988
547;rede;SMA;47.658370014;347;0.056;27.345;0.0427559244477954
858;rede;ssa;2.182035456;480;0.066;43.410;0.0463158279553995
861;rede;SMA;1.747424898;362;0.031;43.712;0.0400802183599336
862;rede;ssa;2.008043524;304;0.209;43.921;0.0360930160445306
863;rede;ssa;2.219935353;429;0.034;43.955;0.0450325086617828
872;rede;SMA;1.014282666;189;0.085;44.306;0.027678078136308
864;rede;ssa;2.403382357;253;0.06;44.015;0.034465109395276
865;rede;SMA;2.311860149;191;0.062;44.077;0.027678078136308
868;rede;SMA;1.950399202;5;0.019;44.121;0.00312822529954525
698;rede;ssa;26.954441242;439;0.039;35.035;0.0464705153781347
877;rede;SMA;1.065878191;377;0.105;44.538;0.0385801680617862
873;rede;ssa;1.635306140;470;0.021;44.327;0.0463158279553995
875;rede;ssa;1.432697396;558;0.072;44.402;0.0650104625049824
878;rede;seadec;1.118308913;163;0.057;44.595;0.0200366493973128
867;rede;seadec;2.888565628;161;0.009;44.102;0.0200366493973128
869;rede;ssa;2.700119077;460;0.042;44.163;0.0462637861154206
866;rede;ssa;3.301897362;506;0.016;44.093;0.0472776063296307
876;rede;SMA;1.965112762;193;0.031;44.433;0.027678078136308
874;rede;SMA;2.249838174;204;0.003;44.330;0.0260920139484302
749;rede;ssa;20.537270536;336;0.025;37.877;0.0377148729094167
590;rede;ssa;44.629986902;519;0.034;29.252;0.0482841409439691
880;rede;ssa;1.920013014;120;0.047;44.665;0.0189752485931269
883;rede;SMA;1.476870188;402;0.045;44.833;0.0386866425310276
879;rede;ssa;2.385076637;425;0.023;44.618;0.0450325086617828
870;rede;ssa;4.064538932;336;0.009;44.172;0.0377148729094167
890;rede;SMA;1.174428045;377;0.032;45.157;0.0385801680617862
887;rede;ssa;1.732691952;486;0.075;45.042;0.0468428353029938
888;rede;ssa;1.777751976;475;0.05;45.092;0.0463158279553995
892;rede;ssa;1.196357048;113;0.069;45.305;0.0189752485931269
893;rede;seadec;1.091689383;51;0.049;45.354;0.00853866866997741
889;rede;ssa;1.906455605;290;0.033;45.125;0.0354027676498525
895;rede;SMA;1.241687132;34;0.022;45.395;0.00572928357269349
871;rede;ssa;4.956816961;473;0.049;44.221;0.0463158279553995
891;rede;ssa;2.285847103;336;0.079;45.236;0.0377148729094167
729;rede;ssa;26.121699128;280;0.009;36.571;0.0351994025147571
881;rede;ssa;4.747363398;500;0.046;44.711;0.0472776063296307
898;rede;ssa;1.949796313;271;0.127;45.908;0.0351994025147571
897;rede;ssa;2.172120435;521;0.149;45.781;0.0482841409439691
901;rede;ssa;1.631263131;475;0.021;46.008;0.0463158279553995
896;rede;ssa;2.538101748;489;0.237;45.632;0.0468428353029938
745;rede;SMA;24.580426786;8;0.148;37.747;0.00312822529954525
774;rede;ssa;20.722517335;298;0.037;38.988;0.0354027676498525
882;rede;SMA;4.959124134;367;0.077;44.788;0.0400802183599336
908;rede;SMA;1.071500503;220;0.099;46.288;0.0262853423085934
899;rede;ssa;2.239257464;588;0.064;45.972;0.0658004472335592
907;rede;ssa;1.475100116;501;0.037;46.189;0.0472776063296307
906;rede;ssa;1.706979329;494;0.031;46.152;0.0468428353029938
912;rede;SMA;1.481520075;31;0.025;46.515;0.00572928357269349
909;rede;ssa;1.995697957;569;0.003;46.291;0.0650104625049824
784;rede;SMA;20.611799260;347;0;39.299;0.0427559244477954
900;rede;SMA;3.176228627;399;0.015;45.987;0.0386866425310276
911;rede;SMA;1.828736994;207;0.061;46.490;0.0260920139484302
910;rede;seadec;2.035164255;62;0.138;46.429;0.00929623085818988
904;rede;SMA;2.901608198;8;0.007;46.104;0.00312822529954525
894;rede;ssa;4.619413154;477;0.019;45.373;0.0463158279553995
902;rede;ssa;3.292609795;512;0.086;46.094;0.0482841409439691
914;rede;SMA;1.875433927;189;0.133;46.668;0.027678078136308
915;rede;SMA;1.875992378;199;0.011;46.679;0.0260920139484302
806;rede;SMA;18.578413556;371;0.108;40.393;0.0400802183599336
905;rede;seadec;3.752068279;47;0.017;46.121;0.00853866866997741
913;rede;ssa;2.795024280;326;0.02;46.535;0.0369276456170677
922;rede;SMA;1.565232908;383;0.069;47.096;0.0385801680617862
919;rede;ssa;2.083815795;571;0.029;46.926;0.0657184273159393
918;rede;ssa;2.247776021;555;0.013;46.897;0.0639327156526897
923;rede;ssa;1.528564709;563;0.06;47.156;0.0650104625049824
920;rede;SMA;2.026456867;193;0.066;46.992;0.027678078136308
670;rede;ssa;39.007987201;434;0.051;33.550;0.0450325086617828
903;rede;ssa;4.717048202;450;0.003;46.097;0.0464705153781347
925;rede;seadec;1.819115919;152;0.033;47.323;0.0200366493973128
817;rede;SMA;17.918466132;223;0.083;41.375;0.0262853423085934
916;rede;seadec;3.227040426;64;0.19;46.869;0.00929623085818988
924;rede;SMA;2.085788266;416;0.134;47.290;0.0423559013427496
927;rede;seadec;1.721542570;147;0.01;47.387;0.0196202016385114
928;rede;seadec;1.650907466;104;0.024;47.411;0.0200421445003984
931;rede;seadec;1.455984803;96;0.01;47.537;0.0200421445003984
926;rede;ssa;2.350827268;260;0.054;47.377;0.0351769567303275
934;rede;SMA;1.312010598;418;0.058;47.668;0.0423559013427496
673;rede;SMA;39.711404469;25;0.041;33.661;0.0044156703260322
921;rede;SMA;3.241731611;394;0.035;47.027;0.0386866425310276
917;rede;ssa;3.876764751;496;0.015;46.884;0.0472776063296307
821;rede;seadec;18.546399998;133;0.006;41.563;0.0194549251238626
929;rede;ssa;2.731440914;465;0.111;47.522;0.0462637861154206
933;rede;seadec;2.313512334;130;0.001;47.610;0.0194549251238626
932;rede;ssa;2.474846933;331;0.072;47.609;0.0377148729094167
935;rede;ssa;1.794572933;538;0.312;47.980;0.0656320663227048
940;rede;SMA;1.082310346;213;0.085;48.276;0.0262853423085934
930;rede;ssa;2.939162355;325;0.005;47.527;0.0369276456170677
697;rede;SMA;37.280500075;177;0.013;34.996;0.0303277073168743
941;rede;SMA;1.313844322;42;0.13;48.406;0.00572928357269349
824;rede;ssa;19.965625863;117;0.007;41.703;0.0189752485931269
944;rede;ssa;2.520006509;562;0.008;48.434;0.0650104625049824
943;rede;ssa;2.614492098;460;0.012;48.426;0.0462637861154206
954;rede;SMA;1.086667003;193;0.061;48.816;0.027678078136308
946;rede;ssa;2.418632788;578;0.002;48.463;0.0657184273159393
942;rede;ssa;2.916349032;457;0.008;48.414;0.0462637861154206
955;rede;SMA;1.063182999;8;0.073;48.889;0.00312822529954525
952;rede;ssa;1.584406652;256;0.015;48.723;0.0351769567303275
945;rede;ssa;2.785987396;437;0.027;48.461;0.0464705153781347
953;rede;ssa;1.544416981;475;0.032;48.755;0.0463158279553995
843;rede;seadec;18.343180441;50;0.06;42.475;0.00853866866997741
949;rede;ssa;2.466607018;517;0.057;48.574;0.0482841409439691
748;rede;ssa;32.353072954;492;0.029;37.852;0.0468428353029938
956;rede;SMA;1.859317895;377;0.085;48.974;0.0385801680617862
951;rede;SMA;2.710975889;1;0.007;48.708;0.00312822529954525
957;rede;seadec;1.894980970;56;0.028;49.002;0.00853866866997741
958;rede;seadec;1.825995245;91;0.007;49.009;0.0200421445003984
950;rede;seadec;2.998945445;99;0.127;48.701;0.0200421445003984
959;rede;seadec;2.237328645;149;0.012;49.021;0.0196202016385114
962;rede;ssa;1.849369062;538;0.08;49.179;0.0656320663227048
751;rede;SMA;32.944218782;365;0.074;38.058;0.0400802183599336
965;rede;seadec;1.149634952;84;0.253;49.501;0.0240361194750053
966;rede;SMA;1.036521267;27;0.072;49.573;0.0044156703260322
947;rede;SMA;4.257129790;390;0.023;48.486;0.0385801680617862
967;rede;seadec;1.121003796;71;0.075;49.648;0.00929623085818988
948;rede;ssa;4.384212989;429;0.031;48.517;0.0450325086617828
963;rede;SMA;2.200000346;362;0.031;49.210;0.0400802183599336
964;rede;seadec;2.041813924;131;0.038;49.248;0.0194549251238626
960;rede;seadec;2.799143076;96;0.029;49.050;0.0200421445003984
968;rede;SMA;1.419159076;211;0.165;49.813;0.0262853423085934
970;rede;SMA;1.152811903;230;0.006;49.962;0.0294444332989678
971;rede;ssa;1.386166018;463;0.039;50.001;0.0462637861154206
973;rede;seadec;1.139511037;157;0.02;50.067;0.0200366493973128
972;rede;SMA;1.353643310;34;0.046;50.047;0.00572928357269349
976;rede;SMA;1.032139373;222;0.156;50.268;0.0262853423085934
975;rede;ssa;1.418496403;492;0.011;50.112;0.0468428353029938
985;rede;seadec;.107321956;123;0.159;50.727;0.0194549251238626
986;rede;SMA;.081631811;415;0.001;50.728;0.0423559013427496
987;rede;SMA;.070883837;228;0.166;50.894;0.0294444332989678
988;rede;SMA;.125866161;416;0.125;51.019;0.0423559013427496
989;rede;ssa;.072775094;440;0.019;51.038;0.0464705153781347
990;rede;SMA;.131174696;391;0.144;51.182;0.0386866425310276
991;rede;SMA;.077787144;200;0.061;51.243;0.0260920139484302
992;rede;ssa;.120075206;534;0.061;51.304;0.0656320663227048
993;rede;ssa;.095445575;555;0.012;51.316;0.0639327156526897
977;rede;ssa;2.313193806;510;0.019;50.287;0.0472776063296307
994;rede;ssa;.088541326;243;0.054;51.370;0.034465109395276
995;rede;SMA;.086680435;23;0.003;51.373;0.0044156703260322
996;rede;seadec;.103348157;87;0.037;51.410;0.0240361194750053
978;rede;ssa;2.626059692;458;0.027;50.314;0.0462637861154206
885;rede;ssa;17.053427948;300;0.034;44.951;0.0354027676498525
728;rede;ssa;39.983780875;449;0.001;36.562;0.0464705153781347
998;rede;ssa;1.174990866;559;0.002;51.419;0.0650104625049824
999;rede;SMA;1.007309650;19;0.136;51.555;0.0044156703260322
733;rede;SMA;40.213504236;21;0.055;36.848;0.0044156703260322
937;rede;SMA;10.283549968;42;0.014;48.159;0.00572928357269349
979;rede;SMA;3.720561763;21;0.131;50.445;0.0044156703260322
747;rede;seadec;39.114402336;57;0.032;37.823;0.00853866866997741
980;rede;ssa;4.639306705;253;0.025;50.470;0.034465109395276
981;rede;SMA;5.264986422;377;0;50.470;0.0385801680617862
961;rede;SMA;8.994202200;178;0.049;49.099;0.0303277073168743
783;rede;ssa;36.057802985;431;0.035;39.299;0.0450325086617828
982;rede;ssa;6.698273238;502;0.066;50.536;0.0472776063296307
983;rede;SMA;6.722538052;202;0.029;50.565;0.0260920139484302
984;rede;SMA;8.188141120;172;0.003;50.568;0.0303277073168743
997;rede;seadec;6.662823523;147;0.007;51.417;0.0196202016385114
750;rede;ssa;45.176277991;448;0.107;37.984;0.0464705153781347
782;rede;SMA;41.820289355;33;0.01;39.264;0.00572928357269349
786;rede;ssa;41.368733478;423;0.019;39.335;0.0450325086617828
808;rede;ssa;40.969183475;241;0.085;40.522;0.034465109395276
820;rede;seadec;39.962071108;135;0.047;41.557;0.0194549251238626
823;rede;ssa;42.228318011;560;0.077;41.696;0.0650104625049824
785;rede;ssa;48.243270387;467;0.017;39.316;0.0463158279553995
807;rede;seadec;45.949318235;79;0.044;40.437;0.0240361194750053
818;rede;SMA;45.180478716;227;0.03;41.405;0.0294444332989678
842;rede;ssa;41.876944622;597;0.092;42.415;0.0658004472335592
884;rede;SMA;36.528317193;193;0.084;44.917;0.027678078136308
822;rede;ssa;46.968189400;599;0.056;41.619;0.0658004472335592
841;rede;SMA;45.317129383;216;0.013;42.323;0.0262853423085934
936;rede;ssa;31.198299443;555;0.165;48.145;0.0639327156526897
939;rede;ssa;33.618179492;255;0.016;48.191;0.034465109395276
844;rede;ssa;48.484456880;309;0.052;42.527;0.0360930160445306
974;rede;SMA;29.029054208;378;0.034;50.101;0.0385801680617862
886;rede;SMA;43.029332212;201;0.016;44.967;0.0260920139484302
938;rede;ssa;37.413294559;600;0.016;48.175;0.0658004472335592
969;rede;SMA;33.264142776;229;0.143;49.956;0.0294444332989678
