2;random;ssa;1.274033839;;0.007;.104;0.0351994025147571
5;random;SMA;.936160553;;0.145;.278;0.0303277073168743
9;random;SMA;1.055997536;;0.007;.421;0.0294444332989678
0;random;SMA;2.501943694;;0.038;.038;0.0423559013427496
1;random;ssa;2.891233307;;0.059;.097;0.0450325086617828
6;random;SMA;2.453277699;;0.061;.339;0.0427559244477954
3;random;ssa;3.080864924;;0.007;.111;0.0656320663227048
4;random;seadec;3.118441700;;0.022;.133;0.0196202016385114
8;random;ssa;3.288277010;;0.048;.414;0.034465109395276
7;random;SMA;4.377492551;;0.027;.366;0.00312822529954525
0;random;SMA;1.152390886;;0.038;.038;0.0423559013427496
2;random;ssa;1.241562541;;0.007;.104;0.0351994025147571
5;random;SMA;1.011589459;;0.145;.278;0.0303277073168743
1;random;ssa;1.729101229;;0.059;.097;0.0450325086617828
9;random;SMA;1.003203482;;0.007;.421;0.0294444332989678
4;random;seadec;1.679783139;;0.022;.133;0.0196202016385114
6;random;SMA;1.547327238;;0.061;.339;0.0427559244477954
8;random;ssa;1.484867386;;0.048;.414;0.034465109395276
3;random;ssa;2.236649301;;0.007;.111;0.0656320663227048
7;random;SMA;3.103041704;;0.027;.366;0.00312822529954525
0;random;SMA;.976654077;;0.038;.038;0.0423559013427496
5;random;SMA;.933785536;;0.145;.278;0.0303277073168743
2;random;ssa;1.241384587;;0.007;.104;0.0351994025147571
1;random;ssa;1.543322285;;0.059;.097;0.0450325086617828
9;random;SMA;1.014553028;;0.007;.421;0.0294444332989678
6;random;SMA;1.310896966;;0.061;.339;0.0427559244477954
8;random;ssa;1.304684886;;0.048;.414;0.034465109395276
4;random;seadec;1.749571700;;0.022;.133;0.0196202016385114
3;random;ssa;2.262485543;;0.007;.111;0.0656320663227048
7;random;SMA;3.319485219;;0.027;.366;0.00312822529954525
6;random;SMA;1.030214091;;0.061;.339;0.0044156703260322
9;random;ssa;1.340571565;;0.007;.421;0.0650104625049824
0;random;SMA;2.458499506;;0.038;.038;0.0423559013427496
11;random;ssa;1.268472814;;0.038;.529;0.0639327156526897
14;random;ssa;1.381618118;;0.053;.865;0.0657184273159393
17;random;ssa;1.403609579;;0.033;1.044;0.0464705153781347
18;random;SMA;1.771669316;;0.017;1.061;0.0427559244477954
8;random;ssa;3.194476934;;0.048;.414;0.0657184273159393
4;random;ssa;3.826463900;;0.022;.133;0.0650104625049824
23;random;ssa;1.640805667;;0.028;1.283;0.0464705153781347
29;random;ssa;1.362742390;;0.05;1.627;0.0482841409439691
30;random;ssa;1.436144818;;0.072;1.699;0.0351769567303275
32;random;ssa;1.382674498;;0.016;1.717;0.0650104625049824
2;random;ssa;5.043030681;;0.007;.104;0.0450325086617828
7;random;ssa;4.867946192;;0.027;.366;0.0472776063296307
45;random;ssa;1.158735067;;0.015;2.221;0.0189752485931269
36;random;ssa;2.193179996;;0.015;1.859;0.0650104625049824
1;random;SMA;6.144845627;;0.059;.097;0.0303277073168743
34;random;ssa;2.439355468;;0.01;1.793;0.0468428353029938
49;random;seadec;1.023171080;;0.1;2.462;0.0194549251238626
38;random;ssa;2.256363428;;0.038;1.933;0.0462637861154206
19;random;SMA;4.567429380;;0.029;1.090;0.0303277073168743
22;random;seadec;4.295511685;;0.015;1.255;0.00929623085818988
41;random;SMA;2.917019747;;0.051;2.050;0.027678078136308
43;random;ssa;3.147046385;;0.063;2.178;0.0639327156526897
31;random;SMA;4.528093855;;0.002;1.701;0.0427559244477954
46;random;ssa;3.284835977;;0.065;2.286;0.0360930160445306
40;random;ssa;3.731381771;;0.054;1.999;0.0189752485931269
15;random;ssa;8.595182540;;0.052;.917;0.0369276456170677
5;random;ssa;10.785835119;;0.145;.278;0.0189752485931269
42;random;ssa;7.890009560;;0.065;2.115;0.0377148729094167
3;random;ssa;13.621947943;;0.007;.111;0.0369276456170677
12;random;ssa;12.975778663;;0.062;.591;0.0360930160445306
10;random;ssa;13.485573334;;0.07;.491;0.0360930160445306
25;random;ssa;13.602524944;;0.003;1.291;0.0450325086617828
16;random;ssa;14.456540296;;0.094;1.011;0.0639327156526897
20;random;SMA;14.045039151;;0.118;1.208;0.0260920139484302
13;random;ssa;15.715617200;;0.221;.812;0.0657184273159393
35;random;seadec;13.505608331;;0.051;1.844;0.00853866866997741
24;random;SMA;15.644780022;;0.005;1.288;0.0044156703260322
47;random;SMA;13.353277189;;0.05;2.336;0.0044156703260322
26;random;ssa;16.095450066;;0.029;1.320;0.0657184273159393
21;random;ssa;17.373112703;;0.032;1.240;0.0377148729094167
28;random;SMA;17.067922602;;0.059;1.577;0.0044156703260322
27;random;SMA;18.683445102;;0.198;1.518;0.0423559013427496
37;random;SMA;18.118072750;;0.036;1.895;0.0262853423085934
33;random;seadec;20.140248853;;0.066;1.783;0.0196202016385114
48;random;seadec;19.033933677;;0.026;2.362;0.0194549251238626
39;random;ssa;19.988904741;;0.012;1.945;0.0450325086617828
44;random;SMA;20.645889346;;0.028;2.206;0.00572928357269349
6;random;SMA;1.032100001;;0.061;.339;0.0044156703260322
9;random;ssa;1.459895196;;0.007;.421;0.0650104625049824
11;random;ssa;1.491515584;;0.038;.529;0.0639327156526897
14;random;ssa;1.576543960;;0.053;.865;0.0657184273159393
17;random;ssa;1.590007980;;0.033;1.044;0.0464705153781347
0;random;SMA;3.377534348;;0.038;.038;0.0423559013427496
2;random;ssa;3.302319003;;0.007;.104;0.0450325086617828
23;random;ssa;1.771063945;;0.028;1.283;0.0464705153781347
29;random;ssa;1.531681973;;0.05;1.627;0.0482841409439691
8;random;ssa;3.637988001;;0.048;.414;0.0657184273159393
4;random;ssa;4.186745500;;0.022;.133;0.0650104625049824
30;random;ssa;1.690586244;;0.072;1.699;0.0351769567303275
32;random;ssa;1.902007588;;0.016;1.717;0.0650104625049824
18;random;SMA;3.134563466;;0.017;1.061;0.0427559244477954
19;random;SMA;3.093695637;;0.029;1.090;0.0303277073168743
45;random;ssa;1.308287073;;0.015;2.221;0.0189752485931269
49;random;seadec;1.043402943;;0.1;2.462;0.0194549251238626
36;random;ssa;3.334527303;;0.015;1.859;0.0650104625049824
40;random;ssa;3.305641560;;0.054;1.999;0.0189752485931269
34;random;ssa;3.704736347;;0.01;1.793;0.0468428353029938
38;random;ssa;3.622744154;;0.038;1.933;0.0462637861154206
3;random;ssa;6.695980302;;0.007;.111;0.0369276456170677
43;random;ssa;4.115865744;;0.063;2.178;0.0639327156526897
41;random;SMA;4.417242892;;0.051;2.050;0.027678078136308
46;random;ssa;4.352433285;;0.065;2.286;0.0360930160445306
16;random;ssa;8.041659589;;0.094;1.011;0.0639327156526897
26;random;ssa;10.402964023;;0.029;1.320;0.0657184273159393
5;random;ssa;12.347693345;;0.145;.278;0.0189752485931269
10;random;ssa;12.899701524;;0.07;.491;0.0360930160445306
12;random;ssa;14.195695022;;0.062;.591;0.0360930160445306
13;random;ssa;14.879870760;;0.221;.812;0.0657184273159393
7;random;ssa;16.020476221;;0.027;.366;0.0472776063296307
20;random;SMA;15.068656002;;0.118;1.208;0.0260920139484302
22;random;seadec;15.602156104;;0.015;1.255;0.00929623085818988
21;random;ssa;16.653694009;;0.032;1.240;0.0377148729094167
31;random;SMA;15.904977843;;0.002;1.701;0.0427559244477954
24;random;SMA;16.696158250;;0.005;1.288;0.0044156703260322
39;random;ssa;15.781967967;;0.012;1.945;0.0450325086617828
1;random;SMA;19.520741067;;0.059;.097;0.0303277073168743
27;random;SMA;18.058791662;;0.198;1.518;0.0423559013427496
28;random;SMA;18.129976440;;0.059;1.577;0.0044156703260322
33;random;seadec;19.462545229;;0.066;1.783;0.0196202016385114
37;random;SMA;19.421966023;;0.036;1.895;0.0262853423085934
42;random;ssa;19.349414259;;0.065;2.115;0.0377148729094167
15;random;ssa;21.867827437;;0.052;.917;0.0369276456170677
44;random;SMA;20.542742853;;0.028;2.206;0.00572928357269349
48;random;seadec;20.396986300;;0.026;2.362;0.0194549251238626
25;random;ssa;26.611283365;;0.003;1.291;0.0450325086617828
35;random;seadec;26.579134935;;0.051;1.844;0.00853866866997741
47;random;SMA;26.520472179;;0.05;2.336;0.0044156703260322
6;random;SMA;1.578470355;;0.061;.339;0.0044156703260322
0;random;SMA;2.752500301;;0.038;.038;0.0423559013427496
14;random;ssa;1.675936016;;0.053;.865;0.0657184273159393
11;random;ssa;2.230339439;;0.038;.529;0.0639327156526897
9;random;ssa;2.630489563;;0.007;.421;0.0650104625049824
17;random;ssa;2.125922638;;0.033;1.044;0.0464705153781347
8;random;ssa;3.085951259;;0.048;.414;0.0657184273159393
18;random;SMA;2.433275119;;0.017;1.061;0.0427559244477954
2;random;ssa;4.402264534;;0.007;.104;0.0450325086617828
30;random;ssa;1.676979449;;0.072;1.699;0.0351769567303275
29;random;ssa;1.827378955;;0.05;1.627;0.0482841409439691
23;random;ssa;2.776299247;;0.028;1.283;0.0464705153781347
32;random;ssa;2.309129337;;0.016;1.717;0.0650104625049824
4;random;ssa;5.346760923;;0.022;.133;0.0650104625049824
49;random;seadec;1.356282295;;0.1;2.462;0.0194549251238626
19;random;SMA;3.967673064;;0.029;1.090;0.0303277073168743
36;random;ssa;2.863897218;;0.015;1.859;0.0650104625049824
45;random;ssa;2.256168709;;0.015;2.221;0.0189752485931269
38;random;ssa;2.997134158;;0.038;1.933;0.0462637861154206
1;random;SMA;6.495525664;;0.059;.097;0.0303277073168743
40;random;ssa;4.029583542;;0.054;1.999;0.0189752485931269
3;random;ssa;7.308222438;;0.007;.111;0.0369276456170677
43;random;ssa;3.956517353;;0.063;2.178;0.0639327156526897
34;random;ssa;4.706419516;;0.01;1.793;0.0468428353029938
46;random;ssa;3.939125997;;0.065;2.286;0.0360930160445306
41;random;SMA;4.933466348;;0.051;2.050;0.027678078136308
16;random;ssa;8.350142030;;0.094;1.011;0.0639327156526897
15;random;ssa;9.122648035;;0.052;.917;0.0369276456170677
7;random;ssa;12.047113473;;0.027;.366;0.0472776063296307
26;random;ssa;10.413992939;;0.029;1.320;0.0657184273159393
5;random;ssa;12.515718814;;0.145;.278;0.0189752485931269
22;random;seadec;11.560666277;;0.015;1.255;0.00929623085818988
10;random;ssa;13.422656585;;0.07;.491;0.0360930160445306
31;random;SMA;11.999611638;;0.002;1.701;0.0427559244477954
12;random;ssa;14.349532024;;0.062;.591;0.0360930160445306
13;random;ssa;15.327339407;;0.221;.812;0.0657184273159393
25;random;ssa;14.651431838;;0.003;1.291;0.0450325086617828
20;random;SMA;15.164516751;;0.118;1.208;0.0260920139484302
35;random;seadec;14.826903977;;0.051;1.844;0.00853866866997741
39;random;ssa;15.501467854;;0.012;1.945;0.0450325086617828
47;random;SMA;14.967179728;;0.05;2.336;0.0044156703260322
24;random;SMA;16.807255189;;0.005;1.288;0.0044156703260322
42;random;ssa;15.546724113;;0.065;2.115;0.0377148729094167
21;random;ssa;17.127881946;;0.032;1.240;0.0377148729094167
28;random;SMA;18.188145574;;0.059;1.577;0.0044156703260322
27;random;SMA;18.532324061;;0.198;1.518;0.0423559013427496
37;random;SMA;19.485006478;;0.036;1.895;0.0262853423085934
33;random;seadec;19.977009940;;0.066;1.783;0.0196202016385114
48;random;seadec;20.515331110;;0.026;2.362;0.0194549251238626
44;random;SMA;21.015682544;;0.028;2.206;0.00572928357269349
6;random;SMA;1.034417431;;0.061;.339;0.0044156703260322
0;random;SMA;2.227055809;;0.038;.038;0.0423559013427496
11;random;ssa;1.596418323;;0.038;.529;0.0639327156526897
9;random;ssa;1.903774311;;0.007;.421;0.0650104625049824
14;random;ssa;1.470511336;;0.053;.865;0.0657184273159393
18;random;SMA;1.693857504;;0.017;1.061;0.0427559244477954
17;random;ssa;1.788309919;;0.033;1.044;0.0464705153781347
2;random;ssa;3.707912900;;0.007;.104;0.0450325086617828
4;random;ssa;3.848037684;;0.022;.133;0.0650104625049824
23;random;ssa;1.954955597;;0.028;1.283;0.0464705153781347
29;random;ssa;1.477642701;;0.05;1.627;0.0482841409439691
30;random;ssa;1.429913259;;0.072;1.699;0.0351769567303275
32;random;ssa;1.730109198;;0.016;1.717;0.0650104625049824
8;random;ssa;4.165118684;;0.048;.414;0.0657184273159393
19;random;SMA;3.222063002;;0.029;1.090;0.0303277073168743
49;random;seadec;.991020149;;0.1;2.462;0.0194549251238626
45;random;ssa;1.495363766;;0.015;2.221;0.0189752485931269
38;random;ssa;2.074588032;;0.038;1.933;0.0462637861154206
34;random;ssa;3.199251123;;0.01;1.793;0.0468428353029938
40;random;ssa;3.204384872;;0.054;1.999;0.0189752485931269
36;random;ssa;3.636672823;;0.015;1.859;0.0650104625049824
46;random;ssa;3.255866008;;0.065;2.286;0.0360930160445306
41;random;SMA;3.777646855;;0.051;2.050;0.027678078136308
43;random;ssa;4.076678011;;0.063;2.178;0.0639327156526897
3;random;ssa;8.271728627;;0.007;.111;0.0369276456170677
7;random;ssa;8.357835669;;0.027;.366;0.0472776063296307
22;random;seadec;7.711505357;;0.015;1.255;0.00929623085818988
31;random;SMA;8.021521168;;0.002;1.701;0.0427559244477954
16;random;ssa;9.458808900;;0.094;1.011;0.0639327156526897
5;random;ssa;11.243931213;;0.145;.278;0.0189752485931269
1;random;SMA;11.945389325;;0.059;.097;0.0303277073168743
10;random;ssa;12.370983586;;0.07;.491;0.0360930160445306
26;random;ssa;11.469969221;;0.029;1.320;0.0657184273159393
12;random;ssa;13.124608065;;0.062;.591;0.0360930160445306
42;random;ssa;11.678220600;;0.065;2.115;0.0377148729094167
13;random;ssa;14.319062661;;0.221;.812;0.0657184273159393
20;random;SMA;13.897030933;;0.118;1.208;0.0260920139484302
15;random;ssa;14.568037498;;0.052;.917;0.0369276456170677
24;random;SMA;15.478834333;;0.005;1.288;0.0044156703260322
21;random;ssa;15.854650071;;0.032;1.240;0.0377148729094167
28;random;SMA;16.890293589;;0.059;1.577;0.0044156703260322
39;random;ssa;16.376090941;;0.012;1.945;0.0450325086617828
27;random;SMA;17.288287454;;0.198;1.518;0.0423559013427496
37;random;SMA;18.134365352;;0.036;1.895;0.0262853423085934
25;random;ssa;19.306401944;;0.003;1.291;0.0450325086617828
33;random;seadec;18.760262283;;0.066;1.783;0.0196202016385114
35;random;seadec;19.318813791;;0.051;1.844;0.00853866866997741
48;random;seadec;19.143721009;;0.026;2.362;0.0194549251238626
47;random;SMA;19.337331968;;0.05;2.336;0.0044156703260322
44;random;SMA;19.797951045;;0.028;2.206;0.00572928357269349
6;random;SMA;.858259436;;0.061;.339;0.0044156703260322
9;random;ssa;1.136900129;;0.007;.421;0.0650104625049824
11;random;ssa;1.180862643;;0.038;.529;0.0639327156526897
0;random;SMA;2.203206713;;0.038;.038;0.0423559013427496
14;random;ssa;1.037982851;;0.053;.865;0.0657184273159393
23;random;ssa;1.315418618;;0.028;1.283;0.0464705153781347
17;random;ssa;1.732099936;;0.033;1.044;0.0464705153781347
8;random;ssa;2.720450262;;0.048;.414;0.0657184273159393
18;random;SMA;1.746826281;;0.017;1.061;0.0427559244477954
29;random;ssa;1.271367009;;0.05;1.627;0.0482841409439691
30;random;ssa;1.239195168;;0.072;1.699;0.0351769567303275
4;random;ssa;3.845428879;;0.022;.133;0.0650104625049824
2;random;ssa;3.999882902;;0.007;.104;0.0450325086617828
32;random;ssa;1.578966399;;0.016;1.717;0.0650104625049824
45;random;ssa;1.018470653;;0.015;2.221;0.0189752485931269
49;random;seadec;.873943547;;0.1;2.462;0.0194549251238626
19;random;SMA;3.760457921;;0.029;1.090;0.0303277073168743
38;random;ssa;2.216587077;;0.038;1.933;0.0462637861154206
36;random;ssa;2.366885480;;0.015;1.859;0.0650104625049824
34;random;ssa;3.328810650;;0.01;1.793;0.0468428353029938
40;random;ssa;3.897726183;;0.054;1.999;0.0189752485931269
43;random;ssa;3.715545725;;0.063;2.178;0.0639327156526897
46;random;ssa;3.548671655;;0.065;2.286;0.0360930160445306
41;random;SMA;3.999906120;;0.051;2.050;0.027678078136308
5;random;ssa;9.105800029;;0.145;.278;0.0189752485931269
7;random;ssa;9.206502124;;0.027;.366;0.0472776063296307
22;random;seadec;8.873677982;;0.015;1.255;0.00929623085818988
10;random;ssa;10.795762505;;0.07;.491;0.0360930160445306
12;random;ssa;10.861630072;;0.062;.591;0.0360930160445306
1;random;SMA;11.900759934;;0.059;.097;0.0303277073168743
31;random;SMA;9.328412810;;0.002;1.701;0.0427559244477954
3;random;ssa;12.697667373;;0.007;.111;0.0369276456170677
20;random;SMA;11.729856608;;0.118;1.208;0.0260920139484302
13;random;ssa;12.701429688;;0.221;.812;0.0657184273159393
24;random;SMA;13.270950961;;0.005;1.288;0.0044156703260322
16;random;ssa;13.967969160;;0.094;1.011;0.0639327156526897
15;random;ssa;14.541224344;;0.052;.917;0.0369276456170677
21;random;ssa;14.462801180;;0.032;1.240;0.0377148729094167
42;random;ssa;12.786523081;;0.065;2.115;0.0377148729094167
28;random;SMA;14.544624453;;0.059;1.577;0.0044156703260322
26;random;ssa;15.929015112;;0.029;1.320;0.0657184273159393
27;random;SMA;15.811035375;;0.198;1.518;0.0423559013427496
37;random;SMA;15.566270853;;0.036;1.895;0.0262853423085934
33;random;seadec;17.095436403;;0.066;1.783;0.0196202016385114
48;random;seadec;16.564156811;;0.026;2.362;0.0194549251238626
44;random;SMA;17.829476815;;0.028;2.206;0.00572928357269349
25;random;ssa;19.689263327;;0.003;1.291;0.0450325086617828
35;random;seadec;19.728038989;;0.051;1.844;0.00853866866997741
39;random;ssa;20.420555378;;0.012;1.945;0.0450325086617828
47;random;SMA;19.838872542;;0.05;2.336;0.0044156703260322
6;random;SMA;.873871997;;0.061;.339;0.0044156703260322
9;random;ssa;1.092033687;;0.007;.421;0.0650104625049824
0;random;SMA;2.196312562;;0.038;.038;0.0423559013427496
11;random;ssa;1.387228552;;0.038;.529;0.0639327156526897
14;random;ssa;1.190758809;;0.053;.865;0.0657184273159393
17;random;ssa;1.227418671;;0.033;1.044;0.0464705153781347
8;random;ssa;2.242588679;;0.048;.414;0.0657184273159393
18;random;SMA;1.547373699;;0.017;1.061;0.0427559244477954
2;random;ssa;3.449941310;;0.007;.104;0.0450325086617828
4;random;ssa;3.405514016;;0.022;.133;0.0650104625049824
23;random;ssa;1.460296913;;0.028;1.283;0.0464705153781347
19;random;SMA;2.317743048;;0.029;1.090;0.0303277073168743
29;random;ssa;1.352751244;;0.05;1.627;0.0482841409439691
30;random;ssa;1.266509082;;0.072;1.699;0.0351769567303275
32;random;ssa;1.185208553;;0.016;1.717;0.0650104625049824
34;random;ssa;2.157571774;;0.01;1.793;0.0468428353029938
45;random;ssa;1.016533243;;0.015;2.221;0.0189752485931269
36;random;ssa;2.150123914;;0.015;1.859;0.0650104625049824
40;random;ssa;1.705905575;;0.054;1.999;0.0189752485931269
3;random;ssa;6.027428845;;0.007;.111;0.0369276456170677
38;random;ssa;2.021358156;;0.038;1.933;0.0462637861154206
49;random;seadec;.872394863;;0.1;2.462;0.0194549251238626
41;random;SMA;2.197428708;;0.051;2.050;0.027678078136308
43;random;ssa;2.505290494;;0.063;2.178;0.0639327156526897
46;random;ssa;2.442189818;;0.065;2.286;0.0360930160445306
16;random;ssa;7.273372542;;0.094;1.011;0.0639327156526897
5;random;ssa;9.688381900;;0.145;.278;0.0189752485931269
1;random;SMA;10.319661768;;0.059;.097;0.0303277073168743
10;random;ssa;10.294138270;;0.07;.491;0.0360930160445306
7;random;ssa;11.572157778;;0.027;.366;0.0472776063296307
12;random;ssa;11.352080622;;0.062;.591;0.0360930160445306
22;random;seadec;10.765624031;;0.015;1.255;0.00929623085818988
26;random;ssa;10.744741393;;0.029;1.320;0.0657184273159393
13;random;ssa;12.163137267;;0.221;.812;0.0657184273159393
31;random;SMA;10.813055975;;0.002;1.701;0.0427559244477954
20;random;SMA;12.073729881;;0.118;1.208;0.0260920139484302
15;random;ssa;12.926500986;;0.052;.917;0.0369276456170677
21;random;ssa;13.625413460;;0.032;1.240;0.0377148729094167
24;random;SMA;13.456936277;;0.005;1.288;0.0044156703260322
27;random;SMA;14.782438374;;0.198;1.518;0.0423559013427496
28;random;SMA;14.786374233;;0.059;1.577;0.0044156703260322
42;random;ssa;14.267429864;;0.065;2.115;0.0377148729094167
33;random;seadec;15.948035685;;0.066;1.783;0.0196202016385114
37;random;SMA;15.593349736;;0.036;1.895;0.0262853423085934
39;random;ssa;15.524655284;;0.012;1.945;0.0450325086617828
25;random;ssa;17.829078229;;0.003;1.291;0.0450325086617828
44;random;SMA;16.445568197;;0.028;2.206;0.00572928357269349
35;random;seadec;17.586450888;;0.051;1.844;0.00853866866997741
48;random;seadec;16.156668063;;0.026;2.362;0.0194549251238626
47;random;SMA;16.996700093;;0.05;2.336;0.0044156703260322
3;random;SMA;.728026764;;0.007;.111;0.0427559244477954
0;random;SMA;1.065346877;;0.038;.038;0.0423559013427496
1;random;ssa;1.079992066;;0.059;.097;0.0351994025147571
4;random;ssa;1.289582019;;0.022;.133;0.034465109395276
6;random;ssa;1.696187546;;0.061;.339;0.0360930160445306
13;random;SMA;.918989425;;0.221;.812;0.0385801680617862
11;random;ssa;1.423330543;;0.038;.529;0.0369276456170677
12;random;ssa;1.314815148;;0.062;.591;0.0351994025147571
10;random;ssa;1.545935879;;0.07;.491;0.0650104625049824
15;random;SMA;.938942490;;0.052;.917;0.0044156703260322
5;random;ssa;2.490191317;;0.145;.278;0.0450325086617828
19;random;ssa;1.212079619;;0.029;1.090;0.0369276456170677
16;random;ssa;1.719390557;;0.094;1.011;0.0354027676498525
2;random;seadec;6.254273323;;0.007;.104;0.0196202016385114
8;random;ssa;5.716723317;;0.048;.414;0.0351769567303275
7;random;SMA;6.367343973;;0.027;.366;0.0385801680617862
14;random;ssa;6.536936950;;0.053;.865;0.0656320663227048
9;random;seadec;7.559572671;;0.007;.421;0.0200366493973128
17;random;seadec;11.658711070;;0.033;1.044;0.0200421445003984
18;random;ssa;11.999863729;;0.017;1.061;0.0463158279553995
0;random;SMA;.730892643;;0.038;.038;0.0423559013427496
0;random;SMA;1.058626042;;0.038;.038;0.0423559013427496
1;random;ssa;1.141559082;;0.059;.097;0.0351994025147571
3;random;SMA;1.175722923;;0.007;.111;0.0427559244477954
4;random;ssa;1.638263719;;0.022;.133;0.034465109395276
9;random;seadec;1.202481755;;0.007;.421;0.0200366493973128
5;random;ssa;1.938283740;;0.145;.278;0.0450325086617828
6;random;ssa;1.969286810;;0.061;.339;0.0360930160445306
10;random;ssa;1.544927437;;0.07;.491;0.0650104625049824
13;random;SMA;.988395784;;0.221;.812;0.0385801680617862
11;random;ssa;1.434429645;;0.038;.529;0.0369276456170677
12;random;ssa;1.301973672;;0.062;.591;0.0351994025147571
15;random;SMA;.938323076;;0.052;.917;0.0044156703260322
2;random;seadec;3.381932465;;0.007;.104;0.0196202016385114
19;random;ssa;.893152335;;0.029;1.090;0.0369276456170677
16;random;ssa;1.680509782;;0.094;1.011;0.0354027676498525
8;random;ssa;3.381057868;;0.048;.414;0.0351769567303275
7;random;SMA;4.159011327;;0.027;.366;0.0385801680617862
14;random;ssa;3.436556002;;0.053;.865;0.0656320663227048
17;random;seadec;4.412163044;;0.033;1.044;0.0200421445003984
18;random;ssa;8.552798157;;0.017;1.061;0.0463158279553995
0;random;SMA;.974469084;;0.038;.038;0.0423559013427496
1;random;ssa;1.155658941;;0.059;.097;0.0351994025147571
3;random;SMA;1.147532094;;0.007;.111;0.0427559244477954
4;random;ssa;1.476256450;;0.022;.133;0.034465109395276
5;random;ssa;1.836630982;;0.145;.278;0.0450325086617828
9;random;seadec;.949032110;;0.007;.421;0.0200366493973128
6;random;ssa;1.614483225;;0.061;.339;0.0360930160445306
10;random;ssa;1.288351057;;0.07;.491;0.0650104625049824
11;random;ssa;1.237688136;;0.038;.529;0.0369276456170677
13;random;SMA;.909093721;;0.221;.812;0.0385801680617862
12;random;ssa;1.330764205;;0.062;.591;0.0351994025147571
15;random;SMA;.912563154;;0.052;.917;0.0044156703260322
2;random;seadec;3.930914078;;0.007;.104;0.0196202016385114
16;random;ssa;1.118233956;;0.094;1.011;0.0354027676498525
17;random;seadec;.952764428;;0.033;1.044;0.0200421445003984
19;random;ssa;.895144167;;0.029;1.090;0.0369276456170677
8;random;ssa;3.037890042;;0.048;.414;0.0351769567303275
7;random;SMA;4.423109349;;0.027;.366;0.0385801680617862
14;random;ssa;3.500949753;;0.053;.865;0.0656320663227048
18;random;ssa;7.894408275;;0.017;1.061;0.0463158279553995
0;random;SMA;1.117910111;;0.038;.038;0.0423559013427496
1;random;ssa;1.132814597;;0.059;.097;0.0351994025147571
3;random;SMA;1.107898508;;0.007;.111;0.0427559244477954
4;random;ssa;1.695495934;;0.022;.133;0.034465109395276
5;random;ssa;1.958026161;;0.145;.278;0.0450325086617828
6;random;ssa;1.902714319;;0.061;.339;0.0360930160445306
11;random;ssa;1.410713836;;0.038;.529;0.0369276456170677
13;random;SMA;.969173035;;0.221;.812;0.0385801680617862
10;random;ssa;1.589595482;;0.07;.491;0.0650104625049824
12;random;ssa;1.368125126;;0.062;.591;0.0351994025147571
15;random;SMA;.942829668;;0.052;.917;0.0044156703260322
17;random;seadec;1.088617308;;0.033;1.044;0.0200421445003984
19;random;ssa;1.039062076;;0.029;1.090;0.0369276456170677
16;random;ssa;1.631726140;;0.094;1.011;0.0354027676498525
2;random;seadec;3.781789932;;0.007;.104;0.0196202016385114
8;random;ssa;3.322333691;;0.048;.414;0.0351769567303275
9;random;seadec;3.385015628;;0.007;.421;0.0200366493973128
7;random;SMA;3.937416320;;0.027;.366;0.0385801680617862
14;random;ssa;3.854796925;;0.053;.865;0.0656320663227048
18;random;ssa;8.729913783;;0.017;1.061;0.0463158279553995
0;random;SMA;.992991140;;0.038;.038;0.0423559013427496
1;random;ssa;1.069381967;;0.059;.097;0.0351994025147571
3;random;SMA;1.246900952;;0.007;.111;0.0427559244477954
4;random;ssa;1.722099978;;0.022;.133;0.034465109395276
13;random;SMA;.973623414;;0.221;.812;0.0385801680617862
11;random;ssa;1.445086152;;0.038;.529;0.0369276456170677
6;random;ssa;2.011494158;;0.061;.339;0.0360930160445306
12;random;ssa;1.361571664;;0.062;.591;0.0351994025147571
10;random;ssa;1.701808927;;0.07;.491;0.0650104625049824
5;random;ssa;2.358444471;;0.145;.278;0.0450325086617828
15;random;SMA;.967588388;;0.052;.917;0.0044156703260322
16;random;ssa;1.472195766;;0.094;1.011;0.0354027676498525
19;random;ssa;.912240599;;0.029;1.090;0.0369276456170677
7;random;SMA;2.994671268;;0.027;.366;0.0385801680617862
2;random;seadec;4.098582255;;0.007;.104;0.0196202016385114
14;random;ssa;4.055067666;;0.053;.865;0.0656320663227048
8;random;ssa;4.930885878;;0.048;.414;0.0351769567303275
9;random;seadec;4.998694335;;0.007;.421;0.0200366493973128
17;random;seadec;6.480773676;;0.033;1.044;0.0200421445003984
18;random;ssa;10.035789267;;0.017;1.061;0.0463158279553995
0;random;SMA;1.047424890;;0.038;.038;0.0423559013427496
2;random;ssa;1.343382512;;0.007;.104;0.0450325086617828
4;random;ssa;1.136386047;;0.022;.133;0.0650104625049824
6;random;SMA;.879810877;;0.061;.339;0.0044156703260322
8;random;ssa;1.076155521;;0.048;.414;0.0657184273159393
9;random;ssa;1.118976730;;0.007;.421;0.0650104625049824
11;random;ssa;1.165318207;;0.038;.529;0.0639327156526897
14;random;ssa;1.151863453;;0.053;.865;0.0657184273159393
18;random;SMA;.793657150;;0.017;1.061;0.0427559244477954
19;random;SMA;.720412439;;0.029;1.090;0.0303277073168743
17;random;ssa;1.202718400;;0.033;1.044;0.0464705153781347
7;random;ssa;2.832320452;;0.027;.366;0.0472776063296307
23;random;ssa;1.255495759;;0.028;1.283;0.0464705153781347
1;random;SMA;4.880046504;;0.059;.097;0.0303277073168743
22;random;seadec;1.826563225;;0.015;1.255;0.00929623085818988
29;random;ssa;1.090869129;;0.05;1.627;0.0482841409439691
30;random;ssa;1.130252085;;0.072;1.699;0.0351769567303275
32;random;ssa;1.051743854;;0.016;1.717;0.0650104625049824
31;random;SMA;1.662663543;;0.002;1.701;0.0427559244477954
36;random;ssa;1.762110163;;0.015;1.859;0.0650104625049824
34;random;ssa;2.025637213;;0.01;1.793;0.0468428353029938
38;random;ssa;1.985522063;;0.038;1.933;0.0462637861154206
40;random;ssa;1.843199260;;0.054;1.999;0.0189752485931269
45;random;ssa;1.000473875;;0.015;2.221;0.0189752485931269
3;random;ssa;7.367365342;;0.007;.111;0.0369276456170677
49;random;seadec;.904651345;;0.1;2.462;0.0194549251238626
41;random;SMA;2.625243392;;0.051;2.050;0.027678078136308
43;random;ssa;2.287192945;;0.063;2.178;0.0639327156526897
46;random;ssa;1.703632354;;0.065;2.286;0.0360930160445306
15;random;ssa;6.582082887;;0.052;.917;0.0369276456170677
5;random;ssa;9.058343397;;0.145;.278;0.0189752485931269
16;random;ssa;7.912819112;;0.094;1.011;0.0639327156526897
42;random;ssa;4.964309286;;0.065;2.115;0.0377148729094167
10;random;ssa;10.528270675;;0.07;.491;0.0360930160445306
12;random;ssa;10.638461628;;0.062;.591;0.0360930160445306
26;random;ssa;9.752874646;;0.029;1.320;0.0657184273159393
20;random;SMA;10.999935935;;0.118;1.208;0.0260920139484302
13;random;ssa;12.284993640;;0.221;.812;0.0657184273159393
25;random;ssa;12.001508971;;0.003;1.291;0.0450325086617828
24;random;SMA;12.327002776;;0.005;1.288;0.0044156703260322
35;random;seadec;11.263277733;;0.051;1.844;0.00853866866997741
21;random;ssa;13.420607437;;0.032;1.240;0.0377148729094167
47;random;SMA;10.486085467;;0.05;2.336;0.0044156703260322
28;random;SMA;13.585067872;;0.059;1.577;0.0044156703260322
27;random;SMA;14.621009244;;0.198;1.518;0.0423559013427496
37;random;SMA;13.902472812;;0.036;1.895;0.0262853423085934
39;random;ssa;13.856386759;;0.012;1.945;0.0450325086617828
33;random;seadec;15.290546223;;0.066;1.783;0.0196202016385114
48;random;seadec;13.901857332;;0.026;2.362;0.0194549251238626
44;random;SMA;15.252155765;;0.028;2.206;0.00572928357269349
0;random;SMA;.758599623;;0.038;.038;0.0423559013427496
6;random;SMA;.886598980;;0.061;.339;0.0044156703260322
2;random;ssa;1.589871950;;0.007;.104;0.0450325086617828
4;random;ssa;1.594963744;;0.022;.133;0.0650104625049824
9;random;ssa;1.029443226;;0.007;.421;0.0650104625049824
8;random;ssa;1.256628463;;0.048;.414;0.0657184273159393
11;random;ssa;1.027340456;;0.038;.529;0.0639327156526897
14;random;ssa;1.061628495;;0.053;.865;0.0657184273159393
18;random;SMA;.934486678;;0.017;1.061;0.0427559244477954
19;random;SMA;.913091733;;0.029;1.090;0.0303277073168743
17;random;ssa;1.170906213;;0.033;1.044;0.0464705153781347
23;random;ssa;1.376832105;;0.028;1.283;0.0464705153781347
29;random;ssa;1.145457891;;0.05;1.627;0.0482841409439691
30;random;ssa;1.177070506;;0.072;1.699;0.0351769567303275
32;random;ssa;1.112942088;;0.016;1.717;0.0650104625049824
34;random;ssa;1.759845561;;0.01;1.793;0.0468428353029938
36;random;ssa;1.695370383;;0.015;1.859;0.0650104625049824
1;random;SMA;6.997772122;;0.059;.097;0.0303277073168743
3;random;ssa;6.858669587;;0.007;.111;0.0369276456170677
45;random;ssa;1.024823250;;0.015;2.221;0.0189752485931269
40;random;ssa;1.741855599;;0.054;1.999;0.0189752485931269
38;random;ssa;2.014626250;;0.038;1.933;0.0462637861154206
49;random;seadec;.860772398;;0.1;2.462;0.0194549251238626
5;random;ssa;7.384073621;;0.145;.278;0.0189752485931269
41;random;SMA;2.443565982;;0.051;2.050;0.027678078136308
43;random;ssa;2.400346519;;0.063;2.178;0.0639327156526897
46;random;ssa;2.460604687;;0.065;2.286;0.0360930160445306
10;random;ssa;8.172371518;;0.07;.491;0.0360930160445306
16;random;ssa;7.340291373;;0.094;1.011;0.0639327156526897
12;random;ssa;8.604535868;;0.062;.591;0.0360930160445306
15;random;ssa;9.151319766;;0.052;.917;0.0369276456170677
13;random;ssa;9.550307544;;0.221;.812;0.0657184273159393
20;random;SMA;9.127745528;;0.118;1.208;0.0260920139484302
26;random;ssa;8.759231811;;0.029;1.320;0.0657184273159393
24;random;SMA;10.063584109;;0.005;1.288;0.0044156703260322
21;random;ssa;10.798848740;;0.032;1.240;0.0377148729094167
7;random;ssa;14.400612006;;0.027;.366;0.0472776063296307
28;random;SMA;11.216918372;;0.059;1.577;0.0044156703260322
27;random;SMA;11.583040341;;0.198;1.518;0.0423559013427496
22;random;seadec;12.735789293;;0.015;1.255;0.00929623085818988
37;random;SMA;11.631870873;;0.036;1.895;0.0262853423085934
31;random;SMA;12.722980481;;0.002;1.701;0.0427559244477954
33;random;seadec;12.522409029;;0.066;1.783;0.0196202016385114
25;random;ssa;14.066245434;;0.003;1.291;0.0450325086617828
48;random;seadec;12.082301881;;0.026;2.362;0.0194549251238626
39;random;ssa;13.209948082;;0.012;1.945;0.0450325086617828
35;random;seadec;13.637478619;;0.051;1.844;0.00853866866997741
44;random;SMA;13.091712326;;0.028;2.206;0.00572928357269349
47;random;SMA;13.453496909;;0.05;2.336;0.0044156703260322
42;random;ssa;15.595587201;;0.065;2.115;0.0377148729094167
0;random;SMA;1.193253056;;0.038;.038;0.0423559013427496
2;random;ssa;1.114571658;;0.007;.104;0.0351994025147571
5;random;SMA;.897130993;;0.145;.278;0.0303277073168743
9;random;SMA;.857498324;;0.007;.421;0.0294444332989678
1;random;ssa;1.660929685;;0.059;.097;0.0450325086617828
6;random;SMA;1.395652025;;0.061;.339;0.0427559244477954
8;random;ssa;1.473418030;;0.048;.414;0.034465109395276
4;random;seadec;2.478720516;;0.022;.133;0.0196202016385114
3;random;ssa;3.158986432;;0.007;.111;0.0656320663227048
7;random;SMA;3.992843046;;0.027;.366;0.00312822529954525
0;random;SMA;1.005729970;;0.038;.038;0.0423559013427496
2;random;ssa;1.074504015;;0.007;.104;0.0351994025147571
1;random;ssa;1.559667435;;0.059;.097;0.0450325086617828
6;random;SMA;1.123902568;;0.061;.339;0.0427559244477954
9;random;SMA;.847030878;;0.007;.421;0.0294444332989678
8;random;ssa;1.757790992;;0.048;.414;0.034465109395276
3;random;ssa;3.608247703;;0.007;.111;0.0656320663227048
4;random;seadec;3.867286013;;0.022;.133;0.0196202016385114
7;random;SMA;4.482017247;;0.027;.366;0.00312822529954525
5;random;SMA;4.971286297;;0.145;.278;0.0303277073168743
0;random;SMA;.999424024;;0.038;.038;0.0423559013427496
3;random;SMA;.961147248;;0.007;.111;0.0044156703260322
4;random;SMA;1.030910542;;0.022;.133;0.0427559244477954
2;random;ssa;1.254190284;;0.007;.104;0.0189752485931269
5;random;SMA;.915663790;;0.145;.278;0.0044156703260322
1;random;SMA;1.551925412;;0.059;.097;0.0260920139484302
7;random;ssa;1.499960207;;0.027;.366;0.0377148729094167
12;random;seadec;.973498606;;0.062;.591;0.0196202016385114
11;random;seadec;1.414040706;;0.038;.529;0.0194549251238626
9;random;SMA;1.734383517;;0.007;.421;0.0262853423085934
15;random;seadec;1.014001221;;0.052;.917;0.00929623085818988
16;random;seadec;1.046021509;;0.094;1.011;0.0240361194750053
14;random;ssa;1.426435743;;0.053;.865;0.0639327156526897
25;random;SMA;.673243751;;0.003;1.291;0.0262853423085934
18;random;seadec;1.253802551;;0.017;1.061;0.0200366493973128
6;random;ssa;2.669179834;;0.061;.339;0.0468428353029938
17;random;ssa;1.606692403;;0.033;1.044;0.0658004472335592
23;random;SMA;1.555778940;;0.028;1.283;0.0262853423085934
13;random;ssa;2.368360065;;0.221;.812;0.0377148729094167
30;random;ssa;.959243507;;0.072;1.699;0.0377148729094167
10;random;ssa;3.302130034;;0.07;.491;0.0351769567303275
21;random;ssa;2.062628189;;0.032;1.240;0.0450325086617828
20;random;ssa;2.346332187;;0.118;1.208;0.0482841409439691
34;random;seadec;1.195649483;;0.01;1.793;0.0200366493973128
38;random;SMA;.962112739;;0.038;1.933;0.0294444332989678
26;random;seadec;2.404898081;;0.029;1.320;0.0196202016385114
39;random;ssa;1.227536516;;0.012;1.945;0.0650104625049824
29;random;SMA;2.078274644;;0.05;1.627;0.0423559013427496
45;random;SMA;.998973460;;0.015;2.221;0.0303277073168743
46;random;SMA;1.142537713;;0.065;2.286;0.0262853423085934
8;random;ssa;4.900147181;;0.048;.414;0.0657184273159393
47;random;ssa;1.244412799;;0.05;2.336;0.0189752485931269
41;random;ssa;1.841571897;;0.051;2.050;0.0377148729094167
40;random;ssa;2.009733137;;0.054;1.999;0.034465109395276
35;random;ssa;2.666256727;;0.051;1.844;0.0472776063296307
28;random;ssa;3.750110911;;0.059;1.577;0.0472776063296307
36;random;SMA;3.158674200;;0.015;1.859;0.0400802183599336
52;random;ssa;1.598570179;;0.161;2.753;0.0650104625049824
63;random;SMA;.909751136;;0.079;3.129;0.0386866425310276
22;random;ssa;4.668689283;;0.015;1.255;0.0658004472335592
59;random;seadec;1.348473683;;0.039;2.979;0.0200366493973128
61;random;ssa;1.355586584;;0.055;3.038;0.0472776063296307
54;random;SMA;2.128965736;;0.03;2.811;0.00572928357269349
56;random;ssa;2.089945758;;0.01;2.870;0.0462637861154206
33;random;ssa;4.448564218;;0.066;1.783;0.0650104625049824
66;random;ssa;1.173874390;;0.137;3.530;0.0369276456170677
65;random;ssa;1.637241874;;0.022;3.393;0.034465109395276
44;random;seadec;4.101397545;;0.028;2.206;0.0240361194750053
71;random;seadec;.921053692;;0.116;3.875;0.0200366493973128
74;random;SMA;.830422159;;0.019;4.053;0.00572928357269349
42;random;ssa;4.666517928;;0.065;2.115;0.0472776063296307
75;random;SMA;1.140427873;;0.003;4.056;0.0260920139484302
78;random;seadec;1.188779653;;0.041;4.193;0.0196202016385114
81;random;SMA;1.022570234;;0.05;4.400;0.0386866425310276
82;random;ssa;1.115767828;;0.041;4.441;0.0650104625049824
84;random;SMA;1.061726176;;0.114;4.558;0.0400802183599336
57;random;seadec;4.426950823;;0.015;2.885;0.0196202016385114
85;random;ssa;1.174983908;;0.04;4.598;0.0377148729094167
19;random;ssa;8.116580318;;0.029;1.090;0.0377148729094167
51;random;SMA;5.366095974;;0.109;2.592;0.00572928357269349
86;random;ssa;1.345842254;;0.079;4.677;0.0656320663227048
48;random;ssa;5.791086415;;0.026;2.362;0.0657184273159393
89;random;SMA;.947808276;;0.105;4.911;0.0400802183599336
95;random;SMA;.692141146;;0.013;5.097;0.0303277073168743
92;random;SMA;.958143968;;0.052;5.037;0.0294444332989678
100;random;ssa;1.014140439;;0.095;5.249;0.0658004472335592
93;random;ssa;1.708679448;;0.013;5.050;0.0472776063296307
53;random;SMA;6.421756308;;0.028;2.781;0.0400802183599336
103;random;ssa;1.223657523;;0.019;5.316;0.034465109395276
98;random;ssa;1.726248810;;0.007;5.137;0.0369276456170677
96;random;ssa;1.884491221;;0.022;5.119;0.0377148729094167
58;random;SMA;6.354106723;;0.055;2.940;0.0044156703260322
99;random;ssa;1.770472740;;0.017;5.154;0.0657184273159393
107;random;SMA;.994497057;;0.115;5.638;0.0386866425310276
62;random;ssa;6.495325100;;0.012;3.050;0.0464705153781347
101;random;SMA;2.106580346;;0.026;5.275;0.0423559013427496
111;random;seadec;1.026902939;;0.092;5.875;0.00853866866997741
106;random;seadec;1.785980258;;0.01;5.523;0.0200421445003984
115;random;SMA;1.125165948;;0.036;5.990;0.00572928357269349
110;random;ssa;1.709462254;;0.079;5.783;0.0650104625049824
116;random;seadec;1.350677898;;0.022;6.012;0.0196202016385114
119;random;SMA;1.220428454;;0.015;6.041;0.0303277073168743
118;random;ssa;1.368593805;;0.011;6.026;0.0369276456170677
27;random;ssa;10.831271547;;0.198;1.518;0.0464705153781347
24;random;ssa;11.276409159;;0.005;1.288;0.034465109395276
117;random;SMA;1.850717508;;0.003;6.015;0.027678078136308
114;random;ssa;2.089094881;;0.071;5.954;0.0468428353029938
121;random;ssa;1.630852478;;0.037;6.090;0.0369276456170677
69;random;SMA;6.938534505;;0.042;3.670;0.0294444332989678
67;random;ssa;7.185537206;;0.057;3.587;0.0482841409439691
124;random;SMA;1.609971091;;0.001;6.225;0.0303277073168743
64;random;ssa;8.126320842;;0.242;3.371;0.0658004472335592
132;random;SMA;.964444325;;0.019;6.625;0.0400802183599336
31;random;seadec;11.642290860;;0.002;1.701;0.0240361194750053
123;random;ssa;2.119043270;;0.049;6.224;0.0468428353029938
139;random;SMA;.943634267;;0.039;6.850;0.00312822529954525
141;random;seadec;.967920188;;0.051;6.927;0.0200421445003984
126;random;ssa;2.299847506;;0.163;6.397;0.0656320663227048
76;random;SMA;7.606535696;;0.018;4.074;0.0260920139484302
73;random;SMA;7.953134201;;0.014;4.034;0.0423559013427496
145;random;seadec;.966563751;;0.04;7.150;0.0200421445003984
37;random;seadec;12.192226568;;0.036;1.895;0.00929623085818988
128;random;ssa;2.671405907;;0.005;6.470;0.0354027676498525
143;random;ssa;1.415750858;;0.059;7.099;0.0351994025147571
70;random;ssa;8.834483728;;0.089;3.759;0.0189752485931269
148;random;ssa;1.130945699;;0.085;7.284;0.0189752485931269
122;random;ssa;3.675603949;;0.085;6.175;0.0468428353029938
131;random;ssa;3.018477427;;0.063;6.606;0.0464705153781347
149;random;ssa;1.183308633;;0.106;7.390;0.0351994025147571
32;random;ssa;13.755802321;;0.016;1.717;0.0351994025147571
134;random;SMA;3.375488659;;0.005;6.649;0.0294444332989678
133;random;ssa;3.680992085;;0.019;6.644;0.0360930160445306
79;random;SMA;9.001074753;;0.138;4.331;0.0427559244477954
130;random;SMA;4.127196786;;0.013;6.543;0.0260920139484302
146;random;SMA;2.805232887;;0.029;7.179;0.0303277073168743
77;random;SMA;9.812673972;;0.078;4.152;0.0294444332989678
163;random;SMA;.893799962;;0.072;8.198;0.0386866425310276
157;random;seadec;1.718457443;;0.036;7.916;0.0240361194750053
87;random;seadec;9.847525480;;0.062;4.739;0.00853866866997741
90;random;ssa;9.383755085;;0.052;4.963;0.0354027676498525
154;random;ssa;3.157422139;;0.096;7.752;0.0377148729094167
166;random;ssa;1.839741382;;0.133;8.416;0.0656320663227048
144;random;ssa;4.813695390;;0.011;7.110;0.0463158279553995
170;random;SMA;1.314456124;;0.048;8.717;0.00572928357269349
173;random;ssa;1.020265265;;0.109;8.947;0.0482841409439691
80;random;ssa;11.528708595;;0.019;4.350;0.0656320663227048
43;random;ssa;15.730508854;;0.063;2.178;0.0482841409439691
167;random;seadec;2.419295043;;0.106;8.522;0.0200421445003984
159;random;SMA;3.936664374;;0.002;7.921;0.027678078136308
109;random;SMA;9.137227101;;0.038;5.704;0.0385801680617862
50;random;SMA;16.113834657;;0.021;2.483;0.0262853423085934
182;random;SMA;1.271611579;;0.016;9.345;0.0044156703260322
175;random;ssa;2.091519791;;0.076;9.088;0.0482841409439691
187;random;seadec;.956962814;;0.026;9.549;0.00929623085818988
189;random;seadec;.995432673;;0.116;9.675;0.0240361194750053
188;random;ssa;1.616143015;;0.01;9.559;0.0472776063296307
60;random;SMA;16.129215645;;0.004;2.983;0.00312822529954525
91;random;ssa;12.411299009;;0.022;4.985;0.034465109395276
191;random;SMA;1.335338915;;0.04;9.772;0.0303277073168743
190;random;ssa;1.560839196;;0.057;9.732;0.0468428353029938
137;random;SMA;8.401256273;;0.005;6.707;0.0262853423085934
179;random;ssa;2.733567544;;0.038;9.279;0.0482841409439691
102;random;ssa;11.827030860;;0.022;5.297;0.0351994025147571
194;random;SMA;1.351132184;;0.018;9.858;0.0044156703260322
192;random;SMA;1.677738082;;0.006;9.778;0.0400802183599336
49;random;ssa;17.807416054;;0.1;2.462;0.0464705153781347
174;random;ssa;3.901339719;;0.065;9.012;0.0468428353029938
185;random;ssa;2.762505842;;0.027;9.485;0.0351769567303275
193;random;ssa;1.984532901;;0.062;9.840;0.0472776063296307
72;random;SMA;15.296662629;;0.145;4.020;0.0294444332989678
108;random;seadec;11.923350775;;0.028;5.666;0.0200421445003984
186;random;SMA;3.371575939;;0.038;9.523;0.0427559244477954
210;random;ssa;1.079697102;;0.008;10.382;0.0482841409439691
55;random;SMA;18.080706489;;0.049;2.860;0.0262853423085934
120;random;seadec;11.412305230;;0.012;6.053;0.00929623085818988
216;random;seadec;.922686090;;0.033;10.603;0.0196202016385114
88;random;seadec;14.594690955;;0.067;4.806;0.0200421445003984
184;random;SMA;3.906572464;;0.066;9.458;0.00572928357269349
212;random;ssa;1.514078411;;0.051;10.502;0.0656320663227048
147;random;ssa;9.761676000;;0.02;7.199;0.0463158279553995
218;random;ssa;1.319667958;;0.077;10.789;0.0468428353029938
220;random;SMA;1.287966762;;0.054;10.848;0.00572928357269349
97;random;SMA;14.829117028;;0.011;5.130;0.0386866425310276
225;random;SMA;.943701810;;0.016;11.060;0.0385801680617862
197;random;SMA;3.815158737;;0.023;9.961;0.0385801680617862
219;random;ssa;1.872216557;;0.005;10.794;0.0360930160445306
224;random;SMA;1.423062387;;0.078;11.044;0.0303277073168743
226;random;ssa;1.248085426;;0.093;11.153;0.0354027676498525
230;random;seadec;.963336193;;0.028;11.293;0.00853866866997741
138;random;ssa;11.899205343;;0.104;6.811;0.0650104625049824
105;random;SMA;14.993089893;;0.135;5.513;0.0262853423085934
228;random;seadec;1.823196536;;0.022;11.206;0.0194549251238626
68;random;ssa;19.159905882;;0.041;3.628;0.0482841409439691
234;random;ssa;1.107861250;;0.029;11.588;0.0656320663227048
221;random;seadec;2.711365483;;0.016;10.864;0.0194549251238626
227;random;seadec;2.213816289;;0.031;11.184;0.00929623085818988
239;random;seadec;1.025707535;;0.052;11.758;0.0200366493973128
156;random;ssa;10.423164956;;0.092;7.880;0.0639327156526897
113;random;seadec;15.108766638;;0.006;5.883;0.0194549251238626
243;random;seadec;.938000740;;0.122;12.077;0.0200421445003984
231;random;ssa;2.245978891;;0.229;11.522;0.0482841409439691
244;random;SMA;.966788964;;0.029;12.106;0.0427559244477954
241;random;SMA;1.733870577;;0.054;11.889;0.0400802183599336
247;random;SMA;.950570852;;0.138;12.251;0.0303277073168743
229;random;SMA;3.126476903;;0.059;11.265;0.0400802183599336
150;random;seadec;12.116097043;;0.025;7.415;0.00853866866997741
129;random;SMA;14.712490146;;0.06;6.530;0.0262853423085934
254;random;SMA;.912152412;;0.011;12.567;0.027678078136308
238;random;ssa;2.723534868;;0.032;11.706;0.0463158279553995
162;random;seadec;11.509235949;;0.081;8.126;0.0194549251238626
257;random;seadec;.904407957;;0.058;12.732;0.0194549251238626
253;random;seadec;1.508688163;;0;12.556;0.0240361194750053
140;random;SMA;14.843021752;;0.026;6.876;0.0400802183599336
160;random;SMA;12.473942711;;0.075;7.996;0.0303277073168743
256;random;ssa;1.761888226;;0.069;12.674;0.0639327156526897
262;random;ssa;1.365050752;;0.002;12.995;0.0656320663227048
264;random;ssa;1.353453083;;0.037;13.067;0.0482841409439691
267;random;ssa;1.274998314;;0.014;13.138;0.0657184273159393
152;random;SMA;14.336113610;;0.087;7.514;0.0044156703260322
258;random;ssa;2.356267160;;0.002;12.734;0.0377148729094167
265;random;seadec;1.564345773;;0.006;13.073;0.00929623085818988
168;random;SMA;12.326220431;;0.017;8.539;0.027678078136308
261;random;ssa;2.031560743;;0.159;12.993;0.0468428353029938
269;random;ssa;1.304038042;;0.052;13.302;0.0468428353029938
276;random;SMA;.917116821;;0.196;14.037;0.0427559244477954
277;random;SMA;.910770319;;0.006;14.043;0.0294444332989678
273;random;seadec;1.948422748;;0;13.429;0.00929623085818988
125;random;ssa;18.453927260;;0.009;6.234;0.0472776063296307
271;random;ssa;2.074721763;;0.081;13.409;0.0462637861154206
164;random;ssa;14.148306151;;0.074;8.272;0.0650104625049824
283;random;SMA;.921727551;;0.016;14.382;0.00572928357269349
286;random;seadec;.959341158;;0;14.449;0.0240361194750053
275;random;ssa;2.219102648;;0.317;13.841;0.0464705153781347
274;random;ssa;2.616986385;;0.095;13.524;0.034465109395276
176;random;ssa;12.911885432;;0.097;9.185;0.0482841409439691
284;random;ssa;1.282413224;;0.049;14.431;0.0639327156526897
278;random;SMA;2.226531106;;0.064;14.107;0.00312822529954525
294;random;SMA;1.039667978;;0.033;14.706;0.0400802183599336
292;random;ssa;1.329074876;;0.052;14.659;0.0639327156526897
169;random;SMA;14.859174077;;0.13;8.669;0.0303277073168743
279;random;ssa;2.684814370;;0.05;14.157;0.0369276456170677
290;random;SMA;1.909837778;;0.015;14.603;0.0385801680617862
296;random;ssa;1.802264902;;0.054;14.781;0.0639327156526897
180;random;SMA;14.276693796;;0.038;9.317;0.0294444332989678
299;random;ssa;1.607843647;;0.026;14.940;0.0468428353029938
83;random;ssa;25.419211275;;0.003;4.444;0.0463158279553995
289;random;ssa;2.696128407;;0.094;14.588;0.0377148729094167
303;random;ssa;1.254534899;;0.052;15.301;0.034465109395276
302;random;ssa;1.428435221;;0.105;15.249;0.0462637861154206
135;random;ssa;20.630844843;;0.045;6.694;0.0482841409439691
293;random;ssa;2.905670890;;0.014;14.673;0.0464705153781347
94;random;SMA;25.103538171;;0.034;5.084;0.027678078136308
295;random;ssa;3.226527893;;0.021;14.727;0.0650104625049824
142;random;seadec;20.843990148;;0.113;7.040;0.0200421445003984
300;random;ssa;2.927835284;;0.021;14.961;0.0351769567303275
177;random;ssa;16.176324811;;0.034;9.219;0.0468428353029938
183;random;SMA;15.692197434;;0.047;9.392;0.0262853423085934
297;random;ssa;3.898738387;;0.071;14.852;0.0377148729094167
153;random;SMA;20.475870233;;0.142;7.656;0.00572928357269349
308;random;SMA;2.837692704;;0.098;15.575;0.0386866425310276
321;random;ssa;1.498704381;;0.023;16.259;0.0658004472335592
329;random;seadec;1.010103662;;0.003;16.527;0.0240361194750053
304;random;ssa;3.433563065;;0.089;15.390;0.0351994025147571
325;random;seadec;1.447558419;;0.005;16.327;0.0200366493973128
326;random;ssa;1.375905196;;0.035;16.362;0.0657184273159393
331;random;ssa;1.205709206;;0.066;16.610;0.0189752485931269
181;random;SMA;17.476561520;;0.012;9.329;0.0262853423085934
322;random;SMA;2.308218968;;0.008;16.267;0.0427559244477954
161;random;seadec;20.439675985;;0.049;8.045;0.0200366493973128
335;random;SMA;1.563358445;;0.001;16.723;0.0262853423085934
340;random;ssa;1.187202157;;0.019;16.938;0.0482841409439691
333;random;ssa;1.881367207;;0.024;16.668;0.0377148729094167
198;random;ssa;16.747944894;;0.037;9.998;0.0468428353029938
158;random;ssa;21.667815257;;0.003;7.919;0.0468428353029938
339;random;ssa;1.860994082;;0.003;16.919;0.0351994025147571
334;random;ssa;2.304250144;;0.054;16.722;0.0360930160445306
195;random;SMA;17.710677189;;0.039;9.897;0.027678078136308
348;random;ssa;1.548347526;;0.004;17.275;0.0463158279553995
349;random;SMA;1.492093464;;0.054;17.329;0.0303277073168743
171;random;SMA;20.828955240;;0.09;8.807;0.0303277073168743
337;random;ssa;3.023952201;;0.068;16.801;0.0450325086617828
353;random;ssa;1.414514930;;0.066;17.423;0.0369276456170677
354;random;ssa;1.597370504;;0.08;17.503;0.0472776063296307
355;random;ssa;1.622615419;;0.053;17.556;0.0472776063296307
364;random;seadec;.976921163;;0.048;17.952;0.0200421445003984
172;random;ssa;21.443054751;;0.031;8.838;0.0650104625049824
344;random;ssa;2.957036917;;0.063;17.156;0.0189752485931269
362;random;SMA;1.441213982;;0.036;17.891;0.0262853423085934
358;random;ssa;1.884198201;;0.004;17.719;0.0450325086617828
366;random;ssa;1.367822642;;0.033;18.032;0.0656320663227048
199;random;SMA;19.150396326;;0.003;10.001;0.0044156703260322
373;random;seadec;.943914867;;0.029;18.351;0.0194549251238626
200;random;ssa;19.244663574;;0.004;10.005;0.0462637861154206
375;random;seadec;.927437280;;0.019;18.440;0.00853866866997741
350;random;ssa;3.356033592;;0.003;17.332;0.034465109395276
204;random;seadec;18.986306259;;0.009;10.139;0.0200421445003984
104;random;ssa;30.712132909;;0.062;5.378;0.0464705153781347
370;random;seadec;2.085655687;;0.017;18.212;0.0194549251238626
378;random;seadec;1.239745452;;0.063;18.583;0.00929623085818988
361;random;ssa;2.923313094;;0.012;17.855;0.0377148729094167
380;random;ssa;1.043205206;;0.13;18.720;0.0189752485931269
112;random;seadec;30.621514106;;0.002;5.877;0.00853866866997741
202;random;SMA;20.685386170;;0.034;10.090;0.00312822529954525
387;random;SMA;1.065023822;;0.007;19.031;0.0260920139484302
385;random;ssa;1.426021240;;0.151;19.015;0.0369276456170677
363;random;ssa;4.041481542;;0.013;17.904;0.0657184273159393
393;random;seadec;.996450072;;0;19.113;0.00853866866997741
201;random;ssa;21.280170042;;0.051;10.056;0.0360930160445306
391;random;ssa;1.245898174;;0.033;19.110;0.0354027676498525
394;random;ssa;1.181810077;;0.069;19.182;0.0351769567303275
127;random;seadec;30.389305230;;0.068;6.465;0.0240361194750053
392;random;ssa;1.747569333;;0.003;19.113;0.0650104625049824
371;random;ssa;4.185227128;;0.01;18.222;0.0450325086617828
386;random;SMA;2.857679961;;0.009;19.024;0.0423559013427496
409;random;SMA;.943283262;;0.086;19.869;0.0423559013427496
214;random;ssa;21.676465886;;0.054;10.562;0.0354027676498525
205;random;ssa;22.510152646;;0.034;10.173;0.0639327156526897
203;random;seadec;22.686053030;;0.04;10.130;0.0200366493973128
408;random;ssa;1.253963757;;0.054;19.783;0.034465109395276
396;random;ssa;2.345799921;;0.114;19.353;0.0639327156526897
413;random;SMA;.941301005;;0.015;19.943;0.00572928357269349
232;random;seadec;20.620324552;;0.012;11.534;0.0240361194750053
388;random;ssa;4.089867289;;0.017;19.048;0.0462637861154206
403;random;ssa;2.912934147;;0.035;19.568;0.0468428353029938
418;random;ssa;1.344541652;;0.039;20.191;0.0189752485931269
421;random;SMA;.939583197;;0.069;20.374;0.0303277073168743
416;random;ssa;1.624852956;;0.021;20.130;0.0450325086617828
395;random;ssa;4.042299226;;0.057;19.239;0.034465109395276
424;random;SMA;.987781556;;0.01;20.665;0.00572928357269349
240;random;seadec;20.884451961;;0.077;11.835;0.0200421445003984
407;random;ssa;3.335773602;;0.01;19.729;0.0377148729094167
208;random;ssa;24.410919701;;0.02;10.324;0.0656320663227048
209;random;ssa;24.694375688;;0.05;10.374;0.0472776063296307
397;random;seadec;4.691960620;;0.028;19.381;0.0196202016385114
417;random;SMA;2.746976121;;0.022;20.152;0.0427559244477954
196;random;ssa;26.060013661;;0.041;9.938;0.0468428353029938
437;random;seadec;.901714970;;0.054;21.395;0.00929623085818988
405;random;ssa;4.927320494;;0.001;19.687;0.0482841409439691
414;random;seadec;4.244209049;;0.113;20.056;0.00853866866997741
438;random;SMA;1.476094538;;0.004;21.399;0.00312822529954525
434;random;ssa;2.152512408;;0.033;21.061;0.0464705153781347
213;random;SMA;25.992764360;;0.006;10.508;0.0260920139484302
211;random;ssa;26.310403023;;0.069;10.451;0.0650104625049824
448;random;ssa;1.222141926;;0.028;21.861;0.0189752485931269
445;random;ssa;1.513910845;;0.039;21.707;0.0450325086617828
250;random;ssa;22.259966535;;0.172;12.477;0.0472776063296307
453;random;SMA;.957945532;;0.023;22.065;0.0400802183599336
425;random;seadec;3.995134827;;0.009;20.674;0.0196202016385114
436;random;SMA;2.667913211;;0.157;21.341;0.0044156703260322
454;random;ssa;1.222786845;;0.017;22.082;0.0657184273159393
136;random;ssa;36.106411514;;0.008;6.702;0.0450325086617828
458;random;SMA;.943704360;;0.103;22.394;0.0262853423085934
444;random;ssa;2.760025512;;0.018;21.668;0.0369276456170677
217;random;SMA;27.201453698;;0.109;10.712;0.0386866425310276
442;random;ssa;3.105665752;;0.061;21.611;0.0450325086617828
215;random;SMA;27.672811426;;0.008;10.570;0.0260920139484302
443;random;SMA;3.388211974;;0.039;21.650;0.0427559244477954
151;random;SMA;35.337179158;;0.012;7.427;0.0303277073168743
207;random;ssa;28.876853824;;0.02;10.304;0.0354027676498525
472;random;seadec;.896140471;;0.018;22.976;0.0200421445003984
440;random;ssa;4.553519858;;0.039;21.449;0.0463158279553995
468;random;SMA;1.267571164;;0.054;22.893;0.0260920139484302
475;random;SMA;.908283464;;0.055;23.086;0.0044156703260322
155;random;SMA;35.796902996;;0.036;7.788;0.0385801680617862
237;random;SMA;26.749897408;;0.02;11.674;0.0400802183599336
235;random;SMA;27.116309512;;0.021;11.609;0.0400802183599336
450;random;ssa;4.237892113;;0.006;21.950;0.0360930160445306
481;random;seadec;.957853873;;0.054;23.301;0.0200366493973128
482;random;SMA;.933588018;;0.005;23.306;0.00572928357269349
484;random;seadec;.966486259;;0.032;23.362;0.0240361194750053
459;random;ssa;3.324514887;;0.016;22.410;0.0472776063296307
447;random;seadec;4.978195907;;0.085;21.833;0.00929623085818988
479;random;seadec;1.722876826;;0.008;23.225;0.0200421445003984
490;random;ssa;1.170739878;;0.027;23.537;0.034465109395276
268;random;ssa;24.541482429;;0.112;13.250;0.0377148729094167
494;random;SMA;.931118784;;0.018;23.743;0.00572928357269349
496;random;ssa;1.101199895;;0.036;23.784;0.0656320663227048
242;random;seadec;28.065603537;;0.066;11.955;0.0200366493973128
245;random;ssa;27.863908227;;0.003;12.109;0.0658004472335592
471;random;ssa;3.627029837;;0.039;22.958;0.0639327156526897
503;random;seadec;.933699327;;0.07;23.970;0.0196202016385114
498;random;SMA;1.410854532;;0.022;23.820;0.0386866425310276
474;random;ssa;3.564590592;;0.001;23.031;0.0360930160445306
223;random;ssa;30.711706551;;0.055;10.966;0.0351994025147571
469;random;ssa;4.247888681;;0.001;22.894;0.0354027676498525
508;random;SMA;.896388165;;0.037;24.338;0.0386866425310276
165;random;ssa;37.638055364;;0.011;8.283;0.0482841409439691
507;random;seadec;1.607576191;;0.064;24.301;0.0196202016385114
236;random;seadec;30.219279561;;0.045;11.654;0.0196202016385114
492;random;seadec;3.401871323;;0.008;23.610;0.0240361194750053
246;random;SMA;29.343696224;;0.004;12.113;0.0423559013427496
517;random;SMA;.903882032;;0.008;24.890;0.027678078136308
488;random;ssa;4.007923350;;0.023;23.490;0.0657184273159393
486;random;seadec;4.182670332;;0.058;23.421;0.00853866866997741
518;random;ssa;1.148334678;;0.051;24.941;0.0351994025147571
251;random;ssa;29.264989973;;0.036;12.513;0.0482841409439691
249;random;SMA;29.727362893;;0.024;12.305;0.00312822529954525
501;random;seadec;3.550452328;;0.001;23.878;0.0194549251238626
505;random;SMA;3.188608541;;0.144;24.133;0.0044156703260322
521;random;ssa;1.061041475;;0.123;25.500;0.0189752485931269
523;random;SMA;.910022802;;0.052;25.794;0.0400802183599336
266;random;SMA;28.890264402;;0.051;13.124;0.0400802183599336
500;random;ssa;4.538853452;;0.002;23.877;0.0462637861154206
525;random;seadec;1.155291122;;0.219;26.118;0.0196202016385114
281;random;ssa;27.063352550;;0.158;14.350;0.0377148729094167
527;random;SMA;.955302196;;0.033;26.235;0.0423559013427496
252;random;ssa;30.808495383;;0.043;12.556;0.0351769567303275
255;random;seadec;30.622660092;;0.038;12.605;0.00929623085818988
522;random;ssa;2.211228751;;0.242;25.742;0.0656320663227048
530;random;seadec;.966029075;;0.095;26.396;0.0240361194750053
526;random;ssa;1.450154466;;0.084;26.202;0.0462637861154206
529;random;ssa;1.346010322;;0.039;26.301;0.0463158279553995
280;random;seadec;27.908688908;;0.035;14.192;0.0200366493973128
531;random;seadec;1.323632541;;0.071;26.467;0.0194549251238626
178;random;ssa;39.677632966;;0.022;9.241;0.0369276456170677
533;random;seadec;1.310470302;;0.112;26.658;0.0200366493973128
520;random;ssa;3.805330769;;0.107;25.377;0.0657184273159393
534;random;SMA;1.355943770;;0.157;26.815;0.0427559244477954
285;random;seadec;28.422211159;;0.018;14.449;0.00929623085818988
259;random;SMA;31.848208212;;0.013;12.747;0.0385801680617862
263;random;SMA;31.253338900;;0.035;13.030;0.00572928357269349
539;random;seadec;.925736808;;0.181;27.153;0.0194549251238626
537;random;ssa;2.031722405;;0.019;26.865;0.0658004472335592
291;random;SMA;29.027069801;;0.004;14.607;0.0044156703260322
538;random;ssa;2.005432822;;0.107;26.972;0.0189752485931269
532;random;SMA;3.022362568;;0.079;26.546;0.0386866425310276
287;random;ssa;29.703445937;;0.023;14.472;0.0650104625049824
548;random;SMA;1.371197650;;0.079;27.424;0.0303277073168743
270;random;SMA;32.201021490;;0.026;13.328;0.0262853423085934
301;random;SMA;28.612471487;;0.183;15.144;0.0294444332989678
553;random;ssa;1.209696297;;0.002;27.617;0.0450325086617828
309;random;SMA;27.746627555;;0.117;15.692;0.0303277073168743
549;random;seadec;1.795960664;;0.025;27.449;0.0240361194750053
559;random;seadec;.927706519;;0.009;27.808;0.0196202016385114
298;random;SMA;29.623449523;;0.062;14.914;0.0427559244477954
541;random;SMA;2.879163840;;0.02;27.213;0.00572928357269349
564;random;SMA;.907664155;;0.045;28.177;0.00312822529954525
550;random;ssa;2.517180490;;0.016;27.465;0.0650104625049824
552;random;SMA;2.322767155;;0.103;27.615;0.0262853423085934
314;random;seadec;28.325600840;;0.129;15.863;0.0200421445003984
567;random;SMA;.908730754;;0.04;28.318;0.027678078136308
306;random;SMA;29.598816321;;0.064;15.466;0.00572928357269349
307;random;SMA;29.539426898;;0.011;15.477;0.027678078136308
551;random;seadec;3.339375024;;0.047;27.512;0.00853866866997741
570;random;SMA;.887176379;;0.011;28.637;0.0385801680617862
557;random;ssa;2.943628837;;0.09;27.785;0.0650104625049824
558;random;seadec;2.974188829;;0.014;27.799;0.00853866866997741
565;random;SMA;2.221786262;;0.082;28.259;0.0400802183599336
577;random;SMA;.926518443;;0.05;28.905;0.0262853423085934
578;random;seadec;.942119562;;0.005;28.910;0.0240361194750053
562;random;SMA;3.036374036;;0.057;28.093;0.0427559244477954
581;random;ssa;1.386867688;;0.041;28.993;0.034465109395276
573;random;SMA;2.204503191;;0.074;28.761;0.0400802183599336
312;random;ssa;31.009251692;;0;15.721;0.0482841409439691
311;random;ssa;31.250030493;;0.023;15.721;0.034465109395276
591;random;SMA;.954535641;;0.015;29.267;0.0294444332989678
571;random;ssa;2.824414151;;0.02;28.657;0.0639327156526897
590;random;ssa;1.119494966;;0.034;29.252;0.0482841409439691
593;random;ssa;1.214531234;;0.01;29.280;0.0354027676498525
589;random;ssa;1.875556325;;0.008;29.218;0.0351769567303275
579;random;ssa;2.977825747;;0.028;28.938;0.0658004472335592
600;random;seadec;.938860916;;0.086;29.897;0.0194549251238626
601;random;SMA;.939935455;;0.026;29.923;0.0427559244477954
596;random;SMA;1.494985656;;0.266;29.656;0.0427559244477954
316;random;SMA;32.122814135;;0.032;16.063;0.0423559013427496
315;random;SMA;32.359922451;;0.168;16.031;0.00312822529954525
605;random;seadec;1.024425361;;0.021;30.038;0.00929623085818988
603;random;ssa;1.465810101;;0.039;29.964;0.0464705153781347
607;random;SMA;1.267541834;;0.046;30.093;0.0303277073168743
609;random;SMA;1.054064856;;0.098;30.206;0.00572928357269349
597;random;SMA;2.504962358;;0.032;29.688;0.0294444332989678
592;random;ssa;3.310525427;;0.003;29.270;0.0464705153781347
598;random;ssa;2.636655204;;0.089;29.777;0.0658004472335592
320;random;seadec;33.453800280;;0.053;16.236;0.00853866866997741
619;random;SMA;.949036903;;0.046;30.579;0.00572928357269349
615;random;ssa;1.406913130;;0;30.364;0.0482841409439691
318;random;SMA;33.814831394;;0.015;16.111;0.0385801680617862
613;random;ssa;1.781878054;;0.085;30.353;0.0468428353029938
611;random;ssa;2.134855238;;0.001;30.263;0.0650104625049824
620;random;ssa;1.265764670;;0.036;30.615;0.0369276456170677
622;random;SMA;1.851403966;;0.065;30.683;0.00572928357269349
604;random;ssa;3.940469270;;0.053;30.017;0.0464705153781347
614;random;ssa;2.783394099;;0.011;30.364;0.0464705153781347
618;random;ssa;2.436594705;;0.008;30.533;0.034465109395276
628;random;ssa;1.128831110;;0.134;31.116;0.0639327156526897
631;random;seadec;.944484210;;0.006;31.210;0.0240361194750053
330;random;SMA;34.375535087;;0.017;16.544;0.0294444332989678
626;random;seadec;1.982719866;;0.006;30.864;0.00929623085818988
633;random;ssa;1.122516805;;0.279;31.497;0.0482841409439691
324;random;ssa;35.569897871;;0.041;16.322;0.0472776063296307
636;random;SMA;.906543478;;0.018;31.592;0.0044156703260322
634;random;SMA;1.398041511;;0.012;31.509;0.0303277073168743
635;random;SMA;1.299901436;;0.065;31.574;0.0400802183599336
310;random;ssa;37.219308669;;0.006;15.698;0.0377148729094167
323;random;ssa;36.117198456;;0.014;16.281;0.0351994025147571
624;random;ssa;3.482127168;;0.025;30.793;0.0464705153781347
206;random;ssa;49.307576676;;0.111;10.284;0.0464705153781347
641;random;SMA;.960313129;;0.141;32.043;0.0386866425310276
317;random;SMA;37.502680859;;0.033;16.096;0.00312822529954525
647;random;SMA;.923416518;;0.045;32.302;0.00312822529954525
639;random;ssa;1.963236879;;0.058;31.888;0.0482841409439691
643;random;ssa;1.368355314;;0.032;32.095;0.034465109395276
642;random;ssa;1.510625678;;0.02;32.063;0.0657184273159393
338;random;SMA;35.969125651;;0.115;16.916;0.0400802183599336
640;random;SMA;1.980841486;;0.014;31.902;0.0294444332989678
222;random;SMA;48.800603082;;0.047;10.911;0.00312822529954525
342;random;ssa;35.765910634;;0.015;17.045;0.0464705153781347
649;random;ssa;1.486899470;;0.027;32.349;0.0472776063296307
327;random;seadec;37.798679556;;0.129;16.491;0.00853866866997741
644;random;ssa;2.173417779;;0.001;32.096;0.0360930160445306
651;random;SMA;1.330791426;;0.009;32.585;0.00572928357269349
638;random;ssa;3.171187292;;0.052;31.830;0.0482841409439691
653;random;ssa;1.268660907;;0.109;32.761;0.034465109395276
332;random;ssa;37.837375032;;0.034;16.644;0.0658004472335592
655;random;SMA;1.438939558;;0.008;32.838;0.00572928357269349
345;random;SMA;36.793115106;;0.078;17.234;0.00572928357269349
346;random;SMA;36.880349645;;0.025;17.259;0.0260920139484302
663;random;SMA;.901288955;;0.046;33.243;0.0386866425310276
336;random;SMA;38.216615372;;0.01;16.733;0.0423559013427496
652;random;ssa;2.325120110;;0.067;32.652;0.0656320663227048
657;random;seadec;1.773590705;;0.221;33.078;0.0194549251238626
646;random;SMA;3.396911030;;0.043;32.257;0.0262853423085934
343;random;SMA;37.869801863;;0.048;17.093;0.0044156703260322
665;random;ssa;1.509831989;;0.121;33.391;0.0462637861154206
347;random;SMA;37.932773108;;0.012;17.271;0.0303277073168743
673;random;SMA;.937806524;;0.041;33.661;0.0044156703260322
671;random;ssa;1.450850246;;0.004;33.554;0.0650104625049824
664;random;ssa;2.257301419;;0.027;33.270;0.0377148729094167
352;random;SMA;38.088496830;;0.021;17.357;0.0423559013427496
661;random;SMA;2.619644585;;0.046;33.173;0.0386866425310276
233;random;ssa;50.997604726;;0.025;11.559;0.0351994025147571
674;random;ssa;1.507711094;;0.016;33.677;0.0639327156526897
662;random;ssa;3.008560652;;0.024;33.197;0.0464705153781347
351;random;ssa;38.697416915;;0.004;17.336;0.0351994025147571
678;random;SMA;1.385723997;;0.042;33.903;0.0260920139484302
677;random;SMA;1.729990260;;0.083;33.861;0.0262853423085934
675;random;ssa;2.092939053;;0.032;33.709;0.0354027676498525
682;random;ssa;1.428309652;;0.002;34.049;0.0639327156526897
684;random;SMA;1.350843164;;0.04;34.138;0.0262853423085934
248;random;SMA;50.433741479;;0.03;12.281;0.027678078136308
359;random;ssa;38.966081848;;0.074;17.793;0.0482841409439691
367;random;SMA;38.376933823;;0.038;18.070;0.0260920139484302
683;random;ssa;2.039904313;;0.049;34.098;0.0657184273159393
688;random;seadec;1.322034172;;0.117;34.456;0.0194549251238626
685;random;seadec;1.949981413;;0.03;34.168;0.0200421445003984
686;random;ssa;1.808312036;;0.137;34.305;0.0360930160445306
357;random;seadec;39.693692164;;0.146;17.715;0.00853866866997741
360;random;ssa;39.611846813;;0.05;17.843;0.0657184273159393
368;random;SMA;39.301760039;;0.106;18.176;0.0262853423085934
694;random;seadec;1.580639385;;0.041;34.926;0.0196202016385114
693;random;seadec;1.747590835;;0.121;34.885;0.0194549251238626
692;random;ssa;1.988342603;;0.074;34.764;0.0377148729094167
701;random;ssa;1.218482241;;0.031;35.159;0.0369276456170677
703;random;seadec;1.206530266;;0.05;35.235;0.0200366493973128
372;random;SMA;39.516012630;;0.1;18.322;0.0400802183599336
704;random;ssa;1.191992292;;0.113;35.348;0.0656320663227048
369;random;SMA;40.254073168;;0.019;18.195;0.027678078136308
383;random;seadec;38.652292538;;0.025;18.851;0.0194549251238626
710;random;seadec;.924317530;;0.089;35.653;0.0240361194750053
706;random;seadec;1.461394630;;0.029;35.392;0.0200421445003984
705;random;SMA;1.558015234;;0.015;35.363;0.00572928357269349
260;random;ssa;51.982812706;;0.087;12.834;0.0657184273159393
711;random;ssa;1.524053870;;0.079;35.732;0.0450325086617828
715;random;seadec;.936060319;;0.028;36.056;0.00853866866997741
713;random;ssa;1.345374063;;0.178;35.921;0.0351769567303275
717;random;ssa;1.227124786;;0.051;36.114;0.0369276456170677
720;random;SMA;.895021250;;0.024;36.235;0.0294444332989678
374;random;SMA;41.438454472;;0.07;18.421;0.0260920139484302
722;random;SMA;.936404757;;0.024;36.282;0.00312822529954525
723;random;SMA;.898281855;;0.039;36.321;0.0400802183599336
376;random;ssa;41.416063958;;0.023;18.463;0.0360930160445306
724;random;SMA;.970317007;;0.024;36.345;0.0385801680617862
272;random;SMA;52.658325354;;0.02;13.429;0.0260920139484302
725;random;ssa;1.059384972;;0.108;36.453;0.0468428353029938
390;random;ssa;40.646644796;;0.002;19.077;0.0657184273159393
728;random;ssa;1.259774079;;0.001;36.562;0.0464705153781347
730;random;SMA;.894819956;;0.177;36.748;0.00312822529954525
734;random;SMA;.712985387;;0.073;36.921;0.0044156703260322
377;random;ssa;42.500264357;;0.057;18.520;0.0351994025147571
382;random;SMA;42.200559795;;0.009;18.826;0.027678078136308
282;random;seadec;52.381160857;;0.016;14.366;0.0194549251238626
735;random;ssa;1.032944264;;0.119;37.040;0.034465109395276
379;random;ssa;42.997793382;;0.007;18.590;0.0189752485931269
738;random;ssa;1.067904627;;0.183;37.289;0.0639327156526897
739;random;SMA;.955381071;;0.147;37.436;0.027678078136308
742;random;seadec;.670961112;;0.02;37.535;0.00929623085818988
743;random;seadec;.933073126;;0.064;37.599;0.00929623085818988
747;random;seadec;.730374562;;0.032;37.823;0.00853866866997741
402;random;seadec;42.065800273;;0.062;19.533;0.0196202016385114
401;random;ssa;42.291296610;;0.001;19.471;0.0658004472335592
748;random;ssa;1.061651705;;0.029;37.852;0.0468428353029938
398;random;seadec;42.608214098;;0.077;19.458;0.0200366493973128
751;random;SMA;.914806429;;0.074;38.058;0.0400802183599336
384;random;ssa;44.375575656;;0.013;18.864;0.0657184273159393
752;random;seadec;.925295624;;0.118;38.176;0.0200366493973128
411;random;SMA;42.168145221;;0.025;19.910;0.00572928357269349
756;random;SMA;1.083089032;;0.003;38.332;0.027678078136308
288;random;ssa;55.420520582;;0.022;14.494;0.0351994025147571
763;random;seadec;.946706408;;0.023;38.616;0.0200421445003984
761;random;ssa;1.262341868;;0.002;38.510;0.034465109395276
755;random;ssa;1.805032992;;0.001;38.329;0.0462637861154206
412;random;ssa;43.195726704;;0.018;19.928;0.0650104625049824
766;random;SMA;.953197222;;0.021;38.752;0.00572928357269349
767;random;SMA;.950626089;;0;38.752;0.00312822529954525
760;random;ssa;1.808990214;;0.083;38.508;0.0369276456170677
404;random;ssa;44.198825818;;0.118;19.686;0.0189752485931269
762;random;ssa;1.958950270;;0.083;38.593;0.0472776063296307
771;random;SMA;1.206120592;;0.037;38.897;0.00312822529954525
769;random;SMA;1.366514463;;0.024;38.834;0.00572928357269349
426;random;ssa;43.143329888;;0.012;20.686;0.0657184273159393
422;random;seadec;43.724820613;;0.027;20.401;0.0194549251238626
778;random;SMA;1.724000096;;0.035;39.148;0.00312822529954525
774;random;ssa;2.249793410;;0.037;38.988;0.0354027676498525
765;random;ssa;2.901561605;;0.03;38.731;0.0464705153781347
775;random;ssa;2.637864878;;0.03;39.018;0.0463158279553995
305;random;ssa;56.225922409;;0.012;15.402;0.0657184273159393
793;random;seadec;.935086917;;0.051;39.672;0.00929623085818988
791;random;ssa;1.175247418;;0.038;39.587;0.0189752485931269
419;random;ssa;45.059059809;;0.036;20.227;0.0360930160445306
399;random;ssa;47.094339331;;0.002;19.460;0.0369276456170677
794;random;SMA;.956326710;;0.099;39.771;0.0044156703260322
776;random;SMA;3.229323728;;0.036;39.054;0.0423559013427496
428;random;SMA;44.788894627;;0.005;20.727;0.00572928357269349
797;random;ssa;1.195669715;;0.113;39.989;0.0369276456170677
792;random;seadec;2.138519700;;0.034;39.621;0.0200421445003984
799;random;ssa;1.094683038;;0.035;40.174;0.0472776063296307
786;random;ssa;2.927431683;;0.019;39.335;0.0450325086617828
800;random;ssa;1.308985341;;0.059;40.233;0.0463158279553995
430;random;ssa;45.208474130;;0.17;20.922;0.0658004472335592
423;random;SMA;46.044039186;;0.254;20.655;0.00572928357269349
798;random;ssa;2.231729173;;0.15;40.139;0.0377148729094167
433;random;SMA;45.605194816;;0.041;21.028;0.0294444332989678
807;random;seadec;1.413731756;;0.044;40.437;0.0240361194750053
796;random;ssa;2.893477408;;0.086;39.876;0.0369276456170677
808;random;ssa;1.266827373;;0.085;40.522;0.034465109395276
802;random;seadec;2.079610336;;0.025;40.261;0.0240361194750053
809;random;ssa;1.290478114;;0.112;40.634;0.0468428353029938
313;random;ssa;58.434118289;;0.013;15.734;0.0650104625049824
814;random;seadec;.948866795;;0.063;41.070;0.0194549251238626
406;random;ssa;49.428413424;;0.032;19.719;0.0657184273159393
810;random;seadec;1.692715667;;0.092;40.726;0.0200366493973128
812;random;SMA;1.855638583;;0.088;40.929;0.0294444332989678
811;random;ssa;2.063791478;;0.115;40.841;0.0639327156526897
455;random;seadec;45.057995296;;0.032;22.114;0.0240361194750053
415;random;seadec;49.487323812;;0.053;20.109;0.0200421445003984
431;random;ssa;47.856144570;;0.021;20.943;0.0464705153781347
439;random;ssa;47.050791513;;0.011;21.410;0.0656320663227048
820;random;seadec;1.403250440;;0.047;41.557;0.0194549251238626
821;random;seadec;1.361039130;;0.006;41.563;0.0194549251238626
822;random;ssa;1.398473775;;0.056;41.619;0.0658004472335592
826;random;SMA;.938391807;;0.113;41.867;0.0303277073168743
829;random;SMA;.928221469;;0.005;41.933;0.00312822529954525
824;random;ssa;1.483278125;;0.007;41.703;0.0189752485931269
427;random;seadec;49.286960272;;0.036;20.722;0.00853866866997741
832;random;ssa;1.153358576;;0.013;41.987;0.0472776063296307
828;random;ssa;1.391737319;;0.028;41.928;0.034465109395276
451;random;SMA;46.920320289;;0.085;22.035;0.00312822529954525
460;random;SMA;45.820961485;;0.085;22.495;0.00312822529954525
836;random;ssa;1.382388701;;0.003;42.169;0.0351769567303275
834;random;ssa;1.660171389;;0.05;42.073;0.0377148729094167
432;random;seadec;49.584272711;;0.044;20.987;0.00853866866997741
843;random;seadec;1.128548752;;0.06;42.475;0.00853866866997741
844;random;ssa;1.200976305;;0.052;42.527;0.0360930160445306
842;random;ssa;1.517350894;;0.092;42.415;0.0658004472335592
449;random;ssa;48.236008649;;0.083;21.944;0.0369276456170677
848;random;SMA;.914669485;;0.126;42.978;0.027678078136308
441;random;SMA;49.569468462;;0.101;21.550;0.0303277073168743
850;random;seadec;.953812372;;0.105;43.148;0.00929623085818988
463;random;ssa;47.863379448;;0.036;22.586;0.0351769567303275
853;random;seadec;1.140384558;;0.004;43.210;0.00929623085818988
852;random;ssa;1.404168580;;0.052;43.206;0.0189752485931269
457;random;SMA;49.027974655;;0.001;22.291;0.0386866425310276
855;random;SMA;1.352011245;;0.062;43.285;0.027678078136308
854;random;ssa;1.725217134;;0.013;43.223;0.0656320663227048
860;random;seadec;.922876986;;0.059;43.681;0.00929623085818988
859;random;SMA;1.501736963;;0.212;43.622;0.0294444332989678
461;random;ssa;49.432278517;;0.012;22.507;0.0360930160445306
858;random;ssa;2.029226293;;0.066;43.410;0.0463158279553995
465;random;SMA;49.201239217;;0.002;22.739;0.0262853423085934
862;random;ssa;1.471653628;;0.209;43.921;0.0360930160445306
867;random;seadec;1.000868395;;0.009;44.102;0.0200366493973128
863;random;ssa;1.534698613;;0.034;43.955;0.0450325086617828
864;random;ssa;1.473870706;;0.06;44.015;0.034465109395276
462;random;seadec;50.018272889;;0.043;22.550;0.00853866866997741
319;random;ssa;65.103867580;;0.072;16.183;0.0463158279553995
869;random;ssa;1.576303971;;0.042;44.163;0.0462637861154206
477;random;SMA;48.896715227;;0.056;23.204;0.0303277073168743
874;random;SMA;1.338020762;;0.003;44.330;0.0260920139484302
871;random;ssa;2.056392978;;0.049;44.221;0.0463158279553995
882;random;SMA;.875961249;;0.077;44.788;0.0400802183599336
873;random;ssa;2.025631622;;0.021;44.327;0.0463158279553995
328;random;SMA;65.366114827;;0.033;16.524;0.00312822529954525
886;random;SMA;.727759979;;0.016;44.967;0.0260920139484302
485;random;seadec;49.535529606;;0.001;23.363;0.0240361194750053
885;random;ssa;1.139645369;;0.034;44.951;0.0354027676498525
473;random;ssa;50.735313114;;0.054;23.030;0.0360930160445306
879;random;ssa;2.050498883;;0.023;44.618;0.0450325086617828
884;random;SMA;1.454108921;;0.084;44.917;0.027678078136308
890;random;SMA;.965716517;;0.032;45.157;0.0385801680617862
464;random;ssa;51.941455475;;0.151;22.737;0.0656320663227048
499;random;SMA;49.286616094;;0.055;23.875;0.0044156703260322
888;random;ssa;1.758207750;;0.05;45.092;0.0463158279553995
893;random;seadec;1.409893420;;0.049;45.354;0.00853866866997741
897;random;ssa;.947491702;;0.149;45.781;0.0482841409439691
891;random;ssa;1.994510565;;0.079;45.236;0.0377148729094167
478;random;SMA;51.970857045;;0.013;23.217;0.0423559013427496
896;random;ssa;1.634700584;;0.237;45.632;0.0468428353029938
898;random;ssa;1.338586292;;0.127;45.908;0.0351994025147571
467;random;seadec;53.275617674;;0.087;22.839;0.0240361194750053
452;random;ssa;55.254378706;;0.007;22.042;0.0450325086617828
894;random;ssa;2.460621016;;0.019;45.373;0.0463158279553995
905;random;seadec;.970786317;;0.017;46.121;0.00853866866997741
907;random;ssa;1.223264337;;0.037;46.189;0.0472776063296307
901;random;ssa;1.817270595;;0.021;46.008;0.0463158279553995
909;random;ssa;1.154236113;;0.003;46.291;0.0650104625049824
466;random;SMA;54.526471647;;0.013;22.752;0.0400802183599336
489;random;seadec;52.848242821;;0.02;23.510;0.00853866866997741
476;random;seadec;54.128247093;;0.062;23.148;0.00929623085818988
918;random;ssa;1.073082692;;0.013;46.897;0.0639327156526897
920;random;SMA;.911236980;;0.066;46.992;0.027678078136308
922;random;SMA;1.058390787;;0.069;47.096;0.0385801680617862
921;random;SMA;1.262153411;;0.035;47.027;0.0386866425310276
924;random;SMA;.930334299;;0.134;47.290;0.0423559013427496
510;random;ssa;52.209740809;;0.008;24.415;0.0369276456170677
928;random;seadec;.843975234;;0.024;47.411;0.0200421445003984
487;random;SMA;55.007071996;;0.046;23.467;0.0427559244477954
934;random;SMA;.691656811;;0.058;47.668;0.0423559013427496
497;random;ssa;54.219280485;;0.014;23.798;0.0639327156526897
480;random;ssa;55.944586888;;0.022;23.247;0.0472776063296307
932;random;ssa;1.161907398;;0.072;47.609;0.0377148729094167
937;random;SMA;.777777107;;0.014;48.159;0.00572928357269349
936;random;ssa;1.039667512;;0.165;48.145;0.0639327156526897
940;random;SMA;.919343452;;0.085;48.276;0.0262853423085934
509;random;SMA;54.615524209;;0.069;24.407;0.027678078136308
341;random;ssa;72.132481692;;0.092;17.030;0.0468428353029938
944;random;ssa;1.188473400;;0.008;48.434;0.0650104625049824
491;random;ssa;56.983888273;;0.065;23.602;0.0351994025147571
949;random;ssa;1.294367708;;0.057;48.574;0.0482841409439691
950;random;seadec;1.187401977;;0.127;48.701;0.0200421445003984
356;random;seadec;71.672062670;;0.013;17.569;0.00853866866997741
952;random;ssa;1.319124974;;0.015;48.723;0.0351769567303275
493;random;ssa;57.702506390;;0.115;23.725;0.0656320663227048
956;random;SMA;1.016222302;;0.085;48.974;0.0385801680617862
524;random;SMA;53.828335192;;0.105;25.899;0.00572928357269349
953;random;ssa;1.543449501;;0.032;48.755;0.0463158279553995
957;random;seadec;.988952977;;0.028;49.002;0.00853866866997741
958;random;seadec;.971197300;;0.007;49.009;0.0200421445003984
959;random;seadec;.967376876;;0.012;49.021;0.0196202016385114
960;random;seadec;1.371250456;;0.029;49.050;0.0200421445003984
961;random;SMA;1.541756195;;0.049;49.099;0.0303277073168743
504;random;SMA;57.897893481;;0.019;23.989;0.0044156703260322
964;random;seadec;1.327317513;;0.038;49.248;0.0194549251238626
966;random;SMA;.959015214;;0.072;49.573;0.0044156703260322
365;random;ssa;72.602027171;;0.047;17.999;0.0189752485931269
502;random;ssa;58.518921443;;0.022;23.900;0.0463158279553995
968;random;SMA;.955751121;;0.165;49.813;0.0262853423085934
511;random;SMA;57.864440393;;0.231;24.646;0.027678078136308
969;random;SMA;.926625343;;0.143;49.956;0.0294444332989678
972;random;SMA;.822074420;;0.046;50.047;0.00572928357269349
542;random;ssa;53.396409527;;0.011;27.224;0.0351994025147571
976;random;SMA;1.114006642;;0.156;50.268;0.0262853423085934
514;random;SMA;58.666015759;;0.051;24.793;0.0386866425310276
977;random;ssa;1.101521587;;0.019;50.287;0.0472776063296307
971;random;ssa;1.928522377;;0.039;50.001;0.0462637861154206
978;random;ssa;1.253973770;;0.027;50.314;0.0462637861154206
975;random;ssa;1.917944563;;0.011;50.112;0.0468428353029938
983;random;SMA;.932924561;;0.029;50.565;0.0260920139484302
515;random;ssa;59.416643821;;0.031;24.824;0.0463158279553995
560;random;SMA;53.334238737;;0.007;27.815;0.0260920139484302
980;random;ssa;1.489127644;;0.025;50.470;0.034465109395276
979;random;SMA;1.695743681;;0.131;50.445;0.0044156703260322
988;random;SMA;.914440369;;0.125;51.019;0.0423559013427496
990;random;SMA;.963969799;;0.144;51.182;0.0386866425310276
995;random;SMA;.904530169;;0.003;51.373;0.0044156703260322
994;random;ssa;.976030373;;0.054;51.370;0.034465109395276
566;random;SMA;54.117585776;;0.019;28.278;0.00312822529954525
513;random;ssa;61.407161740;;0.06;24.742;0.0468428353029938
536;random;ssa;58.196025454;;0.029;26.846;0.034465109395276
569;random;seadec;55.106698397;;0.201;28.626;0.0200421445003984
546;random;SMA;58.628299655;;0;27.289;0.0262853423085934
576;random;SMA;55.979954257;;0.004;28.855;0.00312822529954525
561;random;seadec;58.635929656;;0.221;28.036;0.0240361194750053
602;random;SMA;55.046756862;;0.002;29.925;0.0385801680617862
568;random;ssa;60.121406025;;0.107;28.425;0.0377148729094167
608;random;seadec;56.145425805;;0.015;30.108;0.00853866866997741
528;random;ssa;65.976108103;;0.027;26.262;0.0472776063296307
381;random;ssa;82.227972608;;0.097;18.817;0.0464705153781347
575;random;SMA;60.762118489;;0.007;28.851;0.0260920139484302
617;random;SMA;56.657800921;;0.066;30.525;0.027678078136308
543;random;seadec;65.091194197;;0.001;27.225;0.0240361194750053
389;random;SMA;82.795574380;;0.027;19.075;0.0423559013427496
547;random;SMA;65.747901793;;0.056;27.345;0.0427559244477954
594;random;SMA;60.837703593;;0.072;29.352;0.0400802183599336
400;random;SMA;82.918996486;;0.01;19.470;0.0423559013427496
627;random;ssa;57.769919345;;0.118;30.982;0.0650104625049824
556;random;SMA;65.833875186;;0.003;27.695;0.0044156703260322
410;random;SMA;83.210094743;;0.016;19.885;0.0260920139484302
606;random;ssa;61.752494455;;0.009;30.047;0.0351994025147571
637;random;SMA;57.725165914;;0.186;31.778;0.0423559013427496
420;random;seadec;83.319182289;;0.078;20.305;0.00853866866997741
519;random;ssa;73.151423020;;0.329;25.270;0.0464705153781347
658;random;SMA;56.630458768;;0.019;33.097;0.0400802183599336
610;random;ssa;63.661466771;;0.056;30.262;0.0463158279553995
429;random;ssa;85.182246088;;0.025;20.752;0.0657184273159393
667;random;ssa;57.946336665;;0.026;33.450;0.0354027676498525
435;random;SMA;85.502865720;;0.123;21.184;0.0427559244477954
625;random;ssa;64.602673768;;0.065;30.858;0.0450325086617828
679;random;ssa;58.956213553;;0.03;33.933;0.0639327156526897
574;random;ssa;71.432212962;;0.083;28.844;0.0468428353029938
632;random;SMA;65.283628887;;0.008;31.218;0.0260920139484302
583;random;SMA;71.801375123;;0.038;29.127;0.0260920139484302
689;random;SMA;59.326264719;;0.022;34.478;0.0044156703260322
540;random;ssa;77.577174632;;0.04;27.193;0.0468428353029938
654;random;ssa;64.269019208;;0.069;32.830;0.0657184273159393
586;random;SMA;72.679937140;;0.061;29.209;0.0044156703260322
595;random;SMA;73.197891701;;0.038;29.390;0.00312822529954525
698;random;ssa;60.765233335;;0.039;35.035;0.0464705153781347
659;random;ssa;65.812167320;;0.029;33.126;0.0650104625049824
545;random;ssa;79.707982402;;0.042;27.289;0.0657184273159393
446;random;ssa;91.878112754;;0.041;21.748;0.0462637861154206
676;random;SMA;65.807831292;;0.069;33.778;0.0044156703260322
702;random;ssa;62.852096853;;0.026;35.185;0.0464705153781347
555;random;ssa;81.440406170;;0.026;27.692;0.0650104625049824
680;random;SMA;66.953017704;;0.085;34.018;0.0386866425310276
709;random;SMA;63.756693015;;0.048;35.564;0.0262853423085934
572;random;SMA;80.594310862;;0.03;28.687;0.0386866425310276
456;random;ssa;94.823471095;;0.176;22.290;0.0369276456170677
696;random;seadec;66.542068028;;0.05;34.983;0.00929623085818988
716;random;SMA;64.264997144;;0.007;36.063;0.0423559013427496
616;random;ssa;77.799716786;;0.095;30.459;0.0462637861154206
719;random;seadec;65.501472917;;0.071;36.211;0.0200421445003984
699;random;ssa;68.481268170;;0.019;35.054;0.0351769567303275
629;random;SMA;77.265923436;;0.085;31.201;0.0423559013427496
732;random;SMA;65.590045309;;0.032;36.793;0.0294444332989678
582;random;ssa;83.587503743;;0.096;29.089;0.0360930160445306
470;random;ssa;97.448500542;;0.025;22.919;0.0377148729094167
585;random;SMA;84.501805776;;0.018;29.148;0.0386866425310276
707;random;ssa;70.204322420;;0.071;35.463;0.0462637861154206
648;random;ssa;77.907089194;;0.02;32.322;0.0482841409439691
588;random;SMA;85.495014280;;0;29.210;0.0423559013427496
737;random;ssa;67.308406184;;0.011;37.106;0.0650104625049824
660;random;SMA;77.344526408;;0.001;33.127;0.027678078136308
612;random;seadec;84.112388446;;0.005;30.268;0.00929623085818988
714;random;ssa;71.304468457;;0.107;36.028;0.0351994025147571
669;random;SMA;77.572995739;;0.039;33.499;0.0400802183599336
623;random;SMA;84.073344806;;0.085;30.768;0.0260920139484302
741;random;ssa;68.904719020;;0.065;37.515;0.0354027676498525
681;random;SMA;77.504888741;;0.029;34.047;0.0294444332989678
718;random;ssa;72.997437551;;0.026;36.140;0.0472776063296307
645;random;seadec;81.858458009;;0.118;32.214;0.00929623085818988
753;random;seadec;68.958608078;;0.092;38.268;0.0196202016385114
691;random;SMA;77.175388712;;0.203;34.690;0.0262853423085934
656;random;seadec;81.728982506;;0.019;32.857;0.0240361194750053
721;random;SMA;74.175881703;;0.023;36.258;0.0262853423085934
733;random;SMA;74.345820913;;0.055;36.848;0.0044156703260322
768;random;ssa;70.010952408;;0.058;38.810;0.0450325086617828
483;random;ssa;104.799925799;;0.024;23.330;0.0468428353029938
700;random;ssa;79.130138351;;0.074;35.128;0.0657184273159393
772;random;ssa;71.977292413;;0.036;38.933;0.0639327156526897
668;random;ssa;84.639910554;;0.01;33.460;0.0377148729094167
740;random;ssa;75.738126560;;0.014;37.450;0.0464705153781347
495;random;ssa;106.921006952;;0.005;23.748;0.0351769567303275
726;random;ssa;78.627853777;;0.041;36.494;0.0639327156526897
672;random;SMA;85.353114754;;0.066;33.620;0.027678078136308
779;random;ssa;73.250979094;;0.101;39.249;0.0189752485931269
750;random;ssa;77.167816972;;0.107;37.984;0.0464705153781347
506;random;ssa;108.583221744;;0.104;24.237;0.0657184273159393
690;random;ssa;86.503465476;;0.009;34.487;0.034465109395276
785;random;ssa;75.538488946;;0.017;39.316;0.0463158279553995
754;random;ssa;78.654696632;;0.06;38.328;0.0354027676498525
697;random;SMA;86.695211171;;0.013;34.996;0.0303277073168743
770;random;SMA;78.942755032;;0.026;38.860;0.0427559244477954
788;random;ssa;77.514732536;;0.075;39.438;0.0369276456170677
731;random;ssa;84.810949385;;0.013;36.761;0.0462637861154206
773;random;ssa;80.938047724;;0.018;38.951;0.0472776063296307
745;random;SMA;83.919223422;;0.148;37.747;0.00312822529954525
790;random;ssa;79.566696035;;0.026;39.549;0.0351994025147571
757;random;SMA;83.762084956;;0.025;38.357;0.00312822529954525
780;random;SMA;81.685543305;;0.003;39.252;0.0044156703260322
512;random;ssa;114.797009918;;0.036;24.682;0.0464705153781347
712;random;ssa;90.243223813;;0.011;35.743;0.0482841409439691
804;random;ssa;80.029219501;;0.003;40.275;0.0656320663227048
787;random;ssa;83.306641748;;0.028;39.363;0.0189752485931269
764;random;ssa;86.337466949;;0.085;38.701;0.0351769567303275
813;random;ssa;80.932443064;;0.078;41.007;0.0351994025147571
516;random;ssa;117.789208049;;0.058;24.882;0.0351994025147571
729;random;ssa;91.384061800;;0.009;36.571;0.0351994025147571
789;random;seadec;84.640595532;;0.085;39.523;0.0200366493973128
782;random;SMA;85.860862609;;0.01;39.264;0.00572928357269349
744;random;SMA;90.281985542;;0;37.599;0.0294444332989678
817;random;SMA;81.862072528;;0.083;41.375;0.0262853423085934
801;random;seadec;84.682048507;;0.003;40.236;0.0200421445003984
795;random;ssa;86.295722920;;0.019;39.790;0.0377148729094167
831;random;seadec;82.183153190;;0.032;41.974;0.00853866866997741
806;random;SMA;86.507084025;;0.108;40.393;0.0400802183599336
816;random;ssa;85.263632391;;0.133;41.292;0.0639327156526897
749;random;ssa;93.973628054;;0.025;37.877;0.0377148729094167
845;random;ssa;82.809042685;;0.169;42.696;0.034465109395276
825;random;seadec;85.360254376;;0.051;41.754;0.0194549251238626
759;random;SMA;93.671790008;;0.022;38.425;0.00572928357269349
815;random;ssa;87.553724774;;0.089;41.159;0.0450325086617828
833;random;SMA;85.846865348;;0.036;42.023;0.00572928357269349
847;random;SMA;84.155062833;;0.084;42.852;0.0303277073168743
535;random;ssa;122.291569677;;0.002;26.817;0.0463158279553995
838;random;SMA;86.546404606;;0.07;42.245;0.0385801680617862
818;random;SMA;88.665370543;;0.03;41.405;0.0294444332989678
851;random;SMA;85.238590908;;0.006;43.154;0.0385801680617862
856;random;SMA;85.141805590;;0.024;43.309;0.0044156703260322
781;random;ssa;95.175419373;;0.002;39.254;0.0354027676498525
865;random;SMA;84.880186102;;0.062;44.077;0.027678078136308
868;random;SMA;84.881225625;;0.019;44.121;0.00312822529954525
840;random;ssa;88.948027162;;0.024;42.310;0.0351994025147571
784;random;SMA;95.968705908;;0;39.299;0.0427559244477954
846;random;SMA;89.565523193;;0.072;42.768;0.0260920139484302
880;random;ssa;85.684133892;;0.047;44.665;0.0189752485931269
875;random;ssa;86.743303681;;0.072;44.402;0.0650104625049824
544;random;ssa;127.721750782;;0.022;27.247;0.0450325086617828
849;random;ssa;91.682377462;;0.065;43.043;0.0464705153781347
887;random;ssa;87.355194121;;0.075;45.042;0.0468428353029938
881;random;ssa;88.648644228;;0.046;44.711;0.0472776063296307
554;random;ssa;129.476688236;;0.049;27.666;0.0650104625049824
866;random;ssa;91.689090318;;0.016;44.093;0.0472776063296307
892;random;ssa;88.834112602;;0.069;45.305;0.0189752485931269
805;random;ssa;100.339546951;;0.01;40.285;0.0450325086617828
563;random;seadec;129.683173487;;0.039;28.132;0.0200421445003984
900;random;SMA;89.198745086;;0.015;45.987;0.0386866425310276
877;random;SMA;92.222976887;;0.105;44.538;0.0385801680617862
580;random;SMA;128.678587728;;0.014;28.952;0.0262853423085934
911;random;SMA;89.483369124;;0.061;46.490;0.0260920139484302
883;random;SMA;93.215143295;;0.045;44.833;0.0386866425310276
823;random;ssa;100.270983779;;0.077;41.696;0.0650104625049824
903;random;ssa;92.518354248;;0.003;46.097;0.0464705153781347
913;random;ssa;91.712667644;;0.02;46.535;0.0369276456170677
889;random;ssa;94.865814308;;0.033;45.125;0.0354027676498525
908;random;SMA;93.034005953;;0.099;46.288;0.0262853423085934
830;random;ssa;103.851252161;;0.009;41.942;0.0369276456170677
919;random;ssa;93.181455671;;0.029;46.926;0.0657184273159393
899;random;ssa;95.537714238;;0.064;45.972;0.0658004472335592
837;random;SMA;104.393343929;;0.006;42.175;0.0400802183599336
927;random;seadec;93.867940501;;0.01;47.387;0.0196202016385114
910;random;seadec;95.924971271;;0.138;46.429;0.00929623085818988
841;random;SMA;105.539353045;;0.013;42.323;0.0262853423085934
584;random;ssa;136.138473897;;0.003;29.130;0.0463158279553995
931;random;seadec;95.142248444;;0.01;47.537;0.0200421445003984
912;random;SMA;97.405477639;;0.025;46.515;0.00572928357269349
587;random;seadec;136.996537770;;0.001;29.210;0.00853866866997741
861;random;SMA;103.736010718;;0.031;43.712;0.0400802183599336
872;random;SMA;103.491043201;;0.085;44.306;0.027678078136308
599;random;seadec;136.840620716;;0.034;29.811;0.0194549251238626
915;random;SMA;98.642403854;;0.011;46.679;0.0260920139484302
878;random;seadec;103.794500778;;0.057;44.595;0.0200366493973128
621;random;SMA;135.815418895;;0.003;30.618;0.00572928357269349
945;random;ssa;95.571206415;;0.027;48.461;0.0464705153781347
917;random;ssa;99.829067800;;0.015;46.884;0.0472776063296307
923;random;ssa;100.018943139;;0.06;47.156;0.0650104625049824
954;random;SMA;96.273227271;;0.061;48.816;0.027678078136308
902;random;ssa;103.155017601;;0.086;46.094;0.0482841409439691
630;random;ssa;137.143700533;;0.003;31.204;0.0639327156526897
650;random;SMA;135.317065317;;0.227;32.576;0.0044156703260322
930;random;ssa;101.486760779;;0.005;47.527;0.0369276456170677
962;random;ssa;97.590944715;;0.08;49.179;0.0656320663227048
981;random;SMA;96.235749935;;0;50.470;0.0385801680617862
938;random;ssa;102.416543297;;0.016;48.175;0.0658004472335592
666;random;ssa;136.252088120;;0.033;33.424;0.0656320663227048
986;random;SMA;97.282933079;;0.001;50.728;0.0423559013427496
951;random;SMA;102.568364271;;0.007;48.708;0.00312822529954525
929;random;ssa;105.714123250;;0.111;47.522;0.0462637861154206
955;random;SMA;103.768770221;;0.073;48.889;0.00312822529954525
993;random;ssa;98.430657932;;0.012;51.316;0.0639327156526897
906;random;ssa;111.162082867;;0.031;46.152;0.0468428353029938
965;random;seadec;104.107547739;;0.253;49.501;0.0240361194750053
997;random;seadec;99.692785841;;0.007;51.417;0.0196202016385114
939;random;ssa;107.412147372;;0.016;48.191;0.034465109395276
916;random;seadec;110.629562196;;0.19;46.869;0.00929623085818988
670;random;ssa;142.484441407;;0.051;33.550;0.0450325086617828
982;random;ssa;103.839990095;;0.066;50.536;0.0472776063296307
687;random;seadec;141.637556782;;0.034;34.339;0.0240361194750053
926;random;ssa;112.673530103;;0.054;47.377;0.0351769567303275
695;random;SMA;141.436985394;;0.007;34.933;0.0260920139484302
992;random;ssa;104.484766775;;0.061;51.304;0.0656320663227048
708;random;seadec;141.221131278;;0.053;35.516;0.0200421445003984
996;random;seadec;105.853114992;;0.037;51.410;0.0240361194750053
935;random;ssa;114.058002112;;0.312;47.980;0.0656320663227048
943;random;ssa;114.055834180;;0.012;48.426;0.0462637861154206
999;random;SMA;107.196841693;;0.136;51.555;0.0044156703260322
727;random;ssa;142.205805918;;0.067;36.561;0.0354027676498525
736;random;ssa;144.932581586;;0.055;37.095;0.0354027676498525
942;random;ssa;120.008964593;;0.008;48.414;0.0462637861154206
948;random;ssa;119.954156845;;0.031;48.517;0.0450325086617828
746;random;SMA;144.511473634;;0.044;37.791;0.0262853423085934
947;random;SMA;120.663791532;;0.023;48.486;0.0385801680617862
970;random;SMA;117.638756294;;0.006;49.962;0.0294444332989678
758;random;seadec;144.027757561;;0.046;38.403;0.00853866866997741
967;random;seadec;118.912334149;;0.075;49.648;0.00929623085818988
984;random;SMA;116.970566610;;0.003;50.568;0.0303277073168743
777;random;seadec;143.252819166;;0.059;39.113;0.0194549251238626
974;random;SMA;118.896746630;;0.034;50.101;0.0385801680617862
987;random;SMA;117.991767671;;0.166;50.894;0.0294444332989678
998;random;ssa;119.323883182;;0.002;51.419;0.0650104625049824
989;random;ssa;122.636042941;;0.019;51.038;0.0464705153781347
783;random;ssa;149.062023941;;0.035;39.299;0.0450325086617828
803;random;SMA;147.718985167;;0.011;40.272;0.0385801680617862
819;random;ssa;147.577727464;;0.105;41.510;0.0482841409439691
827;random;SMA;147.748083424;;0.033;41.900;0.0400802183599336
835;random;ssa;150.016986211;;0.093;42.166;0.0650104625049824
839;random;ssa;155.764584039;;0.041;42.286;0.0450325086617828
857;random;SMA;154.347709241;;0.035;43.344;0.0423559013427496
870;random;ssa;157.175782584;;0.009;44.172;0.0377148729094167
876;random;SMA;157.577580807;;0.031;44.433;0.027678078136308
895;random;SMA;156.302782422;;0.022;45.395;0.00572928357269349
904;random;SMA;155.757969846;;0.007;46.104;0.00312822529954525
914;random;SMA;155.435571255;;0.133;46.668;0.027678078136308
925;random;seadec;155.260712696;;0.033;47.323;0.0200366493973128
933;random;seadec;155.314316647;;0.001;47.610;0.0194549251238626
941;random;SMA;154.806103772;;0.13;48.406;0.00572928357269349
946;random;ssa;157.129624007;;0.002;48.463;0.0657184273159393
963;random;SMA;156.223668389;;0.031;49.210;0.0400802183599336
973;random;seadec;155.416351188;;0.02;50.067;0.0200366493973128
985;random;seadec;154.731213984;;0.159;50.727;0.0194549251238626
991;random;SMA;154.868009574;;0.061;51.243;0.0260920139484302
