1;roundrobin;SMA;.062908606;198;0.055;1.062;0.0260920139484302
0;roundrobin;SMA;.892565419;406;1.007;1.007;0.0423559013427496
2;roundrobin;ssa;.054584714;115;0.88;1.942;0.0189752485931269
3;roundrobin;SMA;.923567720;27;0.294;2.236;0.0044156703260322
4;roundrobin;SMA;.942765780;346;0.199;2.435;0.0427559244477954
5;roundrobin;SMA;.663036112;29;0.163;2.598;0.0044156703260322
6;roundrobin;ssa;.960648005;488;0.718;3.316;0.0468428353029938
7;roundrobin;ssa;1.147673801;332;0.612;3.928;0.0377148729094167
9;roundrobin;SMA;.025365995;211;0.238;6.871;0.0262853423085934
10;roundrobin;ssa;.031226265;263;0.409;7.280;0.0351769567303275
8;roundrobin;ssa;1.051415382;583;2.705;6.633;0.0657184273159393
11;roundrobin;seadec;1.050542435;132;1.575;8.855;0.0194549251238626
12;roundrobin;seadec;.964505711;150;0.084;8.939;0.0196202016385114
13;roundrobin;ssa;1.081793716;343;0.013;8.952;0.0377148729094167
14;roundrobin;ssa;1.031812421;549;0.225;9.177;0.0639327156526897
15;roundrobin;seadec;.912990024;74;0.39;9.567;0.00929623085818988
17;roundrobin;ssa;.026822179;586;0.238;11.779;0.0658004472335592
16;roundrobin;seadec;.897825753;89;1.974;11.541;0.0240361194750053
18;roundrobin;seadec;.032553797;157;1.404;13.183;0.0200366493973128
19;roundrobin;ssa;3.929153601;335;0.276;13.459;0.0377148729094167
21;roundrobin;ssa;.989647889;421;0.49;17.189;0.0450325086617828
20;roundrobin;ssa;2.556104633;523;3.24;16.699;0.0482841409439691
23;roundrobin;SMA;.885066475;215;0.268;19.543;0.0262853423085934
22;roundrobin;ssa;1.878466706;597;2.086;19.275;0.0658004472335592
25;roundrobin;SMA;.032838546;214;0.804;21.531;0.0262853423085934
24;roundrobin;ssa;1.121905115;255;1.184;20.727;0.034465109395276
26;roundrobin;seadec;.023435704;148;1.766;23.297;0.0196202016385114
29;roundrobin;SMA;.667479373;418;0.059;26.876;0.0423559013427496
30;roundrobin;ssa;.960092816;343;1.204;28.080;0.0377148729094167
31;roundrobin;seadec;.914637643;85;0.087;28.167;0.0240361194750053
33;roundrobin;ssa;.041148439;556;0.974;29.715;0.0650104625049824
32;roundrobin;ssa;1.128552775;272;0.574;28.741;0.0351994025147571
34;roundrobin;seadec;.041760111;161;0.676;30.391;0.0200366493973128
27;roundrobin;ssa;6.241618837;441;2.016;25.313;0.0464705153781347
36;roundrobin;SMA;1.182584162;366;0.282;30.821;0.0400802183599336
37;roundrobin;seadec;.735304818;66;0.612;31.433;0.00929623085818988
38;roundrobin;SMA;.709383730;235;0.041;31.474;0.0294444332989678
39;roundrobin;ssa;1.034536655;557;0.394;31.868;0.0650104625049824
28;roundrobin;ssa;8.068350195;499;1.504;26.817;0.0472776063296307
41;roundrobin;ssa;.033301120;331;0.514;35.584;0.0377148729094167
42;roundrobin;ssa;.035013326;502;0.183;35.767;0.0472776063296307
40;roundrobin;ssa;1.094561052;242;3.202;35.070;0.034465109395276
45;roundrobin;SMA;.702689823;177;0.185;36.683;0.0303277073168743
35;roundrobin;ssa;7.811971730;497;0.148;30.539;0.0472776063296307
43;roundrobin;ssa;2.797409208;519;0.02;35.787;0.0482841409439691
44;roundrobin;seadec;2.261625468;78;0.711;36.498;0.0240361194750053
46;roundrobin;SMA;.742657169;217;2.369;39.052;0.0262853423085934
49;roundrobin;ssa;.034881641;442;0.148;40.427;0.0464705153781347
50;roundrobin;SMA;.026149424;211;0.194;40.621;0.0262853423085934
47;roundrobin;ssa;1.051306055;120;1.014;40.066;0.0189752485931269
48;roundrobin;ssa;1.063445307;583;0.213;40.279;0.0657184273159393
51;roundrobin;SMA;.946228298;35;0.14;40.761;0.00572928357269349
53;roundrobin;SMA;.671264310;374;0.251;42.424;0.0400802183599336
54;roundrobin;SMA;.629967456;38;0.941;43.365;0.00572928357269349
52;roundrobin;ssa;2.544942962;570;1.412;42.173;0.0650104625049824
55;roundrobin;SMA;.869229837;213;1.774;45.139;0.0262853423085934
57;roundrobin;seadec;.032263997;145;0.176;46.337;0.0196202016385114
58;roundrobin;SMA;.051398036;16;0.145;46.482;0.0044156703260322
56;roundrobin;ssa;1.196156805;454;1.022;46.161;0.0462637861154206
59;roundrobin;seadec;.993703245;153;0.31;46.792;0.0200366493973128
60;roundrobin;SMA;.929015188;14;0.275;47.067;0.00312822529954525
61;roundrobin;ssa;.990835218;499;1.217;48.284;0.0472776063296307
62;roundrobin;ssa;1.076338159;447;1.747;50.031;0.0464705153781347
63;roundrobin;SMA;.877733918;395;1.444;51.475;0.0386866425310276
64;roundrobin;ssa;1.022428478;593;1.931;53.406;0.0658004472335592
65;roundrobin;ssa;.046843916;253;2.275;55.681;0.034465109395276
66;roundrobin;ssa;.030249879;325;0.21;55.891;0.0369276456170677
67;roundrobin;ssa;2.732003198;524;1.545;57.436;0.0482841409439691
69;roundrobin;SMA;.987362775;232;1.085;59.778;0.0294444332989678
70;roundrobin;ssa;1.029449647;117;0.078;59.856;0.0189752485931269
68;roundrobin;ssa;2.371628328;518;1.257;58.693;0.0482841409439691
71;roundrobin;seadec;.940722022;154;1.879;61.735;0.0200366493973128
73;roundrobin;SMA;.030708054;415;0.343;62.569;0.0423559013427496
72;roundrobin;SMA;.893418001;230;0.491;62.226;0.0294444332989678
74;roundrobin;SMA;.032352532;42;1.793;64.362;0.00572928357269349
75;roundrobin;SMA;1.072211065;202;0.206;64.568;0.0260920139484302
76;roundrobin;SMA;1.089036138;198;0.013;64.581;0.0260920139484302
77;roundrobin;SMA;.748291530;227;1.821;66.402;0.0294444332989678
78;roundrobin;seadec;.648647669;147;0.891;67.293;0.0196202016385114
79;roundrobin;SMA;.883443171;349;0.801;68.094;0.0427559244477954
81;roundrobin;SMA;.070523414;397;0.209;71.322;0.0386866425310276
80;roundrobin;ssa;1.015164766;535;3.019;71.113;0.0656320663227048
82;roundrobin;ssa;.026854160;558;0.784;72.106;0.0650104625049824
84;roundrobin;SMA;1.057024306;361;1.593;74.860;0.0400802183599336
85;roundrobin;ssa;1.280287450;336;1.421;76.281;0.0377148729094167
86;roundrobin;ssa;1.223897959;540;0.188;76.469;0.0656320663227048
89;roundrobin;SMA;.040170974;363;0.121;78.728;0.0400802183599336
87;roundrobin;seadec;.901884908;47;1.612;78.081;0.00853866866997741
88;roundrobin;seadec;.901005968;105;0.526;78.607;0.0200421445003984
90;roundrobin;ssa;.025037589;288;0.98;79.708;0.0354027676498525
83;roundrobin;ssa;7.048100656;479;1.161;73.267;0.0463158279553995
91;roundrobin;ssa;2.793666184;254;0.165;79.873;0.034465109395276
92;roundrobin;SMA;.934347581;230;2.214;82.087;0.0294444332989678
94;roundrobin;SMA;1.036336117;183;0.121;82.349;0.027678078136308
93;roundrobin;ssa;1.298455168;499;0.141;82.228;0.0472776063296307
95;roundrobin;SMA;.867840055;179;1.186;83.535;0.0303277073168743
97;roundrobin;SMA;.073722820;403;0.292;84.554;0.0386866425310276
98;roundrobin;ssa;.028747404;330;0.509;85.063;0.0369276456170677
96;roundrobin;ssa;1.129856970;333;0.727;84.262;0.0377148729094167
101;roundrobin;SMA;.742110680;414;0.085;86.519;0.0423559013427496
102;roundrobin;ssa;.940214917;274;0.051;86.570;0.0351994025147571
103;roundrobin;ssa;1.095316282;255;0.045;86.615;0.034465109395276
100;roundrobin;ssa;2.458340613;598;0.029;86.434;0.0658004472335592
99;roundrobin;ssa;2.709586382;576;1.342;86.405;0.0657184273159393
105;roundrobin;SMA;.035102996;214;0.816;88.845;0.0262853423085934
104;roundrobin;ssa;1.179296408;436;1.414;88.029;0.0464705153781347
106;roundrobin;seadec;.032771973;97;2.188;91.033;0.0200421445003984
107;roundrobin;SMA;1.047620669;391;1.265;92.298;0.0386866425310276
108;roundrobin;seadec;1.048543375;99;0.44;92.738;0.0200421445003984
109;roundrobin;SMA;.659202470;389;2.866;95.604;0.0385801680617862
111;roundrobin;seadec;.895337903;60;0.375;96.619;0.00853866866997741
110;roundrobin;ssa;1.935499857;569;0.64;96.244;0.0650104625049824
112;roundrobin;seadec;.897985148;54;0.699;97.318;0.00853866866997741
113;roundrobin;seadec;.036464419;129;1.378;98.696;0.0194549251238626
114;roundrobin;ssa;.037987391;494;0.574;99.270;0.0468428353029938
115;roundrobin;SMA;1.018554959;43;0.191;99.461;0.00572928357269349
116;roundrobin;seadec;.948985325;150;0.363;99.824;0.0196202016385114
117;roundrobin;SMA;.634529598;189;2.483;102.307;0.027678078136308
118;roundrobin;ssa;.904993856;323;0.718;103.025;0.0369276456170677
119;roundrobin;SMA;.915173952;172;1.12;104.145;0.0303277073168743
121;roundrobin;ssa;.034250414;322;0.501;106.154;0.0369276456170677
120;roundrobin;seadec;.900850045;68;1.508;105.653;0.00929623085818988
122;roundrobin;ssa;.046065948;485;1.083;107.237;0.0468428353029938
124;roundrobin;SMA;1.025720383;174;0.7;108.551;0.0303277073168743
125;roundrobin;ssa;1.012754837;496;0.186;108.737;0.0472776063296307
126;roundrobin;ssa;.856315481;530;1.636;110.373;0.0656320663227048
127;roundrobin;seadec;.881059731;86;1.788;112.161;0.0240361194750053
129;roundrobin;SMA;.059847978;216;0.084;113.900;0.0262853423085934
123;roundrobin;ssa;7.114531149;484;0.614;107.851;0.0468428353029938
130;roundrobin;SMA;.037775821;197;0.511;114.411;0.0260920139484302
128;roundrobin;ssa;1.108949160;289;1.655;113.816;0.0354027676498525
132;roundrobin;SMA;1.076180708;372;3.737;119.084;0.0400802183599336
133;roundrobin;ssa;.965890378;311;0.365;119.449;0.0360930160445306
134;roundrobin;SMA;.698114624;237;0.745;120.194;0.0294444332989678
131;roundrobin;ssa;6.066067647;437;0.936;115.347;0.0464705153781347
135;roundrobin;ssa;1.035001572;519;1.178;121.372;0.0482841409439691
137;roundrobin;SMA;.026980856;213;0.17;122.454;0.0262853423085934
138;roundrobin;ssa;.031367004;570;0.234;122.688;0.0650104625049824
136;roundrobin;ssa;1.165891825;426;0.912;122.284;0.0450325086617828
139;roundrobin;SMA;.931914117;9;0.134;122.822;0.00312822529954525
140;roundrobin;SMA;.997832394;370;1.356;124.178;0.0400802183599336
141;roundrobin;seadec;.830836596;103;0.665;124.843;0.0200421445003984
142;roundrobin;seadec;.682101170;102;1.616;126.459;0.0200421445003984
143;roundrobin;ssa;1.089810036;280;0.317;126.776;0.0351994025147571
145;roundrobin;seadec;.029186483;94;0.975;134.041;0.0200421445003984
146;roundrobin;SMA;.029819046;180;0.009;134.050;0.0303277073168743
144;roundrobin;ssa;1.207104299;472;6.29;133.066;0.0463158279553995
148;roundrobin;ssa;1.731473531;115;0.255;136.032;0.0189752485931269
147;roundrobin;ssa;6.774005761;470;1.727;135.777;0.0463158279553995
149;roundrobin;ssa;.917225532;272;5.378;141.410;0.0351994025147571
150;roundrobin;seadec;.646785816;51;0.837;142.247;0.00853866866997741
151;roundrobin;SMA;.872744955;178;0.047;142.294;0.0303277073168743
152;roundrobin;SMA;.873823117;27;2.364;144.658;0.0044156703260322
153;roundrobin;SMA;.032119573;31;4.693;149.351;0.00572928357269349
154;roundrobin;ssa;.035334428;341;2.359;151.710;0.0377148729094167
155;roundrobin;SMA;.966323303;383;1.155;152.865;0.0385801680617862
157;roundrobin;seadec;.698547309;81;0.62;154.647;0.0240361194750053
156;roundrobin;ssa;2.565742031;553;1.162;154.027;0.0639327156526897
158;roundrobin;ssa;1.073358868;493;2.338;156.985;0.0468428353029938
159;roundrobin;SMA;.885234730;191;1.738;158.723;0.027678078136308
160;roundrobin;SMA;.891609381;175;2.948;161.671;0.0303277073168743
161;roundrobin;seadec;.026802135;156;1.387;163.058;0.0200366493973128
162;roundrobin;seadec;.029323675;130;1.49;164.548;0.0194549251238626
163;roundrobin;SMA;1.021904543;395;0.296;164.844;0.0386866425310276
165;roundrobin;ssa;1.211286457;523;0.846;166.584;0.0482841409439691
166;roundrobin;ssa;1.094210472;539;0.052;166.636;0.0656320663227048
164;roundrobin;ssa;2.433575775;559;0.894;165.738;0.0650104625049824
167;roundrobin;seadec;.919828320;100;2.325;168.961;0.0200421445003984
168;roundrobin;SMA;.910305755;184;0.357;169.318;0.027678078136308
169;roundrobin;SMA;.026925617;176;1.842;171.160;0.0303277073168743
170;roundrobin;SMA;.036929933;31;0.06;171.220;0.00572928357269349
171;roundrobin;SMA;1.030810234;176;0.603;171.823;0.0303277073168743
173;roundrobin;ssa;1.017916614;525;0.383;173.152;0.0482841409439691
174;roundrobin;ssa;1.143639347;482;0.546;173.698;0.0468428353029938
172;roundrobin;ssa;2.374093402;562;0.946;172.769;0.0650104625049824
177;roundrobin;ssa;.032880445;483;0.144;174.940;0.0468428353029938
175;roundrobin;ssa;1.054403462;519;0.74;174.438;0.0482841409439691
176;roundrobin;ssa;1.059487887;515;0.358;174.796;0.0482841409439691
178;roundrobin;ssa;.024828831;329;1.706;176.646;0.0369276456170677
179;roundrobin;ssa;2.434932693;523;0.565;177.211;0.0482841409439691
180;roundrobin;SMA;.961291211;231;7.171;184.382;0.0294444332989678
181;roundrobin;SMA;.666771221;216;0.501;184.883;0.0262853423085934
182;roundrobin;SMA;.627927465;18;0.661;185.544;0.0044156703260322
183;roundrobin;SMA;.905051123;214;0.952;186.496;0.0262853423085934
185;roundrobin;ssa;.031452386;270;0.7;187.620;0.0351769567303275
184;roundrobin;SMA;.895904153;42;0.424;186.920;0.00572928357269349
186;roundrobin;SMA;.032528158;354;0.931;188.551;0.0427559244477954
187;roundrobin;seadec;.976409920;74;0.392;188.943;0.00929623085818988
189;roundrobin;seadec;.641033617;89;0.37;190.699;0.0240361194750053
190;roundrobin;ssa;.988059686;492;0.691;191.390;0.0468428353029938
191;roundrobin;SMA;.881680111;175;1.201;192.591;0.0303277073168743
192;roundrobin;SMA;.905677114;367;1.715;194.306;0.0400802183599336
193;roundrobin;ssa;.081080323;510;1.9;196.206;0.0472776063296307
194;roundrobin;SMA;.030981027;20;0.234;196.440;0.0044156703260322
188;roundrobin;ssa;7.424387516;498;1.386;190.329;0.0472776063296307
195;roundrobin;SMA;.970992098;183;2.185;198.625;0.027678078136308
197;roundrobin;SMA;.749243348;384;0.601;200.781;0.0385801680617862
198;roundrobin;ssa;1.008874984;495;0.75;201.531;0.0468428353029938
199;roundrobin;SMA;.892277948;24;0.167;201.698;0.0044156703260322
201;roundrobin;ssa;.037872564;305;0.055;203.958;0.0360930160445306
202;roundrobin;SMA;.030142357;8;0.727;204.685;0.00312822529954525
200;roundrobin;ssa;1.202015705;458;2.205;203.903;0.0462637861154206
203;roundrobin;seadec;.983919517;153;0.583;205.268;0.0200366493973128
204;roundrobin;seadec;.960525301;99;0.198;205.466;0.0200421445003984
196;roundrobin;ssa;7.279168347;484;1.555;200.180;0.0468428353029938
205;roundrobin;ssa;.892653094;554;3.539;209.005;0.0639327156526897
206;roundrobin;ssa;.980284799;449;4.009;213.014;0.0464705153781347
207;roundrobin;ssa;1.131245093;297;0.682;213.696;0.0354027676498525
209;roundrobin;ssa;.026004378;496;0.87;215.565;0.0472776063296307
208;roundrobin;ssa;1.027647742;531;0.999;214.695;0.0656320663227048
210;roundrobin;ssa;.038407353;524;0.646;216.211;0.0482841409439691
211;roundrobin;ssa;2.603368163;560;1.351;217.562;0.0650104625049824
212;roundrobin;ssa;2.117601603;534;4.461;222.023;0.0656320663227048
213;roundrobin;SMA;.640075879;196;3.45;225.473;0.0260920139484302
214;roundrobin;ssa;.923161166;287;0.461;225.934;0.0354027676498525
215;roundrobin;SMA;.890080583;203;2.254;228.188;0.0260920139484302
217;roundrobin;SMA;.043826955;394;0.274;230.667;0.0386866425310276
216;roundrobin;seadec;.902922912;145;2.205;230.393;0.0196202016385114
218;roundrobin;ssa;.047057627;484;1.346;232.013;0.0468428353029938
220;roundrobin;SMA;1.020261026;35;0.588;233.350;0.00572928357269349
219;roundrobin;ssa;3.591143816;315;0.749;232.762;0.0360930160445306
221;roundrobin;seadec;.646885160;128;2.537;235.887;0.0194549251238626
222;roundrobin;SMA;.634948048;10;0.8;236.687;0.00312822529954525
225;roundrobin;SMA;.029052605;389;0.082;238.572;0.0385801680617862
223;roundrobin;ssa;1.140967466;276;1.476;238.163;0.0351994025147571
226;roundrobin;ssa;.025023490;286;0.561;239.133;0.0354027676498525
224;roundrobin;SMA;.903404433;177;0.327;238.490;0.0303277073168743
227;roundrobin;seadec;1.632589094;70;2.129;241.262;0.00929623085818988
228;roundrobin;seadec;1.023468905;126;0.568;241.830;0.0194549251238626
229;roundrobin;SMA;.708018006;362;2.33;244.160;0.0400802183599336
230;roundrobin;seadec;.731082388;53;0.073;244.233;0.00853866866997741
231;roundrobin;ssa;1.036575855;520;1.637;245.870;0.0482841409439691
233;roundrobin;ssa;.033225499;279;0.548;247.157;0.0351994025147571
234;roundrobin;ssa;.030378055;530;0.19;247.347;0.0656320663227048
232;roundrobin;seadec;.918924864;90;0.739;246.609;0.0240361194750053
235;roundrobin;SMA;.944877643;369;2.605;249.952;0.0400802183599336
236;roundrobin;seadec;.939550842;144;1.654;251.606;0.0196202016385114
237;roundrobin;SMA;.647820536;374;0.402;252.008;0.0400802183599336
238;roundrobin;ssa;1.031221594;473;0.77;252.778;0.0463158279553995
239;roundrobin;seadec;.933970386;165;0.88;253.658;0.0200366493973128
240;roundrobin;seadec;.917893346;101;0.125;253.783;0.0200421445003984
241;roundrobin;SMA;.036308732;364;1.074;254.857;0.0400802183599336
242;roundrobin;seadec;.042428977;163;0.149;255.006;0.0200366493973128
243;roundrobin;seadec;.981195787;104;0.62;255.626;0.0200421445003984
244;roundrobin;SMA;.978681518;356;4.522;260.148;0.0427559244477954
245;roundrobin;ssa;.936275314;592;0.35;260.498;0.0658004472335592
246;roundrobin;SMA;.805180149;414;0.283;260.781;0.0423559013427496
247;roundrobin;SMA;.886057295;169;0.616;261.397;0.0303277073168743
249;roundrobin;SMA;.043108985;8;0.345;265.187;0.00312822529954525
248;roundrobin;SMA;.890080491;191;3.445;264.842;0.027678078136308
250;roundrobin;ssa;.031450187;504;1.996;267.183;0.0472776063296307
253;roundrobin;seadec;.737413899;86;0.219;267.859;0.0240361194750053
254;roundrobin;SMA;.671720492;192;0.926;268.785;0.027678078136308
251;roundrobin;ssa;2.523220191;522;0.362;267.545;0.0482841409439691
252;roundrobin;ssa;2.947964068;261;0.095;267.640;0.0351769567303275
257;roundrobin;seadec;.028771388;131;0.37;270.977;0.0194549251238626
255;roundrobin;seadec;.914128493;74;1.699;270.484;0.00929623085818988
258;roundrobin;ssa;.028184807;336;0.542;271.519;0.0377148729094167
256;roundrobin;ssa;1.041808904;543;0.123;270.607;0.0639327156526897
259;roundrobin;SMA;1.029821306;386;2.878;274.397;0.0385801680617862
260;roundrobin;ssa;2.671416849;582;0.117;274.514;0.0657184273159393
265;roundrobin;seadec;.027433616;62;0.316;277.691;0.00929623085818988
266;roundrobin;SMA;.030308828;375;0.177;277.868;0.0400802183599336
263;roundrobin;SMA;.904165696;41;0.151;277.341;0.00572928357269349
261;roundrobin;ssa;1.268972842;483;2.555;277.069;0.0468428353029938
262;roundrobin;ssa;1.120645354;533;0.121;277.190;0.0656320663227048
264;roundrobin;ssa;1.066736364;519;0.034;277.375;0.0482841409439691
267;roundrobin;ssa;2.553716938;583;2.358;280.226;0.0657184273159393
269;roundrobin;ssa;1.162819134;495;0.204;282.065;0.0468428353029938
270;roundrobin;SMA;.859845051;225;0.374;282.439;0.0262853423085934
271;roundrobin;ssa;1.193220487;455;1.296;283.735;0.0462637861154206
273;roundrobin;seadec;.025773425;64;0.184;285.200;0.00929623085818988
268;roundrobin;ssa;3.829878648;331;1.635;281.861;0.0377148729094167
272;roundrobin;SMA;.871170339;200;1.281;285.016;0.0260920139484302
274;roundrobin;ssa;.026680541;248;1.836;287.036;0.034465109395276
276;roundrobin;SMA;.980173447;352;0.684;287.960;0.0427559244477954
277;roundrobin;SMA;.652663999;228;4.456;292.416;0.0294444332989678
278;roundrobin;SMA;.761581605;14;1.42;293.836;0.00312822529954525
279;roundrobin;ssa;1.128720920;317;0.152;293.988;0.0369276456170677
275;roundrobin;ssa;8.772984400;440;0.24;287.276;0.0464705153781347
280;roundrobin;seadec;.890074814;160;4.367;298.355;0.0200366493973128
281;roundrobin;ssa;.049419815;341;2.347;300.702;0.0377148729094167
282;roundrobin;seadec;.034180888;123;0.535;301.237;0.0194549251238626
283;roundrobin;SMA;.969937863;37;2.838;304.075;0.00572928357269349
285;roundrobin;seadec;.717012257;65;1.269;305.894;0.00929623085818988
284;roundrobin;ssa;2.631263799;543;0.55;304.625;0.0639327156526897
286;roundrobin;seadec;.688801784;87;0.57;306.464;0.0240361194750053
287;roundrobin;ssa;1.034929860;570;2.839;309.303;0.0650104625049824
288;roundrobin;ssa;1.117279314;278;1.158;310.461;0.0351994025147571
289;roundrobin;ssa;.038834436;338;2.048;312.509;0.0377148729094167
290;roundrobin;SMA;.029572280;382;0.306;312.815;0.0385801680617862
291;roundrobin;SMA;.893794347;21;0.608;313.423;0.0044156703260322
292;roundrobin;ssa;2.632009862;544;1.711;315.134;0.0639327156526897
293;roundrobin;ssa;.985883508;440;2.035;317.169;0.0464705153781347
294;roundrobin;SMA;.708995977;375;1.087;318.256;0.0400802183599336
295;roundrobin;ssa;1.018962447;563;0.765;319.021;0.0650104625049824
297;roundrobin;ssa;.028142776;337;0.117;321.827;0.0377148729094167
298;roundrobin;SMA;.026520160;353;0.037;321.864;0.0427559244477954
296;roundrobin;ssa;1.082673376;551;2.689;321.710;0.0639327156526897
301;roundrobin;SMA;.658070311;239;0.422;326.428;0.0294444332989678
302;roundrobin;ssa;1.006700738;464;0.956;327.384;0.0462637861154206
305;roundrobin;ssa;.045467010;578;0.306;328.442;0.0657184273159393
300;roundrobin;ssa;3.147320952;265;1.347;326.006;0.0351769567303275
303;roundrobin;ssa;1.117325907;242;0.56;327.944;0.034465109395276
306;roundrobin;SMA;.039247063;42;0.509;328.951;0.00572928357269349
304;roundrobin;ssa;1.129849877;273;0.192;328.136;0.0351994025147571
307;roundrobin;SMA;.939062168;184;0.177;329.128;0.027678078136308
309;roundrobin;SMA;.723918575;171;0.019;330.308;0.0303277073168743
299;roundrobin;ssa;7.387761402;491;2.795;324.659;0.0468428353029938
308;roundrobin;SMA;2.225594223;404;1.161;330.289;0.0386866425310276
310;roundrobin;ssa;.929538077;342;1.54;331.848;0.0377148729094167
311;roundrobin;ssa;1.092484507;254;0.76;332.608;0.034465109395276
313;roundrobin;ssa;.038757897;570;0.237;334.622;0.0650104625049824
312;roundrobin;ssa;1.048237708;513;1.777;334.385;0.0482841409439691
314;roundrobin;seadec;.038229254;98;0.828;335.450;0.0200421445003984
315;roundrobin;SMA;.920286076;12;0.495;335.945;0.00312822529954525
317;roundrobin;SMA;.775246897;4;0.131;336.202;0.00312822529954525
316;roundrobin;SMA;.956560779;420;0.126;336.071;0.0423559013427496
318;roundrobin;SMA;.776131779;386;0.267;336.469;0.0385801680617862
319;roundrobin;ssa;1.190854391;472;0.528;336.997;0.0463158279553995
320;roundrobin;seadec;.895047890;56;1.608;338.605;0.00853866866997741
321;roundrobin;ssa;.050580876;588;1.164;339.769;0.0658004472335592
322;roundrobin;SMA;.029735628;360;0.019;339.788;0.0427559244477954
325;roundrobin;seadec;.708353698;159;0.086;341.199;0.0200366493973128
326;roundrobin;ssa;.958305473;580;0.381;341.580;0.0657184273159393
327;roundrobin;seadec;.898381127;52;0.298;341.878;0.00853866866997741
323;roundrobin;ssa;3.150470284;272;0.706;340.494;0.0351994025147571
324;roundrobin;ssa;2.690059536;506;0.619;341.113;0.0472776063296307
329;roundrobin;seadec;.031486583;80;0.191;344.612;0.0240361194750053
330;roundrobin;SMA;.055578395;233;0.089;344.701;0.0294444332989678
328;roundrobin;SMA;.872854378;1;2.543;344.421;0.00312822529954525
331;roundrobin;ssa;1.599929982;107;0.279;344.980;0.0189752485931269
333;roundrobin;ssa;.960576095;342;0.146;346.281;0.0377148729094167
332;roundrobin;ssa;2.274765391;600;1.155;346.135;0.0658004472335592
334;roundrobin;ssa;.951900999;303;2.535;348.816;0.0360930160445306
335;roundrobin;SMA;.881483183;220;1.667;350.483;0.0262853423085934
337;roundrobin;ssa;.029375183;430;0.435;351.707;0.0450325086617828
336;roundrobin;SMA;.902867917;417;0.789;351.272;0.0423559013427496
338;roundrobin;SMA;.030732902;361;1.027;352.734;0.0400802183599336
341;roundrobin;ssa;1.012637462;492;0.52;353.500;0.0468428353029938
340;roundrobin;ssa;2.922896991;511;0.187;352.980;0.0482841409439691
339;roundrobin;ssa;3.329234345;281;0.059;352.793;0.0351994025147571
342;roundrobin;ssa;.957109350;445;3.043;356.543;0.0464705153781347
343;roundrobin;SMA;.870536910;24;0.262;356.805;0.0044156703260322
345;roundrobin;SMA;.028932354;41;0.415;358.969;0.00572928357269349
344;roundrobin;ssa;1.019528065;109;1.749;358.554;0.0189752485931269
346;roundrobin;SMA;.028964526;198;0.752;359.721;0.0260920139484302
347;roundrobin;SMA;1.111027584;180;2.365;362.086;0.0303277073168743
349;roundrobin;SMA;.702585019;172;0.502;363.014;0.0303277073168743
350;roundrobin;ssa;.895789514;242;1.748;364.762;0.034465109395276
351;roundrobin;ssa;1.169245079;273;1.481;366.243;0.0351994025147571
353;roundrobin;ssa;.028917790;326;0.728;367.290;0.0369276456170677
352;roundrobin;SMA;.918366772;419;0.319;366.562;0.0423559013427496
354;roundrobin;ssa;.033143180;499;0.686;367.976;0.0472776063296307
348;roundrobin;ssa;6.707948382;468;0.426;362.512;0.0463158279553995
356;roundrobin;seadec;1.129728880;53;1.095;369.795;0.00853866866997741
357;roundrobin;seadec;.661093350;55;1.531;371.326;0.00853866866997741
358;roundrobin;ssa;.942478341;428;0.892;372.218;0.0450325086617828
359;roundrobin;ssa;1.046630819;517;0.072;372.290;0.0482841409439691
360;roundrobin;ssa;1.044330662;574;0.517;372.807;0.0657184273159393
361;roundrobin;ssa;.031177936;345;1.352;374.159;0.0377148729094167
362;roundrobin;SMA;.031013679;224;1.391;375.550;0.0262853423085934
355;roundrobin;ssa;7.412210421;498;0.724;368.700;0.0472776063296307
363;roundrobin;ssa;2.596174335;571;0.694;376.244;0.0657184273159393
364;roundrobin;seadec;.929720179;104;1.6;377.844;0.0200421445003984
365;roundrobin;ssa;.844959833;111;0.116;377.960;0.0189752485931269
366;roundrobin;ssa;.929006215;540;1.897;379.857;0.0656320663227048
367;roundrobin;SMA;.898409420;205;1.919;381.776;0.0260920139484302
368;roundrobin;SMA;.897442718;216;0.007;381.783;0.0262853423085934
369;roundrobin;SMA;.030943830;194;2.377;384.160;0.027678078136308
370;roundrobin;seadec;.031289868;128;0.589;384.749;0.0194549251238626
372;roundrobin;SMA;2.134891291;364;0.08;384.972;0.0400802183599336
373;roundrobin;seadec;.701679988;122;1.674;386.646;0.0194549251238626
374;roundrobin;SMA;.634743314;206;1.034;387.680;0.0260920139484302
375;roundrobin;seadec;.910748030;47;0.171;387.851;0.00853866866997741
377;roundrobin;ssa;.030152603;271;0.303;388.676;0.0351994025147571
376;roundrobin;ssa;1.133732444;314;0.522;388.373;0.0360930160445306
371;roundrobin;ssa;7.104738380;435;0.143;384.892;0.0450325086617828
378;roundrobin;seadec;.034037158;62;3.796;392.472;0.00929623085818988
379;roundrobin;ssa;1.722395836;108;2.614;395.086;0.0189752485931269
381;roundrobin;ssa;1.029840434;446;0.573;395.975;0.0464705153781347
380;roundrobin;ssa;1.710360326;110;0.316;395.402;0.0189752485931269
382;roundrobin;SMA;.657284698;181;1.995;397.970;0.027678078136308
383;roundrobin;seadec;.908531521;131;0.944;398.914;0.0194549251238626
384;roundrobin;ssa;1.050996547;579;0.06;398.974;0.0657184273159393
385;roundrobin;ssa;.029746261;321;1.85;400.824;0.0369276456170677
386;roundrobin;SMA;.025489420;411;0.065;400.889;0.0423559013427496
387;roundrobin;SMA;.985859595;206;1.086;401.975;0.0260920139484302
389;roundrobin;SMA;.732718134;420;0.584;402.579;0.0423559013427496
390;roundrobin;ssa;.928999036;573;0.892;403.471;0.0657184273159393
391;roundrobin;ssa;1.127639814;292;3.773;407.244;0.0354027676498525
388;roundrobin;ssa;6.615729778;458;0.02;401.995;0.0462637861154206
393;roundrobin;seadec;.030368358;47;0.815;408.619;0.00853866866997741
392;roundrobin;ssa;1.049636608;559;0.56;407.804;0.0650104625049824
394;roundrobin;ssa;.030750676;261;2.361;410.980;0.0351769567303275
397;roundrobin;seadec;.684826516;144;0.973;415.209;0.0196202016385114
395;roundrobin;ssa;2.919400275;245;2.314;413.294;0.034465109395276
398;roundrobin;seadec;.657497504;153;0.878;416.087;0.0200366493973128
396;roundrobin;ssa;2.675780588;555;0.942;414.236;0.0639327156526897
401;roundrobin;ssa;.026610003;598;0.084;418.296;0.0658004472335592
400;roundrobin;SMA;.886924520;406;0.178;418.212;0.0423559013427496
399;roundrobin;ssa;1.166188288;328;1.947;418.034;0.0369276456170677
402;roundrobin;seadec;.039302832;143;3.262;421.558;0.0196202016385114
405;roundrobin;ssa;.911312888;522;0.554;422.872;0.0482841409439691
404;roundrobin;ssa;1.606849421;106;0.066;422.318;0.0189752485931269
406;roundrobin;ssa;.923325415;584;3.703;426.575;0.0657184273159393
403;roundrobin;ssa;7.314764122;487;0.694;422.252;0.0468428353029938
407;roundrobin;ssa;1.148524963;341;2.308;428.883;0.0377148729094167
408;roundrobin;ssa;1.110917458;255;0.393;429.276;0.034465109395276
409;roundrobin;SMA;.038861303;418;1.108;430.384;0.0423559013427496
410;roundrobin;SMA;.031082184;196;1.318;431.702;0.0260920139484302
411;roundrobin;SMA;1.044914956;38;0.925;432.627;0.00572928357269349
413;roundrobin;SMA;.637603949;34;0.516;433.621;0.00572928357269349
414;roundrobin;seadec;.652973334;52;0.599;434.220;0.00853866866997741
415;roundrobin;seadec;.905558393;103;0.257;434.477;0.0200421445003984
412;roundrobin;ssa;2.626945449;566;0.478;433.105;0.0650104625049824
416;roundrobin;ssa;1.197112297;432;0.123;434.600;0.0450325086617828
417;roundrobin;SMA;.028794292;347;1.693;436.293;0.0427559244477954
418;roundrobin;ssa;.026371123;112;0.054;436.347;0.0189752485931269
420;roundrobin;seadec;1.028758227;59;1.213;437.571;0.00853866866997741
421;roundrobin;SMA;.652227363;180;0.474;438.045;0.0303277073168743
422;roundrobin;seadec;.639818842;131;0.811;438.856;0.0194549251238626
419;roundrobin;ssa;3.484149264;302;0.011;436.358;0.0360930160445306
423;roundrobin;SMA;.929229251;33;0.313;439.169;0.00572928357269349
425;roundrobin;seadec;.031750725;140;0.444;440.172;0.0196202016385114
426;roundrobin;ssa;.035898112;578;0.191;440.363;0.0657184273159393
424;roundrobin;SMA;.867754788;38;0.559;439.728;0.00572928357269349
428;roundrobin;SMA;.936698302;40;0.118;441.762;0.00572928357269349
427;roundrobin;seadec;1.137779618;53;1.281;441.644;0.00853866866997741
429;roundrobin;ssa;1.017573145;585;0.151;441.913;0.0657184273159393
430;roundrobin;ssa;1.072480577;595;0.233;442.146;0.0658004472335592
431;roundrobin;ssa;1.187596587;445;0.381;442.527;0.0464705153781347
433;roundrobin;SMA;.042684044;229;0.096;444.237;0.0294444332989678
432;roundrobin;seadec;.877757157;46;1.614;444.141;0.00853866866997741
434;roundrobin;ssa;.024646102;450;2.923;447.160;0.0464705153781347
435;roundrobin;SMA;1.016921343;350;1.113;448.273;0.0427559244477954
437;roundrobin;seadec;.717102983;69;0.23;449.712;0.00929623085818988
436;roundrobin;SMA;.984211673;17;1.209;449.482;0.0044156703260322
438;roundrobin;SMA;.723547643;4;0.012;449.724;0.00312822529954525
439;roundrobin;ssa;1.010084235;535;1.045;450.769;0.0656320663227048
441;roundrobin;SMA;.030299232;175;0.147;451.926;0.0303277073168743
440;roundrobin;ssa;1.190554702;477;1.01;451.779;0.0463158279553995
442;roundrobin;ssa;.030253304;427;3.395;455.321;0.0450325086617828
443;roundrobin;SMA;1.103126611;360;1.297;456.618;0.0427559244477954
445;roundrobin;ssa;.986998279;431;1.736;459.090;0.0450325086617828
444;roundrobin;ssa;3.680265656;322;0.736;457.354;0.0369276456170677
446;roundrobin;ssa;.974290102;462;2.809;461.899;0.0462637861154206
447;roundrobin;seadec;.880455738;62;0.589;462.488;0.00929623085818988
449;roundrobin;ssa;.029016779;328;0.087;465.361;0.0369276456170677
448;roundrobin;ssa;1.033906208;106;2.786;465.274;0.0189752485931269
450;roundrobin;ssa;.043887682;303;3.592;468.953;0.0360930160445306
451;roundrobin;SMA;1.067313032;4;0.553;469.506;0.00312822529954525
453;roundrobin;SMA;.811869260;364;4.509;474.530;0.0400802183599336
452;roundrobin;ssa;5.763741374;433;0.515;470.021;0.0450325086617828
454;roundrobin;ssa;.956417487;571;0.636;475.166;0.0657184273159393
455;roundrobin;seadec;.884141264;78;0.293;475.459;0.0240361194750053
457;roundrobin;SMA;.032467499;395;0.992;477.816;0.0386866425310276
456;roundrobin;ssa;1.115266999;320;1.365;476.824;0.0369276456170677
458;roundrobin;SMA;.028976149;220;0.532;478.348;0.0262853423085934
460;roundrobin;SMA;1.062193014;10;0.039;478.796;0.00312822529954525
461;roundrobin;ssa;1.006371899;301;0.472;479.268;0.0360930160445306
462;roundrobin;seadec;.776297596;50;0.4;479.668;0.00853866866997741
463;roundrobin;ssa;1.092723534;269;0.132;479.800;0.0351769567303275
459;roundrobin;ssa;2.624570173;509;0.409;478.757;0.0472776063296307
465;roundrobin;SMA;.038582345;216;0.114;481.076;0.0262853423085934
466;roundrobin;SMA;.038082974;373;0.189;481.265;0.0400802183599336
464;roundrobin;ssa;1.042396153;526;1.162;480.962;0.0656320663227048
467;roundrobin;seadec;.925716145;83;0.352;481.617;0.0240361194750053
468;roundrobin;SMA;1.009873689;201;0.206;481.823;0.0260920139484302
469;roundrobin;ssa;1.022450030;290;0.376;482.199;0.0354027676498525
470;roundrobin;ssa;1.202048780;332;0.233;482.432;0.0377148729094167
471;roundrobin;ssa;1.049046591;553;0.21;482.642;0.0639327156526897
473;roundrobin;ssa;.028914190;312;0.601;483.534;0.0360930160445306
472;roundrobin;seadec;.919641022;91;0.291;482.933;0.0200421445003984
474;roundrobin;ssa;.027102112;312;1.179;484.713;0.0360930160445306
475;roundrobin;SMA;.997829646;19;1.413;486.126;0.0044156703260322
476;roundrobin;seadec;.984586422;63;0.303;486.429;0.00929623085818988
477;roundrobin;SMA;.639785319;178;0.599;487.028;0.0303277073168743
478;roundrobin;SMA;.689459528;416;1.718;488.746;0.0423559013427496
479;roundrobin;seadec;.918064192;104;1.012;489.758;0.0200421445003984
480;roundrobin;ssa;1.045229340;502;0.179;489.937;0.0472776063296307
481;roundrobin;seadec;.040635928;151;0.885;490.822;0.0200366493973128
482;roundrobin;SMA;.029980981;43;0.537;491.359;0.00572928357269349
485;roundrobin;seadec;.668487147;88;0.097;493.191;0.0240361194750053
484;roundrobin;seadec;.995164591;78;0.874;493.094;0.0240361194750053
486;roundrobin;seadec;.640096824;46;0.603;493.794;0.00853866866997741
487;roundrobin;SMA;.921808059;355;1.034;494.828;0.0427559244477954
488;roundrobin;ssa;1.053262837;572;0.095;494.923;0.0657184273159393
489;roundrobin;seadec;.025523994;46;3.392;498.315;0.00853866866997741
490;roundrobin;ssa;.027404423;255;0.37;498.685;0.034465109395276
483;roundrobin;ssa;7.439779320;494;0.861;492.220;0.0468428353029938
492;roundrobin;seadec;.951651311;77;1.235;499.972;0.0240361194750053
491;roundrobin;ssa;3.256476774;283;0.052;498.737;0.0351994025147571
494;roundrobin;SMA;.820053576;33;0.055;501.447;0.00572928357269349
493;roundrobin;ssa;.966898144;532;1.42;501.392;0.0656320663227048
495;roundrobin;ssa;1.199105449;258;1.134;502.581;0.0351769567303275
496;roundrobin;ssa;1.118588107;540;0.032;502.613;0.0656320663227048
497;roundrobin;ssa;.029827049;550;1.685;504.298;0.0639327156526897
498;roundrobin;SMA;.036965201;403;0.161;504.459;0.0386866425310276
499;roundrobin;SMA;.970845336;27;2.532;506.991;0.0044156703260322
501;roundrobin;seadec;.642915428;127;1.123;508.426;0.0194549251238626
502;roundrobin;ssa;1.034137705;478;1.407;509.833;0.0463158279553995
505;roundrobin;SMA;.026513984;27;0.052;510.923;0.0044156703260322
503;roundrobin;seadec;.944214302;149;0.97;510.803;0.0196202016385114
504;roundrobin;SMA;.913706861;26;0.068;510.871;0.0044156703260322
506;roundrobin;ssa;.031781426;578;2.253;513.176;0.0657184273159393
500;roundrobin;ssa;6.466146378;460;0.312;507.303;0.0462637861154206
507;roundrobin;seadec;.946131849;148;0.293;513.469;0.0196202016385114
508;roundrobin;SMA;.955541155;391;0.706;514.175;0.0386866425310276
509;roundrobin;SMA;.652502461;186;1.923;516.098;0.027678078136308
510;roundrobin;ssa;.919435985;319;1.23;517.328;0.0369276456170677
513;roundrobin;ssa;.029962321;492;0.456;518.764;0.0468428353029938
514;roundrobin;SMA;.032093376;395;0.092;518.856;0.0386866425310276
511;roundrobin;SMA;.911079061;192;0.923;518.251;0.027678078136308
512;roundrobin;ssa;1.228721777;446;0.057;518.308;0.0464705153781347
517;roundrobin;SMA;.871160918;184;0.816;519.955;0.027678078136308
516;roundrobin;ssa;3.302668637;281;0.066;519.139;0.0351994025147571
518;roundrobin;ssa;.920741269;282;1.799;521.754;0.0351994025147571
519;roundrobin;ssa;1.198698050;445;0.306;522.060;0.0464705153781347
521;roundrobin;ssa;.032614407;108;0.345;524.026;0.0189752485931269
522;roundrobin;ssa;.029890153;536;0.474;524.500;0.0656320663227048
520;roundrobin;ssa;1.035249655;580;1.621;523.681;0.0657184273159393
515;roundrobin;ssa;6.861208437;467;0.217;519.073;0.0463158279553995
523;roundrobin;SMA;.958267643;363;1.598;526.098;0.0400802183599336
524;roundrobin;SMA;.938285369;32;1.952;528.050;0.00572928357269349
525;roundrobin;seadec;.703706840;146;0.19;528.240;0.0196202016385114
526;roundrobin;ssa;1.050938967;464;0.68;528.920;0.0462637861154206
527;roundrobin;SMA;.923230251;409;1.537;530.457;0.0423559013427496
529;roundrobin;ssa;.029002533;471;1.134;532.105;0.0463158279553995
528;roundrobin;ssa;1.228099910;497;0.514;530.971;0.0472776063296307
530;roundrobin;seadec;.030317462;83;1.699;533.804;0.0240361194750053
531;roundrobin;seadec;.959786128;132;1.321;535.125;0.0194549251238626
533;roundrobin;seadec;.644009636;164;0.241;535.468;0.0200366493973128
532;roundrobin;SMA;1.007350911;401;0.102;535.227;0.0386866425310276
534;roundrobin;SMA;.646695615;360;0.585;536.053;0.0427559244477954
537;roundrobin;ssa;.030177046;589;0.049;537.073;0.0658004472335592
538;roundrobin;ssa;.038617197;106;0.26;537.333;0.0189752485931269
535;roundrobin;ssa;1.256785252;477;0.468;536.521;0.0463158279553995
536;roundrobin;ssa;1.106948150;246;0.503;537.024;0.034465109395276
541;roundrobin;SMA;.695206195;43;0.025;538.874;0.00572928357269349
542;roundrobin;ssa;1.036686310;279;0.135;539.009;0.0351994025147571
539;roundrobin;seadec;2.633318288;124;0.733;538.066;0.0194549251238626
543;roundrobin;seadec;.916062189;79;1.3;540.309;0.0240361194750053
545;roundrobin;ssa;.033875945;576;0.734;542.016;0.0657184273159393
544;roundrobin;ssa;1.176479885;434;0.973;541.282;0.0450325086617828
546;roundrobin;SMA;.026264865;214;0.645;542.661;0.0262853423085934
547;roundrobin;SMA;1.021933902;347;0.21;542.871;0.0427559244477954
548;roundrobin;SMA;.993718194;172;0.343;543.214;0.0303277073168743
549;roundrobin;seadec;.699814111;77;1.129;544.343;0.0240361194750053
550;roundrobin;ssa;.913107980;559;0.477;544.820;0.0650104625049824
551;roundrobin;seadec;.951728423;47;0.695;545.515;0.00853866866997741
540;roundrobin;ssa;8.846625301;488;0.783;538.849;0.0468428353029938
552;roundrobin;SMA;.883348579;216;0.704;546.219;0.0262853423085934
553;roundrobin;ssa;.028433294;427;1;547.219;0.0450325086617828
554;roundrobin;ssa;.036923318;560;0.344;547.563;0.0650104625049824
556;roundrobin;SMA;.998672361;22;1.063;549.123;0.0044156703260322
555;roundrobin;ssa;2.581865402;560;0.497;548.060;0.0650104625049824
557;roundrobin;ssa;1.000709407;564;0.814;549.937;0.0650104625049824
558;roundrobin;seadec;.807314211;46;0.475;550.412;0.00853866866997741
559;roundrobin;seadec;.927828877;140;0.254;550.666;0.0196202016385114
560;roundrobin;SMA;.890921128;210;0.267;550.933;0.0260920139484302
561;roundrobin;seadec;.029116308;83;1.793;552.726;0.0240361194750053
562;roundrobin;SMA;.041801772;352;1.735;554.461;0.0427559244477954
563;roundrobin;seadec;1.022538753;99;0.366;554.827;0.0200421445003984
564;roundrobin;SMA;.927777336;2;2.445;557.272;0.00312822529954525
565;roundrobin;SMA;.693865717;371;1.578;558.850;0.0400802183599336
566;roundrobin;SMA;.678435497;8;0.178;559.028;0.00312822529954525
567;roundrobin;SMA;.894183535;185;0.123;559.151;0.027678078136308
568;roundrobin;ssa;1.125783838;339;1.518;560.669;0.0377148729094167
569;roundrobin;seadec;.028430242;93;2.67;563.339;0.0200421445003984
570;roundrobin;SMA;.039904858;388;0.855;564.194;0.0385801680617862
571;roundrobin;ssa;2.527971227;551;1.594;565.788;0.0639327156526897
573;roundrobin;SMA;.649405331;369;0.023;567.795;0.0400802183599336
572;roundrobin;SMA;.953897582;396;1.984;567.772;0.0386866425310276
574;roundrobin;ssa;.994921725;482;1.594;569.389;0.0468428353029938
575;roundrobin;SMA;.874383731;196;0.155;569.544;0.0260920139484302
576;roundrobin;SMA;.900132528;3;1.035;570.579;0.00312822529954525
577;roundrobin;SMA;.025862332;216;1.225;571.804;0.0262853423085934
578;roundrobin;seadec;.031167041;80;0.17;571.974;0.0240361194750053
579;roundrobin;ssa;2.449670050;593;0.063;572.037;0.0658004472335592
580;roundrobin;SMA;.931484681;217;1.963;574.000;0.0262853423085934
581;roundrobin;ssa;1.118438435;245;1.145;575.145;0.034465109395276
582;roundrobin;ssa;.976937882;311;1.89;577.035;0.0360930160445306
583;roundrobin;SMA;.876208059;210;0.537;577.572;0.0260920139484302
584;roundrobin;ssa;1.200221107;470;1.024;578.596;0.0463158279553995
585;roundrobin;SMA;.026859147;392;2.506;581.102;0.0386866425310276
586;roundrobin;SMA;.046811578;23;2.638;583.740;0.0044156703260322
587;roundrobin;seadec;.892651449;49;0.271;584.011;0.00853866866997741
588;roundrobin;SMA;.947052028;416;1.975;585.986;0.0423559013427496
589;roundrobin;ssa;.934936545;263;0.74;586.726;0.0351769567303275
590;roundrobin;ssa;.966250610;519;0.968;587.694;0.0482841409439691
591;roundrobin;SMA;.901438120;237;0.036;587.730;0.0294444332989678
592;roundrobin;ssa;1.203515748;444;0.145;587.875;0.0464705153781347
593;roundrobin;ssa;.040577051;296;2.954;590.829;0.0354027676498525
594;roundrobin;SMA;.026878397;365;3.624;594.453;0.0400802183599336
595;roundrobin;SMA;.854647750;7;1.959;596.412;0.00312822529954525
596;roundrobin;SMA;.955844725;357;1.057;597.469;0.0427559244477954
597;roundrobin;SMA;.702227136;234;0.828;598.297;0.0294444332989678
598;roundrobin;ssa;.886040896;590;1.877;600.174;0.0658004472335592
599;roundrobin;seadec;.892189033;121;2.022;602.196;0.0194549251238626
600;roundrobin;seadec;.902669604;123;1.668;603.864;0.0194549251238626
601;roundrobin;SMA;.044640552;360;0.796;604.660;0.0427559244477954
602;roundrobin;SMA;.030027428;383;0.505;605.165;0.0385801680617862
605;roundrobin;seadec;.653245176;68;2.259;608.916;0.00929623085818988
606;roundrobin;ssa;.938064725;281;0.708;609.624;0.0351994025147571
607;roundrobin;SMA;.869205879;171;1.224;610.848;0.0303277073168743
603;roundrobin;ssa;6.306340098;440;1.056;606.221;0.0464705153781347
608;roundrobin;seadec;.878128380;57;1.22;612.068;0.00853866866997741
609;roundrobin;SMA;.027909026;34;2.158;614.226;0.00572928357269349
604;roundrobin;ssa;8.870019922;438;0.436;606.657;0.0464705153781347
610;roundrobin;ssa;.036758965;466;0.85;615.076;0.0463158279553995
612;roundrobin;seadec;.970761895;70;0.603;616.208;0.00929623085818988
611;roundrobin;ssa;2.806549303;559;0.529;615.605;0.0650104625049824
613;roundrobin;ssa;1.160666233;489;2.019;618.227;0.0468428353029938
615;roundrobin;ssa;1.025909711;517;0.027;618.325;0.0482841409439691
614;roundrobin;ssa;1.173101858;446;0.071;618.298;0.0464705153781347
617;roundrobin;SMA;.025992375;182;1.045;620.819;0.027678078136308
616;roundrobin;ssa;1.194520758;456;1.449;619.774;0.0462637861154206
618;roundrobin;ssa;.025229669;249;1.708;622.527;0.034465109395276
619;roundrobin;SMA;.913515525;36;1.038;623.565;0.00572928357269349
621;roundrobin;SMA;.646839321;44;0.038;625.146;0.00572928357269349
622;roundrobin;SMA;.644711103;39;0.571;625.717;0.00572928357269349
623;roundrobin;SMA;.892855532;199;0.159;625.876;0.0260920139484302
624;roundrobin;ssa;1.206860785;443;0.054;625.930;0.0464705153781347
625;roundrobin;ssa;.027729803;427;1.335;627.265;0.0450325086617828
626;roundrobin;seadec;.029128479;63;0.461;627.726;0.00929623085818988
620;roundrobin;ssa;3.689984531;321;1.543;625.108;0.0369276456170677
627;roundrobin;ssa;2.721463562;562;0.079;627.805;0.0650104625049824
629;roundrobin;SMA;.690462676;415;0.709;629.674;0.0423559013427496
628;roundrobin;ssa;2.660936211;548;1.16;628.965;0.0639327156526897
633;roundrobin;ssa;.032698553;515;0.111;632.346;0.0482841409439691
630;roundrobin;ssa;.939231809;554;2.22;631.894;0.0639327156526897
631;roundrobin;seadec;.946756453;87;0.16;632.054;0.0240361194750053
632;roundrobin;SMA;.883227602;202;0.181;632.235;0.0260920139484302
634;roundrobin;SMA;.028474727;178;0.578;632.924;0.0303277073168743
635;roundrobin;SMA;1.128203204;367;2.611;635.535;0.0400802183599336
636;roundrobin;SMA;.932422623;19;0.746;636.281;0.0044156703260322
637;roundrobin;SMA;.716423931;419;1.939;638.220;0.0423559013427496
638;roundrobin;ssa;.905109440;515;0.429;638.649;0.0482841409439691
639;roundrobin;ssa;1.048416419;518;0.177;638.826;0.0482841409439691
640;roundrobin;SMA;.914227107;227;0.225;639.051;0.0294444332989678
641;roundrobin;SMA;.038877189;400;1.449;640.500;0.0386866425310276
642;roundrobin;ssa;.027946476;571;1.828;642.328;0.0657184273159393
645;roundrobin;seadec;.739886305;73;0.934;646.398;0.00929623085818988
643;roundrobin;ssa;2.894933450;254;2.358;644.686;0.034465109395276
644;roundrobin;ssa;3.485728581;302;0.778;645.464;0.0360930160445306
646;roundrobin;SMA;.708270807;215;1.59;647.988;0.0262853423085934
649;roundrobin;ssa;.033392140;506;0.614;648.869;0.0472776063296307
647;roundrobin;SMA;.902516249;1;0.199;648.187;0.00312822529954525
648;roundrobin;ssa;1.059285737;522;0.068;648.255;0.0482841409439691
650;roundrobin;SMA;.031772084;16;2.167;651.036;0.0044156703260322
651;roundrobin;SMA;1.102497940;43;0.372;651.408;0.00572928357269349
653;roundrobin;ssa;1.186124883;248;0.931;652.380;0.034465109395276
654;roundrobin;ssa;1.200808041;585;0.059;652.439;0.0657184273159393
655;roundrobin;SMA;.857682891;35;0.732;653.171;0.00572928357269349
652;roundrobin;ssa;2.943741960;526;0.041;651.449;0.0656320663227048
656;roundrobin;seadec;.882624235;78;1.285;654.456;0.0240361194750053
657;roundrobin;seadec;.030815757;126;2.245;656.701;0.0194549251238626
658;roundrobin;SMA;.025241227;368;0.157;656.858;0.0400802183599336
659;roundrobin;ssa;2.751480520;563;0.435;657.293;0.0650104625049824
660;roundrobin;SMA;.883882703;183;2.602;659.895;0.027678078136308
661;roundrobin;SMA;.688346626;397;0.781;660.676;0.0386866425310276
662;roundrobin;ssa;.973741700;445;1.398;662.074;0.0464705153781347
663;roundrobin;SMA;.887452518;403;0.084;662.158;0.0386866425310276
664;roundrobin;ssa;1.144973342;331;0.578;662.736;0.0377148729094167
665;roundrobin;ssa;.031087726;463;2.311;665.047;0.0462637861154206
666;roundrobin;ssa;.039555887;539;0.549;665.596;0.0656320663227048
669;roundrobin;SMA;.721071866;362;0.595;666.839;0.0400802183599336
667;roundrobin;ssa;3.332033380;286;0.074;665.670;0.0354027676498525
673;roundrobin;SMA;.031003435;25;0.173;668.814;0.0044156703260322
674;roundrobin;ssa;.032829653;552;0.08;668.894;0.0639327156526897
670;roundrobin;ssa;1.029510945;434;1.61;668.449;0.0450325086617828
672;roundrobin;SMA;.875376542;195;0.103;668.641;0.027678078136308
671;roundrobin;ssa;1.055204640;564;0.089;668.538;0.0650104625049824
668;roundrobin;ssa;4.042506158;336;0.574;666.244;0.0377148729094167
676;roundrobin;SMA;.925240659;19;0.387;669.593;0.0044156703260322
675;roundrobin;ssa;3.402220620;300;0.312;669.206;0.0354027676498525
677;roundrobin;SMA;.701846815;213;2.349;671.942;0.0262853423085934
678;roundrobin;SMA;.663453064;205;1.539;673.481;0.0260920139484302
681;roundrobin;SMA;.027380241;226;0.026;676.000;0.0294444332989678
679;roundrobin;ssa;1.052790926;542;2.204;675.685;0.0639327156526897
680;roundrobin;SMA;.896138002;393;0.289;675.974;0.0386866425310276
682;roundrobin;ssa;.037544675;544;3.067;679.067;0.0639327156526897
684;roundrobin;SMA;.945639321;218;0.702;681.130;0.0262853423085934
683;roundrobin;ssa;2.590190524;575;1.361;680.428;0.0657184273159393
685;roundrobin;seadec;.809747285;96;2.184;683.314;0.0200421445003984
687;roundrobin;seadec;.883065629;87;0.021;683.433;0.0240361194750053
686;roundrobin;ssa;1.032563806;304;0.098;683.412;0.0360930160445306
689;roundrobin;SMA;.054302424;25;0.366;684.734;0.0044156703260322
688;roundrobin;seadec;.897379286;124;0.935;684.368;0.0194549251238626
690;roundrobin;ssa;.050696801;253;0.497;685.231;0.034465109395276
691;roundrobin;SMA;.962763736;225;0.24;685.471;0.0262853423085934
692;roundrobin;ssa;3.804298627;331;1.06;686.531;0.0377148729094167
693;roundrobin;seadec;.727079749;133;5.99;692.521;0.0194549251238626
694;roundrobin;seadec;.756053602;139;0.386;692.907;0.0196202016385114
695;roundrobin;SMA;.865976941;210;0.481;693.388;0.0260920139484302
696;roundrobin;seadec;.867692998;67;0.672;694.060;0.00929623085818988
697;roundrobin;SMA;.028515983;177;0.998;695.058;0.0303277073168743
698;roundrobin;ssa;.045957202;439;0.194;695.252;0.0464705153781347
701;roundrobin;ssa;1.166493610;317;0.153;695.703;0.0369276456170677
702;roundrobin;ssa;1.190165186;436;0.017;695.720;0.0464705153781347
703;roundrobin;seadec;.883364793;163;0.851;696.571;0.0200366493973128
705;roundrobin;SMA;.068269863;34;0.217;697.587;0.00572928357269349
700;roundrobin;ssa;2.816554418;572;0.012;695.550;0.0657184273159393
699;roundrobin;ssa;3.056863328;266;0.286;695.538;0.0351769567303275
704;roundrobin;ssa;1.028859576;540;0.799;697.370;0.0656320663227048
706;roundrobin;seadec;.024291853;104;1.255;698.842;0.0200421445003984
708;roundrobin;seadec;.970731059;104;1.237;700.936;0.0200421445003984
709;roundrobin;SMA;.967805923;221;0.643;701.579;0.0262853423085934
710;roundrobin;seadec;.636091906;86;1.813;703.392;0.0240361194750053
711;roundrobin;ssa;1.166776483;425;0.665;704.057;0.0450325086617828
713;roundrobin;ssa;.025805219;261;0.03;705.514;0.0351769567303275
714;roundrobin;ssa;.031654624;285;0.275;705.789;0.0351994025147571
707;roundrobin;ssa;6.504759907;457;0.857;699.699;0.0462637861154206
712;roundrobin;ssa;1.021028869;517;1.427;705.484;0.0482841409439691
715;roundrobin;seadec;.950754613;53;0.985;706.774;0.00853866866997741
716;roundrobin;SMA;1.049539928;418;0.779;707.553;0.0423559013427496
717;roundrobin;ssa;1.079368854;327;0.127;707.680;0.0369276456170677
718;roundrobin;ssa;.991895754;506;0.462;708.142;0.0472776063296307
719;roundrobin;seadec;.895678664;102;7.1;715.242;0.0200421445003984
720;roundrobin;SMA;.892945564;234;0.257;715.499;0.0294444332989678
721;roundrobin;SMA;.026549932;225;1.176;716.675;0.0262853423085934
722;roundrobin;SMA;.051604643;3;2.452;719.127;0.00312822529954525
724;roundrobin;SMA;1.183422824;376;0.218;719.697;0.0385801680617862
723;roundrobin;SMA;1.544944548;375;0.352;719.479;0.0400802183599336
725;roundrobin;ssa;.991889199;488;2.617;722.314;0.0468428353029938
726;roundrobin;ssa;.926376218;554;1.289;723.603;0.0639327156526897
727;roundrobin;ssa;1.151256679;290;2.653;726.256;0.0354027676498525
729;roundrobin;ssa;.041387641;280;0.635;727.480;0.0351994025147571
728;roundrobin;ssa;1.181589491;449;0.589;726.845;0.0464705153781347
730;roundrobin;SMA;.040556944;12;1.313;728.793;0.00312822529954525
732;roundrobin;SMA;.924650852;236;0.217;734.880;0.0294444332989678
733;roundrobin;SMA;.846977014;21;0.185;735.065;0.0044156703260322
734;roundrobin;SMA;.794283088;19;0.273;735.338;0.0044156703260322
735;roundrobin;ssa;1.088104454;242;0.714;736.052;0.034465109395276
737;roundrobin;ssa;.025409203;560;0.051;737.615;0.0650104625049824
738;roundrobin;ssa;.024611471;551;0.753;738.368;0.0639327156526897
736;roundrobin;ssa;1.100662804;297;1.512;737.564;0.0354027676498525
739;roundrobin;SMA;1.011503843;187;0.195;738.563;0.027678078136308
741;roundrobin;ssa;.995100579;296;0.099;739.029;0.0354027676498525
731;roundrobin;ssa;6.366586259;454;5.87;734.663;0.0462637861154206
742;roundrobin;seadec;.775657472;62;0.24;739.269;0.00929623085818988
743;roundrobin;seadec;.924271245;67;0.878;740.147;0.00929623085818988
745;roundrobin;SMA;.026578316;8;0.204;741.182;0.00312822529954525
744;roundrobin;SMA;.891327242;235;0.831;740.978;0.0294444332989678
746;roundrobin;SMA;.036566665;215;1.728;742.910;0.0262853423085934
747;roundrobin;seadec;.962908266;57;0.518;743.428;0.00853866866997741
740;roundrobin;ssa;7.466497637;450;0.367;738.930;0.0464705153781347
749;roundrobin;ssa;.968751215;336;1.957;746.350;0.0377148729094167
750;roundrobin;ssa;1.130418667;448;0.44;746.790;0.0464705153781347
751;roundrobin;SMA;.901928073;365;0.48;747.270;0.0400802183599336
753;roundrobin;seadec;.026292880;143;0.074;748.874;0.0196202016385114
754;roundrobin;ssa;.027579238;287;0.141;749.015;0.0354027676498525
752;roundrobin;seadec;.906847702;156;1.53;748.800;0.0200366493973128
748;roundrobin;ssa;7.417719491;492;0.965;744.393;0.0468428353029938
756;roundrobin;SMA;.991430436;181;0.715;750.388;0.027678078136308
757;roundrobin;SMA;.733250987;12;1.473;751.861;0.00312822529954525
758;roundrobin;seadec;.755204435;54;0.354;752.215;0.00853866866997741
755;roundrobin;ssa;6.395475272;456;0.658;749.673;0.0462637861154206
759;roundrobin;SMA;.865889299;40;2.79;755.005;0.00572928357269349
761;roundrobin;ssa;.028394605;245;0.6;757.498;0.034465109395276
760;roundrobin;ssa;1.117835402;324;1.893;756.898;0.0369276456170677
762;roundrobin;ssa;.029113388;508;0.67;758.168;0.0472776063296307
763;roundrobin;seadec;1.029873266;104;0.449;758.617;0.0200421445003984
765;roundrobin;ssa;1.130244423;438;0.286;759.719;0.0464705153781347
766;roundrobin;SMA;.948521558;40;0.299;760.018;0.00572928357269349
767;roundrobin;SMA;.854806804;11;0.448;760.466;0.00312822529954525
764;roundrobin;ssa;2.938001096;270;0.816;759.433;0.0351769567303275
769;roundrobin;SMA;.025557641;31;0.974;763.219;0.00572928357269349
768;roundrobin;ssa;1.157904352;422;1.779;762.245;0.0450325086617828
770;roundrobin;SMA;.028311485;349;1.245;764.464;0.0427559244477954
771;roundrobin;SMA;.962214638;2;2.965;767.429;0.00312822529954525
773;roundrobin;ssa;.960491953;510;0.203;768.639;0.0472776063296307
774;roundrobin;ssa;1.096686303;298;0.048;768.687;0.0354027676498525
775;roundrobin;ssa;1.263679423;477;0.077;768.764;0.0463158279553995
776;roundrobin;SMA;.892314822;417;0.552;769.316;0.0423559013427496
772;roundrobin;ssa;2.587819627;547;1.007;768.436;0.0639327156526897
777;roundrobin;seadec;.031104608;134;2.086;771.402;0.0194549251238626
778;roundrobin;SMA;.032675148;9;0.411;771.813;0.00312822529954525
780;roundrobin;SMA;1.001721666;26;0.563;775.725;0.0044156703260322
779;roundrobin;ssa;1.747467640;117;3.349;775.162;0.0189752485931269
781;roundrobin;ssa;1.055920320;299;0.568;776.293;0.0354027676498525
782;roundrobin;SMA;.907511488;33;0.105;776.398;0.00572928357269349
785;roundrobin;ssa;.026022500;467;0.747;777.637;0.0463158279553995
783;roundrobin;ssa;1.204148008;431;0.145;776.543;0.0450325086617828
784;roundrobin;SMA;.891527230;347;0.347;776.890;0.0427559244477954
786;roundrobin;ssa;.032129635;423;1.066;778.703;0.0450325086617828
787;roundrobin;ssa;1.756819936;118;0.615;779.318;0.0189752485931269
788;roundrobin;ssa;3.913485902;328;1.089;780.407;0.0369276456170677
789;roundrobin;seadec;.705815933;164;3.439;783.846;0.0200366493973128
790;roundrobin;ssa;1.075115577;276;0.386;784.232;0.0351994025147571
791;roundrobin;ssa;1.045066367;109;0.523;784.755;0.0189752485931269
792;roundrobin;seadec;.913699964;91;0.091;784.846;0.0200421445003984
793;roundrobin;seadec;.034292141;63;0.934;785.780;0.00929623085818988
794;roundrobin;SMA;.028586134;20;0.074;785.854;0.0044156703260322
797;roundrobin;ssa;.927142361;316;0.063;788.459;0.0369276456170677
798;roundrobin;ssa;1.092900714;335;0.605;789.064;0.0377148729094167
795;roundrobin;ssa;4.145098687;342;0.708;786.562;0.0377148729094167
801;roundrobin;seadec;.034577726;95;0.12;790.628;0.0200421445003984
799;roundrobin;ssa;1.146406955;508;0.816;789.880;0.0472776063296307
802;roundrobin;seadec;.040579033;89;0.41;791.038;0.0240361194750053
800;roundrobin;ssa;1.245291271;472;0.628;790.508;0.0463158279553995
796;roundrobin;ssa;3.817655402;323;1.834;788.396;0.0369276456170677
803;roundrobin;SMA;1.020205192;382;0.094;791.132;0.0385801680617862
805;roundrobin;ssa;1.145686964;430;0.614;792.373;0.0450325086617828
806;roundrobin;SMA;.874582622;371;0.318;792.691;0.0400802183599336
804;roundrobin;ssa;2.681539290;534;0.627;791.759;0.0656320663227048
809;roundrobin;ssa;.041230962;485;0.025;795.562;0.0468428353029938
807;roundrobin;seadec;.888610852;79;2.385;795.076;0.0240361194750053
808;roundrobin;ssa;1.081164539;241;0.461;795.537;0.034465109395276
810;roundrobin;seadec;.026798921;160;1.279;796.841;0.0200366493973128
811;roundrobin;ssa;2.607088804;541;1.605;798.446;0.0639327156526897
812;roundrobin;SMA;.997295174;232;2.278;800.724;0.0294444332989678
813;roundrobin;ssa;.933297182;285;1.519;802.243;0.0351994025147571
814;roundrobin;seadec;.681022092;131;0.888;803.131;0.0194549251238626
815;roundrobin;ssa;1.154981953;431;1.014;804.145;0.0450325086617828
817;roundrobin;SMA;.029763065;223;0.698;805.973;0.0262853423085934
816;roundrobin;ssa;1.007558516;547;1.13;805.275;0.0639327156526897
818;roundrobin;SMA;.030697477;227;1.043;807.016;0.0294444332989678
821;roundrobin;seadec;.706253833;133;0.057;811.626;0.0194549251238626
820;roundrobin;seadec;1.056824523;135;0.84;811.569;0.0194549251238626
819;roundrobin;ssa;2.454444667;520;3.713;810.729;0.0482841409439691
822;roundrobin;ssa;.889932718;599;1.626;813.252;0.0658004472335592
825;roundrobin;seadec;.035670327;126;0.796;815.436;0.0194549251238626
823;roundrobin;ssa;1.079645970;560;1.315;814.567;0.0650104625049824
824;roundrobin;ssa;1.043973188;117;0.073;814.640;0.0189752485931269
826;roundrobin;SMA;.025348426;168;1.316;816.752;0.0303277073168743
829;roundrobin;SMA;.690976581;11;0.001;817.527;0.00312822529954525
827;roundrobin;SMA;1.016175160;368;0.696;817.448;0.0400802183599336
830;roundrobin;ssa;.934751582;328;0.989;818.516;0.0369276456170677
833;roundrobin;SMA;.029186697;37;0.548;819.424;0.00572928357269349
831;roundrobin;seadec;.957542262;60;0.351;818.867;0.00853866866997741
832;roundrobin;ssa;1.023622825;504;0.009;818.876;0.0472776063296307
834;roundrobin;ssa;.032991886;338;0.358;819.782;0.0377148729094167
828;roundrobin;ssa;2.758959177;255;0.078;817.526;0.034465109395276
837;roundrobin;SMA;.666320653;364;0.996;821.746;0.0400802183599336
835;roundrobin;ssa;3.234840792;562;0.468;820.250;0.0650104625049824
838;roundrobin;SMA;.657817909;386;1.234;822.980;0.0385801680617862
836;roundrobin;ssa;3.056917302;259;0.5;820.750;0.0351769567303275
839;roundrobin;ssa;1.172130420;425;0.349;823.329;0.0450325086617828
841;roundrobin;SMA;.030096333;216;0.658;826.312;0.0262853423085934
840;roundrobin;ssa;1.084781373;274;2.325;825.654;0.0351994025147571
842;roundrobin;ssa;.029297646;597;3.505;829.817;0.0658004472335592
843;roundrobin;seadec;1.083357086;50;2.42;832.237;0.00853866866997741
845;roundrobin;ssa;.960845453;249;0.213;832.663;0.034465109395276
846;roundrobin;SMA;.782402124;197;0.472;833.135;0.0260920139484302
849;roundrobin;ssa;.026710020;447;0.023;835.159;0.0464705153781347
850;roundrobin;seadec;.028168499;75;0.04;835.199;0.00929623085818988
847;roundrobin;SMA;.856407713;170;1.636;834.771;0.0303277073168743
844;roundrobin;ssa;3.579714788;309;0.213;832.450;0.0360930160445306
848;roundrobin;SMA;.889304763;188;0.365;835.136;0.027678078136308
851;roundrobin;SMA;1.009481579;390;2.232;837.431;0.0385801680617862
852;roundrobin;ssa;1.679403592;118;0.247;837.678;0.0189752485931269
853;roundrobin;seadec;.681680735;68;1.146;838.824;0.00929623085818988
854;roundrobin;ssa;.894812180;529;0.577;839.401;0.0656320663227048
855;roundrobin;SMA;.870973353;186;0.008;839.409;0.027678078136308
856;roundrobin;SMA;.875358272;21;0.345;839.754;0.0044156703260322
857;roundrobin;SMA;.089771374;414;2.884;842.638;0.0423559013427496
858;roundrobin;ssa;.029065887;480;0.984;843.622;0.0463158279553995
859;roundrobin;SMA;1.068505707;233;0.237;843.859;0.0294444332989678
860;roundrobin;seadec;1.367731975;74;0.188;844.047;0.00929623085818988
861;roundrobin;SMA;.694012436;362;3.313;847.360;0.0400802183599336
862;roundrobin;ssa;.932924485;304;1.268;848.628;0.0360930160445306
863;roundrobin;ssa;1.176073199;429;0.94;849.568;0.0450325086617828
865;roundrobin;SMA;.074578827;191;0.152;850.662;0.027678078136308
864;roundrobin;ssa;1.067481264;253;0.942;850.510;0.034465109395276
866;roundrobin;ssa;.029586391;506;4.123;854.785;0.0472776063296307
867;roundrobin;seadec;.967636862;161;0.627;855.412;0.0200366493973128
868;roundrobin;SMA;.920062280;5;0.337;855.749;0.00312822529954525
869;roundrobin;ssa;1.196312196;460;0.884;856.633;0.0462637861154206
870;roundrobin;ssa;1.118460485;336;0.262;856.895;0.0377148729094167
871;roundrobin;ssa;1.184839566;473;0.372;857.267;0.0463158279553995
873;roundrobin;ssa;.035345668;470;0.384;861.118;0.0463158279553995
874;roundrobin;SMA;.031027912;204;0.36;861.478;0.0260920139484302
872;roundrobin;SMA;.875378594;189;3.467;860.734;0.027678078136308
876;roundrobin;SMA;1.033336813;193;0.886;862.490;0.027678078136308
875;roundrobin;ssa;2.569903557;558;0.126;861.604;0.0650104625049824
877;roundrobin;SMA;.774254238;377;1.23;863.720;0.0385801680617862
878;roundrobin;seadec;.777396705;163;0.361;864.081;0.0200366493973128
879;roundrobin;ssa;1.156449797;425;0.26;864.341;0.0450325086617828
880;roundrobin;ssa;1.026857544;120;1.294;865.635;0.0189752485931269
881;roundrobin;ssa;.024442660;500;2.925;868.560;0.0472776063296307
882;roundrobin;SMA;.036548724;367;2.504;871.064;0.0400802183599336
884;roundrobin;SMA;.969257576;193;0.02;872.516;0.027678078136308
883;roundrobin;SMA;1.072839862;402;1.432;872.496;0.0386866425310276
885;roundrobin;ssa;.948730066;300;1.435;873.951;0.0354027676498525
886;roundrobin;SMA;.682200994;201;1.647;875.598;0.0260920139484302
887;roundrobin;ssa;1.319412078;486;1.213;876.811;0.0468428353029938
888;roundrobin;ssa;1.277810640;475;0.008;876.819;0.0463158279553995
889;roundrobin;ssa;.025154393;290;2.077;878.896;0.0354027676498525
890;roundrobin;SMA;.068881063;377;0.452;879.348;0.0385801680617862
892;roundrobin;ssa;1.730467647;113;0.267;880.203;0.0189752485931269
893;roundrobin;seadec;.676350971;51;1.584;881.787;0.00853866866997741
891;roundrobin;ssa;3.974563281;336;0.588;879.936;0.0377148729094167
894;roundrobin;ssa;1.043355738;477;0.877;882.664;0.0463158279553995
895;roundrobin;SMA;.859181405;34;1.954;884.618;0.00572928357269349
897;roundrobin;ssa;.033115434;521;0.121;885.942;0.0482841409439691
896;roundrobin;ssa;1.234338329;489;1.203;885.821;0.0468428353029938
898;roundrobin;ssa;.033133108;271;1.101;887.043;0.0351994025147571
899;roundrobin;ssa;2.483050242;588;2.172;889.215;0.0658004472335592
900;roundrobin;SMA;1.041537781;399;1.431;890.646;0.0386866425310276
901;roundrobin;ssa;1.182155765;475;1.56;892.206;0.0463158279553995
902;roundrobin;ssa;1.104354240;512;0.621;892.827;0.0482841409439691
905;roundrobin;seadec;.040419457;47;0.014;895.319;0.00853866866997741
903;roundrobin;ssa;1.203165099;450;2.082;894.909;0.0464705153781347
904;roundrobin;SMA;.914035150;8;0.396;895.305;0.00312822529954525
906;roundrobin;ssa;.033574657;494;0.771;896.090;0.0468428353029938
908;roundrobin;SMA;.969071965;220;0.133;896.492;0.0262853423085934
909;roundrobin;ssa;.897159633;569;0.268;896.760;0.0650104625049824
907;roundrobin;ssa;2.359799629;501;0.269;896.359;0.0472776063296307
910;roundrobin;seadec;.672251947;62;2.005;898.765;0.00929623085818988
911;roundrobin;SMA;.876625872;207;1.158;899.923;0.0260920139484302
913;roundrobin;ssa;.025719739;326;0.237;901.288;0.0369276456170677
912;roundrobin;SMA;.855107619;31;1.128;901.051;0.00572928357269349
914;roundrobin;SMA;.031381627;189;1.081;902.369;0.027678078136308
915;roundrobin;SMA;1.039644923;199;0.512;902.881;0.0260920139484302
916;roundrobin;seadec;.955520983;64;0.131;903.012;0.00929623085818988
917;roundrobin;ssa;.996482028;496;0.255;903.267;0.0472776063296307
918;roundrobin;ssa;.860721870;555;1.262;904.529;0.0639327156526897
919;roundrobin;ssa;1.034408541;571;0.317;904.846;0.0657184273159393
921;roundrobin;SMA;.036403828;394;0.553;905.765;0.0386866425310276
920;roundrobin;SMA;.873505409;193;0.366;905.212;0.027678078136308
922;roundrobin;SMA;.030533570;383;0.535;906.300;0.0385801680617862
923;roundrobin;ssa;2.721008000;563;4.579;910.879;0.0650104625049824
924;roundrobin;SMA;1.029016234;416;1.87;912.749;0.0423559013427496
925;roundrobin;seadec;.732300917;152;2.503;915.252;0.0200366493973128
926;roundrobin;ssa;1.001777252;260;0.325;915.577;0.0351769567303275
927;roundrobin;seadec;.919630400;147;0.284;915.861;0.0196202016385114
928;roundrobin;seadec;.903480831;104;0.02;915.881;0.0200421445003984
929;roundrobin;ssa;.030587911;465;1.001;916.882;0.0462637861154206
930;roundrobin;ssa;.028073005;325;0.145;917.027;0.0369276456170677
931;roundrobin;seadec;.976673618;96;1.062;918.089;0.0200421445003984
933;roundrobin;seadec;.736907288;130;0.08;918.242;0.0194549251238626
934;roundrobin;SMA;.672939137;418;0.278;918.520;0.0423559013427496
935;roundrobin;ssa;1.021969309;538;0.118;918.638;0.0656320663227048
937;roundrobin;SMA;.032282136;42;0.068;921.681;0.00572928357269349
932;roundrobin;ssa;3.911838839;331;0.073;918.162;0.0377148729094167
938;roundrobin;ssa;.028118187;600;0.732;922.413;0.0658004472335592
936;roundrobin;ssa;1.014552751;555;2.975;921.613;0.0639327156526897
940;roundrobin;SMA;.945043626;213;0.256;923.822;0.0262853423085934
941;roundrobin;SMA;.841020310;42;1.363;925.185;0.00572928357269349
939;roundrobin;ssa;2.768162222;255;1.153;923.566;0.034465109395276
942;roundrobin;ssa;.998410492;457;3.918;929.103;0.0462637861154206
943;roundrobin;ssa;1.203372783;460;0.181;929.284;0.0462637861154206
944;roundrobin;ssa;1.038775002;562;0.73;930.014;0.0650104625049824
945;roundrobin;ssa;.028057718;437;2.943;932.957;0.0464705153781347
946;roundrobin;ssa;.029129735;578;1.418;934.375;0.0657184273159393
947;roundrobin;SMA;1.030115194;390;1.442;935.817;0.0385801680617862
949;roundrobin;ssa;.904554855;517;0.348;936.226;0.0482841409439691
948;roundrobin;ssa;5.690736825;429;0.061;935.878;0.0450325086617828
950;roundrobin;seadec;.678805891;99;5.838;942.064;0.0200421445003984
951;roundrobin;SMA;.868223451;1;0.044;942.108;0.00312822529954525
952;roundrobin;ssa;1.088780278;256;1.468;943.576;0.0351769567303275
953;roundrobin;ssa;.063130621;475;1.338;944.914;0.0463158279553995
954;roundrobin;SMA;.042903948;193;0.661;945.575;0.027678078136308
955;roundrobin;SMA;.945530459;8;1.242;946.817;0.00312822529954525
956;roundrobin;SMA;.932677698;377;0.246;947.063;0.0385801680617862
957;roundrobin;seadec;.729203938;56;0.211;947.274;0.00853866866997741
958;roundrobin;seadec;.771878915;91;0.08;947.354;0.0200421445003984
959;roundrobin;seadec;.893622355;149;0.169;947.523;0.0196202016385114
961;roundrobin;SMA;.046703553;178;0.396;948.465;0.0303277073168743
960;roundrobin;seadec;.876181376;96;0.546;948.069;0.0200421445003984
962;roundrobin;ssa;.028535057;538;0.682;949.147;0.0656320663227048
963;roundrobin;SMA;.945725005;362;0.161;949.308;0.0400802183599336
964;roundrobin;seadec;.883375709;131;0.894;950.202;0.0194549251238626
965;roundrobin;seadec;.677502964;84;1.676;951.878;0.0240361194750053
966;roundrobin;SMA;.683801144;27;0.534;952.412;0.0044156703260322
967;roundrobin;seadec;.887775117;71;0.469;952.881;0.00929623085818988
968;roundrobin;SMA;.882473210;211;0.707;953.588;0.0262853423085934
969;roundrobin;SMA;.038741497;229;1.344;954.932;0.0294444332989678
970;roundrobin;SMA;.025643498;230;0.094;955.026;0.0294444332989678
972;roundrobin;SMA;.971901469;34;0.909;956.434;0.00572928357269349
973;roundrobin;seadec;1.700059617;157;0.257;956.691;0.0200366493973128
974;roundrobin;SMA;.683997760;378;2.052;958.743;0.0385801680617862
975;roundrobin;ssa;1.218190953;492;0.036;958.779;0.0468428353029938
977;roundrobin;ssa;.030409962;510;0.536;959.746;0.0472776063296307
976;roundrobin;SMA;.921867536;222;0.431;959.210;0.0262853423085934
978;roundrobin;ssa;.029401089;458;0.261;960.007;0.0462637861154206
971;roundrobin;ssa;6.760729742;463;0.499;955.525;0.0462637861154206
979;roundrobin;SMA;.906019442;21;0.633;960.640;0.0044156703260322
981;roundrobin;SMA;.807575691;377;0.079;962.077;0.0385801680617862
982;roundrobin;ssa;.950338779;502;0.204;962.281;0.0472776063296307
980;roundrobin;ssa;2.918719870;253;1.358;961.998;0.034465109395276
983;roundrobin;SMA;.881007334;202;4.089;966.370;0.0260920139484302
984;roundrobin;SMA;.878971351;172;2.432;968.802;0.0303277073168743
985;roundrobin;seadec;.032523807;123;1.028;969.830;0.0194549251238626
986;roundrobin;SMA;.032688662;415;2.206;972.036;0.0423559013427496
987;roundrobin;SMA;.929679149;228;0.41;972.446;0.0294444332989678
988;roundrobin;SMA;1.148832273;416;2.267;974.713;0.0423559013427496
989;roundrobin;ssa;.972729971;440;0.993;975.706;0.0464705153781347
990;roundrobin;SMA;.730190989;391;1.129;976.835;0.0386866425310276
991;roundrobin;SMA;.867111693;200;1.246;978.081;0.0260920139484302
993;roundrobin;ssa;.036917507;555;0.209;978.861;0.0639327156526897
992;roundrobin;ssa;.994890462;534;0.571;978.652;0.0656320663227048
994;roundrobin;ssa;.037722914;243;0.525;979.386;0.034465109395276
996;roundrobin;seadec;1.100047388;87;0.087;981.058;0.0240361194750053
995;roundrobin;SMA;1.343562493;23;1.585;980.971;0.0044156703260322
997;roundrobin;seadec;.676414173;147;1.538;982.596;0.0196202016385114
999;roundrobin;SMA;.850728250;19;0.026;983.559;0.0044156703260322
998;roundrobin;ssa;.949640046;559;0.937;983.533;0.0650104625049824
