0;rede;SMA;1.012191303;406;0.076;.076;0.0423559013427496
1;rede;SMA;1.043512592;198;0.118;.194;0.0260920139484302
3;rede;SMA;1.050816612;27;0.014;.223;0.0044156703260322
4;rede;SMA;.974072262;346;0.044;.267;0.0427559244477954
2;rede;ssa;1.150156221;115;0.015;.209;0.0189752485931269
5;rede;SMA;1.236726380;29;0.289;.556;0.0044156703260322
11;rede;seadec;1.018586990;132;0.076;1.059;0.0194549251238626
12;rede;seadec;.958206688;150;0.124;1.183;0.0196202016385114
8;rede;ssa;1.715070704;583;0.096;.829;0.0657184273159393
6;rede;ssa;2.027362162;488;0.123;.679;0.0468428353029938
7;rede;ssa;1.962569503;332;0.054;.733;0.0377148729094167
9;rede;SMA;1.825911902;211;0.015;.844;0.0262853423085934
15;rede;seadec;1.019761234;74;0.104;1.834;0.00929623085818988
10;rede;ssa;2.247751027;263;0.139;.983;0.0351769567303275
13;rede;ssa;1.583125802;343;0.442;1.625;0.0377148729094167
14;rede;ssa;1.389508590;549;0.105;1.730;0.0639327156526897
16;rede;seadec;1.043466881;89;0.188;2.022;0.0240361194750053
18;rede;seadec;1.489284245;157;0.034;2.121;0.0200366493973128
19;rede;ssa;1.500210978;335;0.059;2.180;0.0377148729094167
17;rede;ssa;1.762397546;586;0.065;2.087;0.0658004472335592
20;rede;ssa;2.202175429;523;0.236;2.416;0.0482841409439691
22;rede;ssa;2.244962456;597;0.029;2.509;0.0658004472335592
21;rede;ssa;2.355717367;421;0.064;2.480;0.0450325086617828
23;rede;SMA;2.345453829;215;0.057;2.566;0.0262853423085934
31;rede;seadec;1.187429772;85;0.004;3.402;0.0240361194750053
34;rede;seadec;1.043855624;161;0.02;3.586;0.0200366493973128
33;rede;ssa;1.418736601;556;0.132;3.566;0.0650104625049824
36;rede;SMA;1.015313432;366;0.03;3.718;0.0400802183599336
24;rede;ssa;3.007578494;255;0.011;2.577;0.034465109395276
26;rede;seadec;3.023605083;148;0.058;2.641;0.0196202016385114
25;rede;SMA;3.131805362;214;0.006;2.583;0.0262853423085934
35;rede;ssa;1.457755194;497;0.102;3.688;0.0472776063296307
27;rede;ssa;2.658695341;441;0.396;3.037;0.0464705153781347
38;rede;SMA;1.358768649;235;0.075;3.866;0.0294444332989678
28;rede;ssa;2.757027492;499;0.117;3.154;0.0472776063296307
37;rede;seadec;1.766158689;66;0.073;3.791;0.00929623085818988
44;rede;seadec;1.251819895;78;0.055;4.410;0.0240361194750053
39;rede;ssa;2.138654199;557;0.024;3.890;0.0650104625049824
45;rede;SMA;1.337896070;177;0.03;4.440;0.0303277073168743
43;rede;ssa;1.685665581;519;0.125;4.355;0.0482841409439691
46;rede;SMA;1.284271161;217;0.129;4.569;0.0262853423085934
47;rede;ssa;1.371576431;120;0.099;4.668;0.0189752485931269
29;rede;SMA;4.083735683;418;0.1;3.254;0.0423559013427496
48;rede;ssa;1.633884306;583;0.051;4.719;0.0657184273159393
50;rede;SMA;1.303098143;211;0.042;4.962;0.0262853423085934
40;rede;ssa;3.008602096;242;0.108;3.998;0.034465109395276
49;rede;ssa;1.621686636;442;0.201;4.920;0.0464705153781347
42;rede;ssa;2.878328115;502;0.129;4.230;0.0472776063296307
51;rede;SMA;1.462636811;35;0.218;5.180;0.00572928357269349
30;rede;ssa;4.824535529;343;0.144;3.398;0.0377148729094167
55;rede;SMA;1.177195269;213;0.098;5.715;0.0262853423085934
57;rede;seadec;1.304872963;145;0.031;5.767;0.0196202016385114
54;rede;SMA;1.821677042;38;0.059;5.617;0.00572928357269349
58;rede;SMA;1.478421912;16;0.111;5.878;0.0044156703260322
32;rede;ssa;5.687147592;272;0.032;3.434;0.0351994025147571
56;rede;ssa;1.861964070;454;0.021;5.736;0.0462637861154206
63;rede;SMA;.978576196;395;0.157;6.257;0.0386866425310276
41;rede;ssa;4.692151315;331;0.103;4.101;0.0377148729094167
59;rede;seadec;1.853990484;153;0.077;5.955;0.0200366493973128
61;rede;ssa;2.297616025;499;0.111;6.075;0.0472776063296307
52;rede;ssa;3.463603376;570;0.322;5.502;0.0650104625049824
60;rede;SMA;2.497805941;14;0.009;5.964;0.00312822529954525
53;rede;SMA;3.445449920;374;0.056;5.558;0.0400802183599336
64;rede;ssa;1.483831986;593;0.483;6.740;0.0658004472335592
65;rede;ssa;1.428435960;253;0.043;6.783;0.034465109395276
62;rede;ssa;2.466833956;447;0.025;6.100;0.0464705153781347
66;rede;ssa;1.380149349;325;0.273;7.056;0.0369276456170677
67;rede;ssa;1.231967191;524;0.114;7.170;0.0482841409439691
71;rede;seadec;1.118185733;154;0.231;7.744;0.0200366493973128
69;rede;SMA;1.852470597;232;0.084;7.335;0.0294444332989678
72;rede;SMA;1.183286979;230;0.291;8.035;0.0294444332989678
68;rede;ssa;2.211323171;518;0.081;7.251;0.0482841409439691
73;rede;SMA;1.515016696;415;0.029;8.064;0.0423559013427496
77;rede;SMA;1.084861764;227;0.157;8.300;0.0294444332989678
78;rede;seadec;1.001001782;147;0.081;8.381;0.0196202016385114
74;rede;SMA;1.681448809;42;0.039;8.103;0.00572928357269349
79;rede;SMA;1.092930007;349;0.276;8.657;0.0427559244477954
75;rede;SMA;2.040482040;202;0.005;8.108;0.0260920139484302
80;rede;ssa;1.173166066;535;0.039;8.696;0.0656320663227048
81;rede;SMA;1.139433972;397;0.101;8.797;0.0386866425310276
76;rede;SMA;2.263043618;198;0.035;8.143;0.0260920139484302
70;rede;ssa;3.529794962;117;0.178;7.513;0.0189752485931269
82;rede;ssa;1.690458395;558;0.082;8.879;0.0650104625049824
83;rede;ssa;1.734125263;479;0.006;8.885;0.0463158279553995
84;rede;SMA;1.459081720;361;0.228;9.113;0.0400802183599336
88;rede;seadec;1.021665818;105;0.135;9.609;0.0200421445003984
85;rede;ssa;1.824034353;336;0.08;9.193;0.0377148729094167
89;rede;SMA;1.089225093;363;0.21;9.819;0.0400802183599336
87;rede;seadec;1.830215373;47;0.123;9.474;0.00853866866997741
86;rede;ssa;2.039169120;540;0.158;9.351;0.0656320663227048
90;rede;ssa;1.432541066;288;0.104;9.923;0.0354027676498525
92;rede;SMA;1.102994664;230;0.104;10.072;0.0294444332989678
91;rede;ssa;1.391116630;254;0.045;9.968;0.034465109395276
93;rede;ssa;1.400443718;499;0.026;10.098;0.0472776063296307
98;rede;ssa;1.085472011;330;0.013;10.271;0.0369276456170677
101;rede;SMA;.881726411;414;0.052;10.548;0.0423559013427496
94;rede;SMA;1.952815353;183;0.068;10.166;0.027678078136308
95;rede;SMA;1.876346613;179;0.026;10.192;0.0303277073168743
102;rede;ssa;1.483760904;274;0.045;10.593;0.0351994025147571
103;rede;ssa;1.442966784;255;0.038;10.631;0.034465109395276
105;rede;SMA;1.024460411;214;0.269;11.025;0.0262853423085934
104;rede;ssa;1.427958215;436;0.125;10.756;0.0464705153781347
107;rede;SMA;.974516184;391;0.23;11.275;0.0386866425310276
108;rede;seadec;1.140445068;99;0.057;11.332;0.0200421445003984
100;rede;ssa;2.564083982;598;0.19;10.496;0.0658004472335592
106;rede;seadec;1.619407226;97;0.02;11.045;0.0200421445003984
99;rede;ssa;2.995797462;576;0.035;10.306;0.0657184273159393
97;rede;SMA;3.291075135;403;0.021;10.258;0.0386866425310276
109;rede;SMA;1.252119888;389;0.076;11.408;0.0385801680617862
96;rede;ssa;3.830139639;333;0.045;10.237;0.0377148729094167
111;rede;seadec;1.355766124;60;0.184;11.749;0.00853866866997741
115;rede;SMA;1.052156590;43;0.072;11.980;0.00572928357269349
110;rede;ssa;1.869748299;569;0.157;11.565;0.0650104625049824
112;rede;seadec;1.527832481;54;0.004;11.753;0.00853866866997741
116;rede;seadec;1.090066387;150;0.044;12.024;0.0196202016385114
113;rede;seadec;1.570902336;129;0.013;11.766;0.0194549251238626
117;rede;SMA;1.096806147;189;0.007;12.031;0.027678078136308
114;rede;ssa;1.603185506;494;0.142;11.908;0.0468428353029938
120;rede;seadec;1.054757248;68;0.024;12.106;0.00929623085818988
119;rede;SMA;1.463359977;172;0.03;12.082;0.0303277073168743
121;rede;ssa;1.663912970;322;0.074;12.180;0.0369276456170677
118;rede;ssa;2.273783321;323;0.021;12.052;0.0369276456170677
127;rede;seadec;1.375857921;86;0.136;12.931;0.0240361194750053
126;rede;ssa;1.598001689;530;0.326;12.795;0.0656320663227048
129;rede;SMA;1.335134677;216;0.119;13.059;0.0262853423085934
122;rede;ssa;2.693405176;485;0.171;12.351;0.0468428353029938
123;rede;ssa;2.729412318;484;0.098;12.449;0.0468428353029938
128;rede;ssa;1.822398152;289;0.009;12.940;0.0354027676498525
132;rede;SMA;1.366987373;372;0.038;13.248;0.0400802183599336
137;rede;SMA;.975734825;213;0.01;13.414;0.0262853423085934
134;rede;SMA;1.428837266;237;0.011;13.297;0.0294444332989678
130;rede;SMA;2.033929417;197;0.026;13.085;0.0260920139484302
136;rede;ssa;1.354377317;426;0.016;13.404;0.0450325086617828
139;rede;SMA;1.045286188;9;0.079;13.700;0.00312822529954525
138;rede;ssa;1.231381016;570;0.207;13.621;0.0650104625049824
131;rede;ssa;2.443558655;437;0.125;13.210;0.0464705153781347
140;rede;SMA;1.529692417;370;0.053;13.753;0.0400802183599336
124;rede;SMA;4.193314521;174;0.002;12.451;0.0303277073168743
145;rede;seadec;1.443989427;94;0.081;14.302;0.0200421445003984
143;rede;ssa;1.855763499;280;0.118;14.199;0.0351994025147571
146;rede;SMA;1.500632967;180;0.058;14.360;0.0303277073168743
144;rede;ssa;2.060001625;472;0.022;14.221;0.0463158279553995
150;rede;seadec;1.090663829;51;0.051;14.833;0.00853866866997741
125;rede;ssa;5.086263786;496;0.018;12.469;0.0472776063296307
151;rede;SMA;1.047858898;178;0.024;14.857;0.0303277073168743
149;rede;ssa;1.379996741;272;0.211;14.782;0.0351994025147571
133;rede;ssa;4.052243697;311;0.038;13.286;0.0360930160445306
152;rede;SMA;1.010242638;27;0.174;15.031;0.0044156703260322
135;rede;ssa;4.222171822;519;0.091;13.388;0.0482841409439691
141;rede;seadec;3.356836440;103;0.103;13.856;0.0200421445003984
153;rede;SMA;1.412656028;31;0.285;15.316;0.00572928357269349
148;rede;ssa;2.542929930;115;0.171;14.571;0.0189752485931269
147;rede;ssa;2.884873594;470;0.04;14.400;0.0463158279553995
155;rede;SMA;1.313494258;383;0.072;15.580;0.0385801680617862
142;rede;seadec;3.903545523;102;0.225;14.081;0.0200421445003984
160;rede;SMA;.993311862;175;0.15;15.993;0.0303277073168743
157;rede;seadec;1.484635793;81;0.071;15.835;0.0240361194750053
161;rede;seadec;.999207540;156;0.098;16.091;0.0200366493973128
158;rede;ssa;1.657553807;493;0.005;15.840;0.0468428353029938
162;rede;seadec;1.014786884;130;0.162;16.253;0.0194549251238626
159;rede;SMA;1.687540681;191;0.003;15.843;0.027678078136308
163;rede;SMA;1.017003478;395;0.144;16.397;0.0386866425310276
164;rede;ssa;1.171725263;559;0.148;16.545;0.0650104625049824
167;rede;seadec;.995706258;100;0.211;17.046;0.0200421445003984
166;rede;ssa;1.249261818;539;0.267;16.835;0.0656320663227048
168;rede;SMA;1.114586798;184;0.035;17.081;0.027678078136308
165;rede;ssa;1.847643827;523;0.023;16.568;0.0482841409439691
156;rede;ssa;3.393427916;553;0.184;15.764;0.0639327156526897
169;rede;SMA;1.043427366;176;0.26;17.341;0.0303277073168743
170;rede;SMA;.989438945;31;0.095;17.436;0.00572928357269349
171;rede;SMA;.995213354;176;0.18;17.616;0.0303277073168743
172;rede;ssa;1.211534055;562;0.063;17.679;0.0650104625049824
154;rede;ssa;4.840413209;341;0.192;15.508;0.0377148729094167
173;rede;ssa;1.240720796;525;0.217;17.896;0.0482841409439691
174;rede;ssa;1.831413752;482;0.129;18.025;0.0468428353029938
175;rede;ssa;1.704821880;519;0.152;18.177;0.0482841409439691
176;rede;ssa;1.816095281;515;0.193;18.370;0.0482841409439691
183;rede;SMA;.939954167;214;0.094;18.785;0.0262853423085934
177;rede;ssa;1.894179174;483;0.068;18.438;0.0468428353029938
184;rede;SMA;1.007975513;42;0.132;18.917;0.00572928357269349
180;rede;SMA;1.892814845;231;0.075;18.633;0.0294444332989678
186;rede;SMA;1.005951443;354;0.076;19.047;0.0427559244477954
178;rede;ssa;2.263771315;329;0.044;18.482;0.0369276456170677
185;rede;ssa;1.385858909;270;0.054;18.971;0.0351769567303275
179;rede;ssa;2.269441989;523;0.076;18.558;0.0482841409439691
187;rede;seadec;1.270844226;74;0.052;19.099;0.00929623085818988
189;rede;seadec;1.138576657;89;0.231;19.350;0.0240361194750053
188;rede;ssa;1.726001279;498;0.02;19.119;0.0472776063296307
191;rede;SMA;1.372044240;175;0.08;19.545;0.0303277073168743
197;rede;SMA;.919434379;384;0.045;19.918;0.0385801680617862
182;rede;SMA;3.347097296;18;0.033;18.691;0.0044156703260322
192;rede;SMA;1.802219192;367;0.012;19.557;0.0400802183599336
181;rede;SMA;3.636429320;216;0.025;18.658;0.0262853423085934
199;rede;SMA;1.583787870;24;0.006;19.998;0.0044156703260322
194;rede;SMA;2.232516882;20;0.035;19.715;0.0044156703260322
195;rede;SMA;2.370253721;183;0.077;19.792;0.027678078136308
198;rede;ssa;2.089543119;495;0.074;19.992;0.0468428353029938
205;rede;ssa;1.515603082;554;0.067;20.340;0.0639327156526897
200;rede;ssa;2.265416041;458;0.008;20.006;0.0462637861154206
201;rede;ssa;2.238918909;305;0.103;20.109;0.0360930160445306
207;rede;ssa;1.423087326;297;0.041;20.603;0.0354027676498525
206;rede;ssa;1.571619070;449;0.222;20.562;0.0464705153781347
208;rede;ssa;1.402805526;531;0.04;20.643;0.0656320663227048
203;rede;seadec;2.244587983;153;0.08;20.256;0.0200366493973128
202;rede;SMA;2.545741347;8;0.067;20.176;0.00312822529954525
204;rede;seadec;2.552728816;99;0.017;20.273;0.0200421445003984
213;rede;SMA;1.360654918;196;0.012;21.010;0.0260920139484302
210;rede;ssa;2.400478418;524;0.015;20.758;0.0482841409439691
209;rede;ssa;2.660066142;496;0.1;20.743;0.0472776063296307
221;rede;seadec;1.028510366;128;0.032;21.724;0.0194549251238626
219;rede;ssa;1.414357185;315;0.011;21.583;0.0360930160445306
222;rede;SMA;.991548305;10;0.094;21.818;0.00312822529954525
216;rede;seadec;2.061900802;145;0.066;21.200;0.0196202016385114
220;rede;SMA;1.305729732;35;0.109;21.692;0.00572928357269349
218;rede;ssa;1.691516193;484;0.154;21.572;0.0468428353029938
224;rede;SMA;1.045949196;177;0.157;22.085;0.0303277073168743
212;rede;ssa;3.026768807;534;0.103;20.998;0.0656320663227048
223;rede;ssa;1.401480743;276;0.11;21.928;0.0351994025147571
225;rede;SMA;1.342738447;389;0.032;22.117;0.0385801680617862
226;rede;ssa;1.407856234;286;0.187;22.304;0.0354027676498525
215;rede;SMA;3.826272194;203;0.016;21.134;0.0260920139484302
227;rede;seadec;1.942458731;70;0.062;22.366;0.00929623085818988
211;rede;ssa;4.621180152;560;0.137;20.895;0.0650104625049824
232;rede;seadec;1.328731645;90;0.025;23.068;0.0240361194750053
231;rede;ssa;1.618095447;520;0.459;23.043;0.0482841409439691
237;rede;SMA;1.004540423;374;0.039;23.348;0.0400802183599336
239;rede;seadec;1.062792423;165;0.105;23.518;0.0200366493973128
190;rede;ssa;8.463102927;492;0.115;19.465;0.0468428353029938
240;rede;seadec;1.008926014;101;0.153;23.671;0.0200421445003984
233;rede;ssa;2.034069177;279;0.05;23.118;0.0351994025147571
238;rede;ssa;1.461818955;473;0.065;23.413;0.0463158279553995
234;rede;ssa;2.033262010;530;0.059;23.177;0.0656320663227048
241;rede;SMA;1.234905747;364;0.107;23.778;0.0400802183599336
236;rede;seadec;1.952490911;144;0.091;23.309;0.0196202016385114
235;rede;SMA;2.242142496;369;0.041;23.218;0.0400802183599336
229;rede;SMA;3.354675405;362;0.117;22.528;0.0400802183599336
228;rede;seadec;3.763436610;126;0.045;22.411;0.0194549251238626
242;rede;seadec;1.596896303;163;0.132;23.910;0.0200366493973128
243;rede;seadec;1.418523547;104;0.244;24.154;0.0200421445003984
244;rede;SMA;1.328175527;356;0.058;24.212;0.0427559244477954
249;rede;SMA;.947164997;8;0.048;24.609;0.00312822529954525
250;rede;ssa;1.089461939;504;0.344;24.953;0.0472776063296307
230;rede;seadec;4.881209557;53;0.056;22.584;0.00853866866997741
247;rede;SMA;1.867656861;169;0.276;24.501;0.0303277073168743
246;rede;SMA;2.302491441;414;0.008;24.225;0.0423559013427496
193;rede;ssa;10.941051179;510;0.123;19.680;0.0472776063296307
254;rede;SMA;1.303680546;192;0.022;25.134;0.027678078136308
253;rede;seadec;1.509183840;86;0;25.112;0.0240361194750053
251;rede;ssa;1.797696230;522;0.072;25.025;0.0482841409439691
252;rede;ssa;1.672015458;261;0.087;25.112;0.0351769567303275
257;rede;seadec;1.049421098;131;0.116;25.464;0.0194549251238626
259;rede;SMA;1.018595228;386;0.026;25.495;0.0385801680617862
258;rede;ssa;1.343793089;336;0.005;25.469;0.0377148729094167
260;rede;ssa;1.187502091;582;0.175;25.670;0.0657184273159393
255;rede;seadec;2.002268669;74;0.075;25.209;0.00929623085818988
256;rede;ssa;2.126704508;543;0.139;25.348;0.0639327156526897
266;rede;SMA;.995950971;375;0.101;26.247;0.0400802183599336
267;rede;ssa;1.357413713;583;0.028;26.275;0.0657184273159393
270;rede;SMA;1.022438352;225;0.052;26.656;0.0262853423085934
268;rede;ssa;1.411856995;331;0.225;26.500;0.0377148729094167
262;rede;ssa;2.437415195;533;0.005;25.992;0.0656320663227048
272;rede;SMA;1.150707576;200;0.041;26.860;0.0260920139484302
261;rede;ssa;2.786877713;483;0.317;25.987;0.0468428353029938
269;rede;ssa;1.833958096;495;0.104;26.604;0.0468428353029938
271;rede;ssa;1.624547272;455;0.163;26.819;0.0462637861154206
274;rede;ssa;1.582650470;248;0.19;27.050;0.034465109395276
273;rede;seadec;2.185852823;64;0;26.860;0.00929623085818988
275;rede;ssa;1.597205522;440;0.633;27.683;0.0464705153781347
263;rede;SMA;4.228362415;41;0.069;26.061;0.00572928357269349
278;rede;SMA;1.110392778;14;0.129;28.215;0.00312822529954525
276;rede;SMA;1.425957252;352;0.392;28.075;0.0427559244477954
277;rede;SMA;1.324080376;228;0.011;28.086;0.0294444332989678
264;rede;ssa;4.381140771;519;0.074;26.135;0.0482841409439691
282;rede;seadec;1.042487192;123;0.032;28.731;0.0194549251238626
283;rede;SMA;1.040928188;37;0.033;28.764;0.00572928357269349
281;rede;ssa;1.432081655;341;0.316;28.699;0.0377148729094167
265;rede;seadec;5.780118045;62;0.011;26.146;0.00929623085818988
286;rede;seadec;1.439193425;87;0.001;28.899;0.0240361194750053
284;rede;ssa;1.734045535;543;0.097;28.861;0.0639327156526897
285;rede;seadec;1.824878337;65;0.037;28.898;0.00929623085818988
287;rede;ssa;1.756016643;570;0.046;28.945;0.0650104625049824
291;rede;SMA;1.332020068;21;0.008;29.214;0.0044156703260322
290;rede;SMA;1.440331617;382;0.029;29.206;0.0385801680617862
279;rede;ssa;3.462012811;317;0.099;28.314;0.0369276456170677
289;rede;ssa;1.664115051;338;0.189;29.177;0.0377148729094167
196;rede;ssa;17.728199810;484;0.081;19.873;0.0468428353029938
288;rede;ssa;2.317109155;278;0.043;28.988;0.0351994025147571
292;rede;ssa;1.871690624;544;0.103;29.317;0.0639327156526897
280;rede;seadec;4.089163667;160;0.069;28.383;0.0200366493973128
300;rede;ssa;1.273950832;265;0.042;29.923;0.0351769567303275
294;rede;SMA;2.225656831;375;0.066;29.411;0.0400802183599336
298;rede;SMA;1.575105842;353;0.125;29.828;0.0427559244477954
299;rede;ssa;1.571073641;491;0.053;29.881;0.0468428353029938
295;rede;ssa;2.616367159;563;0.042;29.453;0.0650104625049824
303;rede;ssa;1.239935005;242;0.104;30.604;0.034465109395276
293;rede;ssa;3.208907621;440;0.028;29.345;0.0464705153781347
296;rede;ssa;2.878488465;551;0.109;29.562;0.0639327156526897
301;rede;SMA;1.861237395;239;0.366;30.289;0.0294444332989678
304;rede;ssa;1.290023649;273;0.178;30.782;0.0351994025147571
307;rede;SMA;1.251412680;184;0.023;30.957;0.027678078136308
309;rede;SMA;1.018044564;171;0.234;31.387;0.0303277073168743
302;rede;ssa;2.385909622;464;0.211;30.500;0.0462637861154206
314;rede;seadec;.878044998;98;0.258;31.732;0.0200421445003984
312;rede;ssa;1.321347223;513;0.001;31.447;0.0482841409439691
310;rede;ssa;1.567158362;342;0.012;31.399;0.0377148729094167
214;rede;ssa;18.848324801;287;0.108;21.118;0.0354027676498525
311;rede;ssa;1.516375283;254;0.047;31.446;0.034465109395276
313;rede;ssa;1.565438115;570;0.027;31.474;0.0650104625049824
297;rede;ssa;4.699761761;337;0.141;29.703;0.0377148729094167
315;rede;SMA;1.208390769;12;0.336;32.068;0.00312822529954525
316;rede;SMA;1.258915196;420;0.064;32.132;0.0423559013427496
317;rede;SMA;1.230554392;4;0.066;32.198;0.00312822529954525
318;rede;SMA;1.212097898;386;0.031;32.229;0.0385801680617862
217;rede;SMA;19.324660103;394;0.218;21.418;0.0386866425310276
306;rede;SMA;3.866201773;42;0.128;30.934;0.00572928357269349
319;rede;ssa;1.693392764;472;0.145;32.374;0.0463158279553995
325;rede;seadec;1.032491226;159;0.011;32.665;0.0200366493973128
320;rede;seadec;1.937996783;56;0.106;32.480;0.00853866866997741
327;rede;seadec;1.057158578;52;0.259;32.994;0.00853866866997741
324;rede;ssa;1.638145227;506;0.082;32.654;0.0472776063296307
326;rede;ssa;1.499691629;580;0.07;32.735;0.0657184273159393
321;rede;ssa;2.328095416;588;0.046;32.526;0.0658004472335592
329;rede;seadec;1.270595779;80;0.005;33.065;0.0240361194750053
328;rede;SMA;1.831569320;1;0.066;33.060;0.00312822529954525
331;rede;ssa;1.346153553;107;0.133;33.232;0.0189752485931269
330;rede;SMA;1.664471283;233;0.034;33.099;0.0294444332989678
245;rede;ssa;17.239072980;592;0.005;24.217;0.0658004472335592
322;rede;SMA;3.491378782;360;0.017;32.543;0.0427559244477954
333;rede;ssa;1.967294712;342;0.047;33.348;0.0377148729094167
332;rede;ssa;2.175464129;600;0.069;33.301;0.0658004472335592
338;rede;SMA;1.256483459;361;0.231;33.844;0.0400802183599336
334;rede;ssa;2.011763513;303;0.109;33.457;0.0360930160445306
248;rede;SMA;17.611172728;191;0.06;24.561;0.027678078136308
335;rede;SMA;2.215926140;220;0.002;33.459;0.0262853423085934
340;rede;ssa;1.453279290;511;0.038;33.888;0.0482841409439691
323;rede;ssa;4.189386158;272;0.029;32.572;0.0351994025147571
343;rede;SMA;1.030175171;24;0.096;34.198;0.0044156703260322
336;rede;SMA;2.509745496;417;0.019;33.478;0.0423559013427496
341;rede;ssa;1.617499793;492;0.184;34.072;0.0468428353029938
342;rede;ssa;1.519615850;445;0.03;34.102;0.0464705153781347
337;rede;ssa;2.479811706;430;0.135;33.613;0.0450325086617828
344;rede;ssa;1.797846227;109;0.126;34.324;0.0189752485931269
345;rede;SMA;1.804356295;41;0.157;34.481;0.00572928357269349
346;rede;SMA;1.926853054;198;0.05;34.531;0.0260920139484302
352;rede;SMA;1.294814136;419;0.043;34.728;0.0423559013427496
350;rede;ssa;1.837971179;242;0.007;34.677;0.034465109395276
351;rede;ssa;1.726413919;273;0.008;34.685;0.0351994025147571
353;rede;ssa;1.635921685;326;0.132;34.860;0.0369276456170677
339;rede;ssa;3.868039644;281;0.006;33.850;0.0351994025147571
356;rede;seadec;1.204251526;53;0.025;35.151;0.00853866866997741
354;rede;ssa;1.660174962;499;0.161;35.021;0.0472776063296307
355;rede;ssa;1.649048936;498;0.105;35.126;0.0472776063296307
305;rede;ssa;9.821658515;578;0.024;30.806;0.0657184273159393
348;rede;ssa;2.817932386;468;0.007;34.562;0.0463158279553995
358;rede;ssa;1.581566409;428;0.008;35.451;0.0450325086617828
349;rede;SMA;3.075147244;172;0.108;34.670;0.0303277073168743
359;rede;ssa;1.503807000;517;0.148;35.599;0.0482841409439691
357;rede;seadec;1.908184233;55;0.292;35.443;0.00853866866997741
360;rede;ssa;1.588090786;574;0.099;35.698;0.0657184273159393
361;rede;ssa;1.711597799;345;0.024;35.722;0.0377148729094167
308;rede;SMA;10.363014212;404;0.196;31.153;0.0386866425310276
367;rede;SMA;1.186432173;205;0.076;36.153;0.0260920139484302
366;rede;ssa;1.539041261;540;0.066;36.077;0.0656320663227048
364;rede;seadec;1.992567269;104;0.095;35.916;0.0200421445003984
368;rede;SMA;1.305184501;216;0.212;36.365;0.0262853423085934
369;rede;SMA;1.300994442;194;0.038;36.403;0.027678078136308
347;rede;SMA;5.055513355;180;0.024;34.555;0.0303277073168743
372;rede;SMA;.995301789;364;0.2;36.658;0.0400802183599336
373;rede;seadec;1.015162569;122;0.058;36.716;0.0194549251238626
374;rede;SMA;.999120452;206;0.141;36.857;0.0260920139484302
375;rede;seadec;1.056200797;47;0.037;36.894;0.00853866866997741
363;rede;ssa;3.029641451;571;0.027;35.821;0.0657184273159393
370;rede;seadec;1.916224633;128;0.034;36.437;0.0194549251238626
371;rede;ssa;1.894688542;435;0.021;36.458;0.0450325086617828
362;rede;SMA;3.567461137;224;0.072;35.794;0.0262853423085934
376;rede;ssa;1.562080992;314;0.047;36.941;0.0360930160445306
377;rede;ssa;1.581328067;271;0.114;37.055;0.0351994025147571
382;rede;SMA;.937387717;181;0.018;37.667;0.027678078136308
378;rede;seadec;1.869069782;62;0.126;37.181;0.00929623085818988
383;rede;seadec;1.078013795;131;0.05;37.717;0.0194549251238626
381;rede;ssa;1.406910997;446;0.194;37.649;0.0464705153781347
384;rede;ssa;1.130608831;579;0.026;37.743;0.0657184273159393
379;rede;ssa;2.281480374;108;0.014;37.195;0.0189752485931269
386;rede;SMA;1.258978486;411;0.018;38.063;0.0423559013427496
365;rede;ssa;4.863289384;111;0.095;36.011;0.0189752485931269
387;rede;SMA;1.303507164;206;0.014;38.077;0.0260920139484302
385;rede;ssa;1.480533436;321;0.302;38.045;0.0369276456170677
389;rede;SMA;1.352286282;420;0.054;38.165;0.0423559013427496
393;rede;seadec;1.064348714;47;0;38.240;0.00853866866997741
391;rede;ssa;1.441654147;292;0.066;38.235;0.0354027676498525
388;rede;ssa;1.782539834;458;0.034;38.111;0.0462637861154206
392;rede;ssa;1.407652455;559;0.005;38.240;0.0650104625049824
380;rede;ssa;3.222913835;110;0.26;37.455;0.0189752485931269
390;rede;ssa;2.034115700;573;0.004;38.169;0.0657184273159393
394;rede;ssa;1.519320603;261;0.137;38.377;0.0351769567303275
397;rede;seadec;1.149682600;144;0.056;38.774;0.0196202016385114
398;rede;seadec;1.206790993;153;0.154;38.928;0.0200366493973128
395;rede;ssa;1.836673250;245;0.114;38.491;0.034465109395276
400;rede;SMA;1.931311076;406;0.019;38.950;0.0423559013427496
407;rede;ssa;1.300201026;341;0.02;39.465;0.0377148729094167
409;rede;SMA;1.007545712;418;0.173;39.746;0.0423559013427496
408;rede;ssa;1.293860740;255;0.108;39.573;0.034465109395276
410;rede;SMA;1.065024026;196;0.033;39.779;0.0260920139484302
396;rede;ssa;3.248801445;555;0.227;38.718;0.0639327156526897
411;rede;SMA;1.177128872;38;0.05;39.829;0.00572928357269349
404;rede;ssa;2.263350822;106;0.235;39.380;0.0189752485931269
405;rede;ssa;2.317439289;522;0.001;39.381;0.0482841409439691
413;rede;SMA;1.259961042;34;0.03;39.894;0.00572928357269349
412;rede;ssa;1.714862222;566;0.035;39.864;0.0650104625049824
414;rede;seadec;1.370827974;52;0.225;40.119;0.00853866866997741
401;rede;ssa;3.612311480;598;0.001;38.951;0.0658004472335592
415;rede;seadec;1.353360768;103;0.106;40.225;0.0200421445003984
420;rede;seadec;1.006925642;59;0.156;40.617;0.00853866866997741
421;rede;SMA;1.010744332;180;0.138;40.755;0.0303277073168743
422;rede;seadec;.995426370;131;0.053;40.808;0.0194549251238626
406;rede;ssa;3.758160296;584;0.064;39.445;0.0657184273159393
423;rede;SMA;1.119446845;33;0.507;41.315;0.00572928357269349
424;rede;SMA;1.106008836;38;0.021;41.336;0.00572928357269349
425;rede;seadec;1.291704196;140;0.018;41.354;0.0196202016385114
427;rede;seadec;1.840040841;53;0.073;41.450;0.00853866866997741
426;rede;ssa;2.029536457;578;0.023;41.377;0.0657184273159393
428;rede;SMA;1.813974358;40;0.01;41.460;0.00572928357269349
432;rede;seadec;1.116816293;46;0.088;41.981;0.00853866866997741
430;rede;ssa;1.416417538;595;0.34;41.850;0.0658004472335592
433;rede;SMA;1.034909977;229;0.083;42.064;0.0294444332989678
431;rede;ssa;1.479977534;445;0.043;41.893;0.0464705153781347
429;rede;ssa;2.083120992;585;0.05;41.510;0.0657184273159393
399;rede;ssa;7.403843637;328;0.003;38.931;0.0369276456170677
435;rede;SMA;1.835218667;350;0.246;42.376;0.0427559244477954
440;rede;ssa;1.061791479;477;0.078;42.907;0.0463158279553995
441;rede;SMA;.996637527;175;0.203;43.110;0.0303277073168743
402;rede;seadec;8.036394043;143;0.124;39.075;0.0196202016385114
434;rede;ssa;2.597866969;450;0.066;42.130;0.0464705153781347
443;rede;SMA;1.050047402;360;0.078;43.310;0.0427559244477954
442;rede;ssa;1.571952656;427;0.122;43.232;0.0450325086617828
444;rede;ssa;1.406179308;322;0.035;43.345;0.0369276456170677
447;rede;seadec;.923051875;62;0.17;43.676;0.00929623085818988
417;rede;SMA;6.752772772;347;0.045;40.312;0.0427559244477954
445;rede;ssa;1.635119019;431;0.078;43.423;0.0450325086617828
446;rede;ssa;1.654794748;462;0.083;43.506;0.0462637861154206
437;rede;seadec;2.968765380;69;0.109;42.799;0.00929623085818988
448;rede;ssa;1.636141917;106;0.055;43.731;0.0189752485931269
436;rede;SMA;3.482735457;17;0.314;42.690;0.0044156703260322
451;rede;SMA;1.407771689;4;0.171;44.079;0.00312822529954525
453;rede;SMA;1.087515035;364;0.045;44.137;0.0400802183599336
455;rede;seadec;.976224438;78;0.064;44.234;0.0240361194750053
438;rede;SMA;3.697272376;4;0.008;42.807;0.00312822529954525
454;rede;ssa;1.322232897;571;0.033;44.170;0.0657184273159393
403;rede;ssa;10.241794503;487;0.07;39.145;0.0468428353029938
452;rede;ssa;1.793338202;433;0.013;44.092;0.0450325086617828
416;rede;ssa;8.323230581;432;0.042;40.267;0.0450325086617828
457;rede;SMA;1.055657091;395;0.002;44.589;0.0386866425310276
456;rede;ssa;1.317652407;320;0.353;44.587;0.0369276456170677
458;rede;SMA;1.255798589;220;0.206;44.795;0.0262853423085934
463;rede;ssa;1.243121698;269;0.072;45.181;0.0351769567303275
460;rede;SMA;1.873144223;10;0.171;44.999;0.00312822529954525
459;rede;ssa;2.329239374;509;0.033;44.828;0.0472776063296307
465;rede;SMA;1.292136141;216;0.004;45.486;0.0262853423085934
464;rede;ssa;1.354553589;526;0.301;45.482;0.0656320663227048
466;rede;SMA;1.273133404;373;0.025;45.511;0.0400802183599336
467;rede;seadec;1.235374398;83;0.174;45.685;0.0240361194750053
468;rede;SMA;1.247572755;201;0.109;45.794;0.0260920139484302
469;rede;ssa;1.489545336;290;0.002;45.796;0.0354027676498525
472;rede;seadec;1.165744945;91;0.035;45.959;0.0200421445003984
470;rede;ssa;1.592130899;332;0.049;45.845;0.0377148729094167
471;rede;ssa;1.445926453;553;0.079;45.924;0.0639327156526897
450;rede;ssa;5.475757685;303;0.012;43.908;0.0360930160445306
462;rede;seadec;3.275810523;50;0.086;45.109;0.00853866866997741
476;rede;seadec;1.413676248;63;0.124;46.304;0.00929623085818988
475;rede;SMA;1.730161077;19;0.111;46.180;0.0044156703260322
473;rede;ssa;2.106767991;312;0.108;46.067;0.0360930160445306
461;rede;ssa;4.057107385;301;0.024;45.023;0.0360930160445306
474;rede;ssa;2.179699088;312;0.002;46.069;0.0360930160445306
482;rede;SMA;1.075487444;43;0.011;46.623;0.00572928357269349
418;rede;ssa;12.261535043;112;0.078;40.390;0.0189752485931269
479;rede;seadec;1.839830606;104;0.017;46.460;0.0200421445003984
483;rede;ssa;1.541895335;494;0.049;46.672;0.0468428353029938
485;rede;seadec;1.431874532;88;0.002;46.738;0.0240361194750053
486;rede;seadec;1.808968891;46;0.116;46.854;0.00853866866997741
487;rede;SMA;2.183531222;355;0.092;46.946;0.0427559244477954
494;rede;SMA;.996730610;33;0.035;47.496;0.00572928357269349
488;rede;ssa;2.100685304;572;0.046;46.992;0.0657184273159393
489;rede;seadec;1.948443148;46;0.04;47.032;0.00853866866997741
493;rede;ssa;1.468214214;532;0.23;47.461;0.0656320663227048
419;rede;ssa;14.117189024;302;0.071;40.461;0.0360930160445306
495;rede;ssa;1.418912658;258;0.009;47.505;0.0351769567303275
484;rede;seadec;3.302753513;78;0.064;46.736;0.0240361194750053
490;rede;ssa;2.665734512;255;0.054;47.086;0.034465109395276
498;rede;SMA;1.449126905;403;0.043;47.649;0.0386866425310276
496;rede;ssa;1.720426370;540;0.072;47.577;0.0656320663227048
491;rede;ssa;2.706729623;283;0.13;47.216;0.0351994025147571
439;rede;ssa;11.047077766;535;0.022;42.829;0.0656320663227048
499;rede;SMA;1.748818175;27;0.11;47.759;0.0044156703260322
497;rede;ssa;2.140103585;550;0.029;47.606;0.0639327156526897
505;rede;SMA;.851459684;27;0.288;48.276;0.0044156703260322
477;rede;SMA;5.771406672;178;0.112;46.416;0.0303277073168743
507;rede;seadec;1.374881753;148;0.128;48.612;0.0196202016385114
492;rede;seadec;3.942877456;77;0.015;47.231;0.0240361194750053
508;rede;SMA;1.297266954;391;0.075;48.687;0.0386866425310276
509;rede;SMA;1.277316335;186;0.138;48.825;0.027678078136308
506;rede;ssa;1.851439510;578;0.208;48.484;0.0657184273159393
511;rede;SMA;.968811461;192;0.461;49.302;0.027678078136308
514;rede;SMA;1.078267502;395;0.102;49.598;0.0386866425310276
510;rede;ssa;2.081785045;319;0.016;48.841;0.0369276456170677
512;rede;ssa;1.657896879;446;0.073;49.375;0.0464705153781347
513;rede;ssa;1.579808316;492;0.121;49.496;0.0468428353029938
515;rede;ssa;1.673804571;467;0.062;49.660;0.0463158279553995
480;rede;ssa;7.961584043;502;0.043;46.503;0.0472776063296307
517;rede;SMA;1.900005599;184;0.016;49.792;0.027678078136308
449;rede;ssa;13.086923142;328;0.165;43.896;0.0369276456170677
516;rede;ssa;2.131520786;281;0.116;49.776;0.0351994025147571
518;rede;ssa;1.913387458;282;0.102;49.894;0.0351994025147571
520;rede;ssa;1.442729262;580;0.213;50.765;0.0657184273159393
519;rede;ssa;1.687275274;445;0.658;50.552;0.0464705153781347
501;rede;seadec;6.059031464;127;0.003;47.766;0.0194549251238626
521;rede;ssa;1.511309279;108;0.245;51.010;0.0189752485931269
478;rede;SMA;9.406850613;416;0.027;46.443;0.0423559013427496
523;rede;SMA;.987225427;363;0.104;51.598;0.0400802183599336
522;rede;ssa;1.181749326;536;0.484;51.494;0.0656320663227048
524;rede;SMA;.995338840;32;0.211;51.809;0.00572928357269349
504;rede;SMA;6.676700277;26;0.038;47.988;0.0044156703260322
525;rede;seadec;.963501786;146;0.438;52.247;0.0196202016385114
481;rede;seadec;10.080315591;151;0.109;46.612;0.0200366493973128
527;rede;SMA;1.018478788;409;0.066;52.481;0.0423559013427496
526;rede;ssa;1.352794244;464;0.168;52.415;0.0462637861154206
500;rede;ssa;8.041111465;460;0.004;47.763;0.0462637861154206
530;rede;seadec;1.412145992;83;0.189;52.801;0.0240361194750053
528;rede;ssa;1.875444510;497;0.053;52.534;0.0472776063296307
529;rede;ssa;1.831703701;471;0.078;52.612;0.0463158279553995
531;rede;seadec;1.430892987;132;0.143;52.944;0.0194549251238626
533;rede;seadec;1.013057060;164;0.225;53.326;0.0200366493973128
503;rede;seadec;8.587087646;149;0.14;47.950;0.0196202016385114
534;rede;SMA;1.005031640;360;0.314;53.640;0.0427559244477954
532;rede;SMA;1.768376218;401;0.157;53.101;0.0386866425310276
538;rede;ssa;1.101166054;106;0.214;53.955;0.0189752485931269
539;rede;seadec;1.158243306;124;0.362;54.317;0.0194549251238626
541;rede;SMA;1.260768471;43;0.041;54.438;0.00572928357269349
536;rede;ssa;2.449497638;246;0.058;53.702;0.034465109395276
535;rede;ssa;2.657590867;477;0.004;53.644;0.0463158279553995
546;rede;SMA;1.025600097;214;0;54.594;0.0262853423085934
540;rede;ssa;1.901935789;488;0.08;54.397;0.0468428353029938
547;rede;SMA;.992596188;347;0.112;54.706;0.0427559244477954
542;rede;ssa;1.677944308;279;0.023;54.461;0.0351994025147571
544;rede;ssa;1.472915347;434;0.045;54.509;0.0450325086617828
545;rede;ssa;1.423219983;576;0.085;54.594;0.0657184273159393
543;rede;seadec;1.723103570;79;0.003;54.464;0.0240361194750053
551;rede;seadec;1.109598983;47;0.094;55.039;0.00853866866997741
548;rede;SMA;1.656445770;172;0.157;54.863;0.0303277073168743
549;rede;seadec;1.630088685;77;0.05;54.913;0.0240361194750053
556;rede;SMA;.949237907;22;0.006;55.403;0.0044156703260322
552;rede;SMA;1.897783486;216;0.205;55.244;0.0262853423085934
537;rede;ssa;4.588023159;589;0.039;53.741;0.0658004472335592
558;rede;seadec;1.323908832;46;0.028;55.612;0.00853866866997741
559;rede;seadec;1.402786102;140;0.018;55.630;0.0196202016385114
557;rede;ssa;1.731351687;564;0.181;55.584;0.0650104625049824
560;rede;SMA;1.444569873;210;0.013;55.643;0.0260920139484302
561;rede;seadec;1.003711916;83;0.442;56.085;0.0240361194750053
562;rede;SMA;1.006103659;352;0.113;56.198;0.0427559244477954
563;rede;seadec;1.011415258;99;0.078;56.276;0.0200421445003984
564;rede;SMA;1.013983580;2;0.09;56.366;0.00312822529954525
565;rede;SMA;1.181914415;371;0.163;56.529;0.0400802183599336
554;rede;ssa;3.850967605;560;0.098;55.346;0.0650104625049824
553;rede;ssa;4.267487693;427;0.004;55.248;0.0450325086617828
566;rede;SMA;2.010930706;8;0.037;56.566;0.00312822529954525
570;rede;SMA;1.113931819;388;0.022;57.284;0.0385801680617862
569;rede;seadec;1.188976391;93;0.402;57.262;0.0200421445003984
502;rede;ssa;15.470623865;478;0.044;47.810;0.0463158279553995
573;rede;SMA;.933842589;369;0.149;57.532;0.0400802183599336
572;rede;SMA;1.169022094;396;0.06;57.383;0.0386866425310276
571;rede;ssa;1.729973427;551;0.039;57.323;0.0639327156526897
576;rede;SMA;1.121563182;3;0.009;57.720;0.00312822529954525
575;rede;SMA;1.231453630;196;0.013;57.711;0.0260920139484302
577;rede;SMA;1.010556183;216;0.101;57.821;0.0262853423085934
578;rede;seadec;1.080238146;80;0.009;57.830;0.0240361194750053
574;rede;ssa;1.663277072;482;0.166;57.698;0.0468428353029938
579;rede;ssa;1.309904300;593;0.055;57.885;0.0658004472335592
555;rede;ssa;5.897999848;560;0.051;55.397;0.0650104625049824
580;rede;SMA;1.679758251;217;0.027;57.912;0.0262853423085934
581;rede;ssa;1.589579486;245;0.082;57.994;0.034465109395276
586;rede;SMA;1.152739105;23;0.123;58.428;0.0044156703260322
587;rede;seadec;1.254680135;49;0.003;58.431;0.00853866866997741
588;rede;SMA;1.204511064;416;0.001;58.432;0.0423559013427496
568;rede;ssa;4.517981453;339;0.214;56.860;0.0377148729094167
550;rede;ssa;7.801716426;559;0.032;54.945;0.0650104625049824
589;rede;ssa;1.374696090;263;0.016;58.448;0.0351769567303275
582;rede;ssa;2.516278284;311;0.192;58.186;0.0360930160445306
583;rede;SMA;2.471316320;210;0.076;58.262;0.0260920139484302
595;rede;SMA;.948069337;7;0.076;58.795;0.00312822529954525
567;rede;SMA;5.882604858;185;0.08;56.646;0.027678078136308
596;rede;SMA;1.015246931;357;0.532;59.327;0.0427559244477954
597;rede;SMA;1.014420473;234;0.064;59.391;0.0294444332989678
599;rede;seadec;1.025116436;121;0.069;59.638;0.0194549251238626
598;rede;ssa;1.187177996;590;0.178;59.569;0.0658004472335592
600;rede;seadec;1.186946839;123;0.172;59.810;0.0194549251238626
591;rede;SMA;3.098980189;237;0.031;58.547;0.0294444332989678
601;rede;SMA;1.094636952;360;0.053;59.863;0.0427559244477954
602;rede;SMA;1.151225111;383;0.004;59.867;0.0385801680617862
585;rede;SMA;4.000933354;392;0.037;58.305;0.0386866425310276
590;rede;ssa;3.552387904;519;0.068;58.516;0.0482841409439691
584;rede;ssa;4.556817612;470;0.006;58.268;0.0463158279553995
609;rede;SMA;.974583484;34;0.196;60.429;0.00572928357269349
605;rede;seadec;1.740870440;68;0.041;60.093;0.00929623085818988
603;rede;ssa;2.126625632;440;0.078;59.945;0.0464705153781347
604;rede;ssa;1.976446249;438;0.107;60.052;0.0464705153781347
612;rede;seadec;1.059974910;70;0.011;60.555;0.00929623085818988
606;rede;ssa;2.060576061;281;0.018;60.111;0.0351994025147571
611;rede;ssa;1.440631802;559;0.003;60.544;0.0650104625049824
610;rede;ssa;1.585432841;466;0.112;60.541;0.0463158279553995
607;rede;SMA;2.322464870;171;0.093;60.204;0.0303277073168743
608;rede;seadec;2.271659706;57;0.029;60.233;0.00853866866997741
613;rede;ssa;1.609662513;489;0.169;60.724;0.0468428353029938
594;rede;SMA;5.589636151;365;0.145;58.719;0.0400802183599336
614;rede;ssa;2.172991094;446;0.023;60.747;0.0464705153781347
615;rede;ssa;2.386223721;517;0;60.747;0.0482841409439691
616;rede;ssa;2.676210443;456;0.189;60.936;0.0462637861154206
593;rede;ssa;6.844664356;296;0.021;58.574;0.0354027676498525
627;rede;ssa;1.226458581;562;0.236;61.984;0.0650104625049824
628;rede;ssa;1.179581656;548;0.269;62.253;0.0639327156526897
629;rede;SMA;1.061342751;415;0.169;62.422;0.0423559013427496
592;rede;ssa;7.519432588;444;0.006;58.553;0.0464705153781347
631;rede;seadec;1.052455234;87;0.011;62.439;0.0240361194750053
630;rede;ssa;1.213328944;554;0.006;62.428;0.0639327156526897
632;rede;SMA;1.003198586;202;0.015;62.454;0.0260920139484302
617;rede;SMA;3.621691556;182;0.132;61.068;0.027678078136308
634;rede;SMA;1.331098493;178;0.024;63.036;0.0303277073168743
635;rede;SMA;1.255065930;367;0.13;63.166;0.0400802183599336
618;rede;ssa;4.690003218;249;0.016;61.084;0.034465109395276
637;rede;SMA;.826623378;419;0.373;63.574;0.0423559013427496
619;rede;SMA;5.123636164;36;0.093;61.177;0.00572928357269349
640;rede;SMA;1.020479234;227;0.028;63.821;0.0294444332989678
638;rede;ssa;1.426823331;515;0.104;63.678;0.0482841409439691
639;rede;ssa;1.327679087;518;0.115;63.793;0.0482841409439691
641;rede;SMA;.997928576;400;0.283;64.104;0.0386866425310276
633;rede;ssa;3.106722713;515;0.558;63.012;0.0482841409439691
645;rede;seadec;1.133796192;73;0.237;64.444;0.00929623085818988
642;rede;ssa;1.678262046;571;0.039;64.143;0.0657184273159393
644;rede;ssa;1.525560632;302;0.001;64.207;0.0360930160445306
643;rede;ssa;1.734141116;254;0.063;64.206;0.034465109395276
646;rede;SMA;1.265618055;215;0.086;64.530;0.0262853423085934
647;rede;SMA;1.141028660;1;0.089;64.619;0.00312822529954525
621;rede;SMA;6.643316999;44;0.007;61.257;0.00572928357269349
636;rede;SMA;3.612501421;19;0.035;63.201;0.0044156703260322
620;rede;ssa;6.818760180;321;0.073;61.250;0.0369276456170677
648;rede;ssa;1.660090580;522;0.041;64.660;0.0482841409439691
650;rede;SMA;1.057949721;16;0.454;65.168;0.0044156703260322
651;rede;SMA;1.021918612;43;0.018;65.186;0.00572928357269349
649;rede;ssa;2.644252075;506;0.054;64.714;0.0472776063296307
656;rede;seadec;1.040194708;78;0.038;65.729;0.0240361194750053
655;rede;SMA;1.205964050;35;0.016;65.691;0.00572928357269349
652;rede;ssa;1.815417931;526;0.134;65.320;0.0656320663227048
653;rede;ssa;1.562351698;248;0.217;65.537;0.034465109395276
654;rede;ssa;1.467799229;585;0.138;65.675;0.0657184273159393
623;rede;SMA;8.044198003;199;0.169;61.556;0.0260920139484302
622;rede;SMA;8.289392630;39;0.13;61.387;0.00572928357269349
657;rede;seadec;1.130644550;126;0.442;66.171;0.0194549251238626
658;rede;SMA;1.150061713;368;0.037;66.208;0.0400802183599336
660;rede;SMA;1.300394826;183;0.001;66.267;0.027678078136308
659;rede;ssa;1.645847527;563;0.058;66.266;0.0650104625049824
661;rede;SMA;1.610977128;397;0.093;66.360;0.0386866425310276
664;rede;ssa;1.441533812;331;0.055;66.553;0.0377148729094167
662;rede;ssa;1.978962756;445;0.047;66.407;0.0464705153781347
663;rede;SMA;2.015157455;403;0.091;66.498;0.0386866425310276
666;rede;ssa;1.497171630;539;0.067;66.862;0.0656320663227048
667;rede;ssa;1.446800424;286;0.052;66.914;0.0354027676498525
665;rede;ssa;1.770893432;463;0.242;66.795;0.0462637861154206
673;rede;SMA;1.171611175;25;0.082;67.334;0.0044156703260322
672;rede;SMA;1.353983763;195;0.132;67.252;0.027678078136308
668;rede;ssa;2.105817035;336;0.019;66.933;0.0377148729094167
625;rede;ssa;10.978255814;427;0.131;61.737;0.0450325086617828
669;rede;SMA;2.145474962;362;0.078;67.011;0.0400802183599336
676;rede;SMA;1.150996166;19;0.138;67.567;0.0044156703260322
624;rede;ssa;11.281987613;443;0.05;61.606;0.0464705153781347
670;rede;ssa;2.381616732;434;0.101;67.112;0.0450325086617828
674;rede;ssa;1.845055987;552;0.032;67.366;0.0639327156526897
677;rede;SMA;1.334784050;213;0.167;67.734;0.0262853423085934
675;rede;ssa;1.784196163;300;0.063;67.429;0.0354027676498525
681;rede;SMA;1.090244537;226;0.058;68.107;0.0294444332989678
671;rede;ssa;2.799284980;564;0.008;67.120;0.0650104625049824
682;rede;ssa;1.307700214;544;0.005;68.112;0.0639327156526897
678;rede;SMA;1.888258959;205;0.085;67.819;0.0260920139484302
680;rede;SMA;1.659206480;393;0.17;68.049;0.0386866425310276
684;rede;SMA;1.130932690;218;0.079;68.288;0.0262853423085934
683;rede;ssa;1.307278109;575;0.097;68.209;0.0657184273159393
679;rede;ssa;2.238382913;542;0.06;67.879;0.0639327156526897
626;rede;seadec;12.735342618;63;0.011;61.748;0.00929623085818988
687;rede;seadec;1.189153537;87;0.068;68.690;0.0240361194750053
685;rede;seadec;1.850800662;96;0.06;68.348;0.0200421445003984
689;rede;SMA;1.153159218;25;0.044;68.969;0.0044156703260322
688;rede;seadec;1.372191206;124;0.235;68.925;0.0194549251238626
692;rede;ssa;1.254793920;331;0.147;69.539;0.0377148729094167
693;rede;seadec;.998760349;133;0.243;69.782;0.0194549251238626
695;rede;SMA;.893561517;210;0.013;69.877;0.0260920139484302
694;rede;seadec;1.117553845;139;0.082;69.864;0.0196202016385114
691;rede;SMA;1.727560553;225;0.406;69.392;0.0262853423085934
686;rede;ssa;3.112476658;304;0.274;68.622;0.0360930160445306
696;rede;seadec;1.239899034;67;0.101;69.978;0.00929623085818988
697;rede;SMA;1.244270564;177;0.026;70.004;0.0303277073168743
703;rede;seadec;1.026193846;163;0.101;70.484;0.0200366493973128
690;rede;ssa;3.562691335;253;0.017;68.986;0.034465109395276
705;rede;SMA;1.010515865;34;0.029;70.740;0.00572928357269349
699;rede;ssa;2.073904427;266;0.037;70.120;0.0351769567303275
698;rede;ssa;2.312364154;439;0.079;70.083;0.0464705153781347
706;rede;seadec;1.076145969;104;0.058;70.798;0.0200421445003984
704;rede;ssa;1.341111505;540;0.227;70.711;0.0656320663227048
700;rede;ssa;2.384912998;572;0.148;70.268;0.0657184273159393
701;rede;ssa;2.296459465;317;0.062;70.330;0.0369276456170677
707;rede;ssa;1.500025197;457;0.141;70.939;0.0462637861154206
708;rede;seadec;1.837109911;104;0.107;71.046;0.0200421445003984
702;rede;ssa;2.837966182;436;0.053;70.383;0.0464705153781347
709;rede;SMA;1.848014162;221;0.096;71.142;0.0262853423085934
715;rede;seadec;1.049380507;53;0.056;72.129;0.00853866866997741
713;rede;ssa;1.423375702;261;0.357;71.859;0.0351769567303275
716;rede;SMA;1.036161265;418;0.014;72.143;0.0423559013427496
714;rede;ssa;1.335448237;285;0.214;72.073;0.0351994025147571
710;rede;seadec;3.012941648;86;0.178;71.320;0.0240361194750053
719;rede;seadec;1.423600878;102;0.142;72.438;0.0200421445003984
722;rede;SMA;1.097607905;3;0.049;72.582;0.00312822529954525
717;rede;ssa;1.947219276;327;0.102;72.245;0.0369276456170677
718;rede;ssa;1.816747904;506;0.051;72.296;0.0472776063296307
712;rede;ssa;3.170650166;517;0.023;71.502;0.0482841409439691
724;rede;SMA;1.096260385;376;0.047;72.707;0.0385801680617862
723;rede;SMA;1.318760622;375;0.078;72.660;0.0400802183599336
721;rede;SMA;2.466040734;225;0.047;72.533;0.0262853423085934
730;rede;SMA;1.015568353;12;0.353;73.513;0.00312822529954525
725;rede;ssa;2.167683802;488;0.216;72.923;0.0468428353029938
732;rede;SMA;1.103450271;236;0.064;73.603;0.0294444332989678
733;rede;SMA;1.055077511;21;0.109;73.712;0.0044156703260322
726;rede;ssa;2.343053083;554;0.082;73.005;0.0639327156526897
729;rede;ssa;1.961320727;280;0.018;73.160;0.0351994025147571
727;rede;ssa;2.300093805;290;0.134;73.139;0.0354027676498525
731;rede;ssa;1.553854958;454;0.026;73.539;0.0462637861154206
728;rede;ssa;2.250274165;449;0.003;73.142;0.0464705153781347
734;rede;SMA;1.283570271;19;0.146;73.858;0.0044156703260322
735;rede;ssa;1.778357281;242;0.237;74.095;0.034465109395276
711;rede;ssa;6.735434722;425;0.159;71.479;0.0450325086617828
745;rede;SMA;.988523136;8;0.296;75.508;0.00312822529954525
746;rede;SMA;1.077699670;215;0.089;75.597;0.0262853423085934
747;rede;seadec;.938824425;57;0.065;75.662;0.00853866866997741
720;rede;SMA;6.092328732;234;0.048;72.486;0.0294444332989678
741;rede;ssa;2.422549076;296;0.13;75.043;0.0354027676498525
740;rede;ssa;2.661480543;450;0.028;74.913;0.0464705153781347
751;rede;SMA;1.043962439;365;0.147;76.132;0.0400802183599336
749;rede;ssa;1.488156447;336;0.051;75.772;0.0377148729094167
748;rede;ssa;1.650804312;492;0.059;75.721;0.0468428353029938
736;rede;ssa;4.038983137;297;0.109;74.204;0.0354027676498525
738;rede;ssa;3.517188508;551;0.365;74.591;0.0639327156526897
750;rede;ssa;1.485011344;448;0.213;75.985;0.0464705153781347
753;rede;seadec;.911475940;143;0.185;76.553;0.0196202016385114
752;rede;seadec;1.654256003;156;0.236;76.368;0.0200366493973128
756;rede;SMA;1.321904024;181;0.005;76.678;0.027678078136308
739;rede;SMA;4.298294110;187;0.294;74.885;0.027678078136308
754;rede;ssa;1.777534758;287;0.119;76.672;0.0354027676498525
743;rede;seadec;3.920003736;67;0.129;75.212;0.00929623085818988
742;rede;seadec;4.131193594;62;0.04;75.083;0.00929623085818988
757;rede;SMA;1.522091830;12;0.051;76.729;0.00312822529954525
755;rede;ssa;1.926463272;456;0.001;76.673;0.0462637861154206
763;rede;seadec;1.034144413;104;0.047;77.247;0.0200421445003984
761;rede;ssa;1.424923933;245;0.004;77.035;0.034465109395276
760;rede;ssa;1.479909219;324;0.166;77.031;0.0369276456170677
762;rede;ssa;1.344783021;508;0.165;77.200;0.0472776063296307
758;rede;seadec;2.052148808;54;0.091;76.820;0.00853866866997741
759;rede;SMA;2.001486876;40;0.045;76.865;0.00572928357269349
737;rede;ssa;6.398208127;560;0.022;74.226;0.0650104625049824
766;rede;SMA;1.432625482;40;0.042;77.521;0.00572928357269349
744;rede;SMA;5.481532044;235;0;75.212;0.0294444332989678
772;rede;ssa;1.214596695;547;0.071;77.883;0.0639327156526897
776;rede;SMA;1.062907825;417;0.072;78.124;0.0423559013427496
773;rede;ssa;1.523609453;510;0.036;77.919;0.0472776063296307
777;rede;seadec;1.096531348;134;0.119;78.243;0.0194549251238626
774;rede;ssa;1.585832962;298;0.073;77.992;0.0354027676498525
778;rede;SMA;1.014575838;9;0.071;78.314;0.00312822529954525
768;rede;ssa;2.635472896;422;0.116;77.638;0.0450325086617828
775;rede;ssa;1.814281299;477;0.06;78.052;0.0463158279553995
769;rede;SMA;2.926344378;31;0.048;77.686;0.00572928357269349
780;rede;SMA;1.188121938;26;0.005;78.522;0.0044156703260322
782;rede;SMA;1.234420657;33;0.02;78.545;0.00572928357269349
781;rede;ssa;1.524165748;299;0.003;78.525;0.0354027676498525
784;rede;SMA;1.226584312;347;0;78.614;0.0427559244477954
779;rede;ssa;2.069596532;117;0.203;78.517;0.0189752485931269
764;rede;ssa;4.735740527;270;0.171;77.418;0.0351769567303275
770;rede;SMA;4.117702064;349;0.052;77.738;0.0427559244477954
783;rede;ssa;2.285345490;431;0.069;78.614;0.0450325086617828
771;rede;SMA;4.294057185;2;0.074;77.812;0.00312822529954525
785;rede;ssa;2.224540355;467;0.034;78.648;0.0463158279553995
786;rede;ssa;2.319259383;423;0.039;78.687;0.0450325086617828
794;rede;SMA;.982495404;20;0.198;79.560;0.0044156703260322
793;rede;seadec;1.366785679;63;0.103;79.362;0.00929623085818988
767;rede;SMA;5.354747097;11;0.001;77.522;0.00312822529954525
795;rede;ssa;1.490523527;342;0.039;79.599;0.0377148729094167
788;rede;ssa;2.671701821;328;0.15;78.894;0.0369276456170677
789;rede;seadec;2.701725965;164;0.169;79.063;0.0200366493973128
796;rede;ssa;1.615813450;323;0.171;79.770;0.0369276456170677
787;rede;ssa;3.246200999;118;0.057;78.744;0.0189752485931269
797;rede;ssa;1.564125703;316;0.226;79.996;0.0369276456170677
790;rede;ssa;3.044075434;276;0.052;79.115;0.0351994025147571
765;rede;ssa;6.922619435;438;0.061;77.479;0.0464705153781347
799;rede;ssa;1.385920656;508;0.069;80.365;0.0472776063296307
801;rede;seadec;1.231954824;95;0.006;80.490;0.0200421445003984
800;rede;ssa;1.402812438;472;0.119;80.484;0.0463158279553995
791;rede;ssa;3.432753047;109;0.077;79.192;0.0189752485931269
792;rede;seadec;3.878575545;91;0.067;79.259;0.0200421445003984
806;rede;SMA;1.162317670;371;0.217;80.804;0.0400802183599336
798;rede;ssa;2.490656537;335;0.3;80.296;0.0377148729094167
802;rede;seadec;1.891829675;89;0.051;80.541;0.0240361194750053
808;rede;ssa;1.022604616;241;0.17;81.063;0.034465109395276
810;rede;seadec;.984969710;160;0.183;81.470;0.0200366493973128
809;rede;ssa;1.291938604;485;0.224;81.287;0.0468428353029938
807;rede;seadec;1.903924854;79;0.089;80.893;0.0240361194750053
811;rede;ssa;1.187205776;541;0.229;81.699;0.0639327156526897
812;rede;SMA;1.029465241;232;0.177;81.876;0.0294444332989678
814;rede;seadec;.782178635;131;0.126;82.157;0.0194549251238626
813;rede;ssa;1.221265196;285;0.155;82.031;0.0351994025147571
803;rede;SMA;3.537523666;382;0.021;80.562;0.0385801680617862
804;rede;ssa;3.882123915;534;0.006;80.568;0.0656320663227048
815;rede;ssa;1.363000441;431;0.178;82.335;0.0450325086617828
816;rede;ssa;1.309498845;547;0.266;82.601;0.0639327156526897
818;rede;SMA;.961316537;227;0.06;82.827;0.0294444332989678
817;rede;SMA;1.194754319;223;0.166;82.767;0.0262853423085934
820;rede;seadec;1.039908552;135;0.095;83.132;0.0194549251238626
821;rede;seadec;1.065101215;133;0.011;83.143;0.0194549251238626
819;rede;ssa;1.381043339;520;0.21;83.037;0.0482841409439691
822;rede;ssa;1.296454670;599;0.111;83.254;0.0658004472335592
824;rede;ssa;1.154808151;117;0.013;83.420;0.0189752485931269
825;rede;seadec;1.178332703;126;0.103;83.523;0.0194549251238626
826;rede;SMA;1.134076286;168;0.226;83.749;0.0303277073168743
805;rede;ssa;5.767568811;430;0.019;80.587;0.0450325086617828
827;rede;SMA;1.387080516;368;0.066;83.815;0.0400802183599336
823;rede;ssa;2.132719482;560;0.153;83.407;0.0650104625049824
829;rede;SMA;1.435725941;11;0.01;83.882;0.00312822529954525
828;rede;ssa;1.802474275;255;0.057;83.872;0.034465109395276
837;rede;SMA;.994022079;364;0.012;84.366;0.0400802183599336
834;rede;ssa;1.519099916;338;0.101;84.163;0.0377148729094167
835;rede;ssa;1.395292696;562;0.186;84.349;0.0650104625049824
836;rede;ssa;1.375243376;259;0.005;84.354;0.0351769567303275
831;rede;seadec;2.179523014;60;0.065;83.965;0.00853866866997741
830;rede;ssa;2.400598673;328;0.018;83.900;0.0369276456170677
833;rede;SMA;2.056700936;37;0.071;84.062;0.00572928357269349
832;rede;ssa;2.532334208;504;0.026;83.991;0.0472776063296307
838;rede;SMA;1.762037404;386;0.139;84.505;0.0385801680617862
841;rede;SMA;1.349794104;216;0.026;84.661;0.0262853423085934
843;rede;seadec;1.173425092;50;0.121;84.966;0.00853866866997741
840;rede;ssa;2.105204831;274;0.049;84.635;0.0351994025147571
839;rede;ssa;2.268935275;425;0.081;84.586;0.0450325086617828
846;rede;SMA;1.031544576;197;0.143;85.551;0.0260920139484302
847;rede;SMA;.966404997;170;0.168;85.719;0.0303277073168743
842;rede;ssa;2.348092611;597;0.184;84.845;0.0658004472335592
844;rede;ssa;2.326802291;309;0.104;85.070;0.0360930160445306
848;rede;SMA;1.206793590;188;0.251;85.970;0.027678078136308
850;rede;seadec;1.265218150;75;0.21;86.311;0.00929623085818988
851;rede;SMA;1.158130376;390;0.012;86.323;0.0385801680617862
853;rede;seadec;1.152990108;68;0.008;86.435;0.00929623085818988
852;rede;ssa;1.315423284;118;0.104;86.427;0.0189752485931269
855;rede;SMA;1.016542922;186;0.123;86.585;0.027678078136308
856;rede;SMA;1.013723488;21;0.047;86.632;0.0044156703260322
854;rede;ssa;1.394045510;529;0.027;86.462;0.0656320663227048
857;rede;SMA;.997507516;414;0.071;86.703;0.0423559013427496
845;rede;ssa;3.305732210;249;0.338;85.408;0.034465109395276
858;rede;ssa;1.913418368;480;0.132;86.835;0.0463158279553995
859;rede;SMA;1.843098735;233;0.424;87.259;0.0294444332989678
862;rede;ssa;1.096831897;304;0.417;87.855;0.0360930160445306
860;rede;seadec;1.878455135;74;0.118;87.377;0.00929623085818988
863;rede;ssa;1.313912616;429;0.067;87.922;0.0450325086617828
865;rede;SMA;1.046284179;191;0.123;88.165;0.027678078136308
864;rede;ssa;1.435100589;253;0.12;88.042;0.034465109395276
867;rede;seadec;1.090736738;161;0.018;88.216;0.0200366493973128
866;rede;ssa;1.517355843;506;0.033;88.198;0.0472776063296307
861;rede;SMA;2.999378714;362;0.061;87.438;0.0400802183599336
868;rede;SMA;1.743282552;5;0.038;88.254;0.00312822529954525
872;rede;SMA;1.251440923;189;0.17;88.624;0.027678078136308
869;rede;ssa;2.043915434;460;0.084;88.338;0.0462637861154206
871;rede;ssa;1.859966033;473;0.098;88.454;0.0463158279553995
874;rede;SMA;1.326759038;204;0.006;88.673;0.0260920139484302
870;rede;ssa;2.210872315;336;0.018;88.356;0.0377148729094167
873;rede;ssa;1.887198499;470;0.043;88.667;0.0463158279553995
875;rede;ssa;1.692031315;558;0.143;88.816;0.0650104625049824
876;rede;SMA;1.648341243;193;0.061;88.877;0.027678078136308
849;rede;ssa;7.092743728;447;0.131;86.101;0.0464705153781347
877;rede;SMA;1.928551717;377;0.209;89.086;0.0385801680617862
878;rede;seadec;1.788113602;163;0.114;89.200;0.0200366493973128
883;rede;SMA;.986144697;402;0.09;89.676;0.0386866425310276
882;rede;SMA;1.304547031;367;0.154;89.586;0.0400802183599336
884;rede;SMA;1.048911446;193;0.169;89.845;0.027678078136308
886;rede;SMA;1.022644652;201;0.033;89.946;0.0260920139484302
885;rede;ssa;1.316093157;300;0.068;89.913;0.0354027676498525
879;rede;ssa;2.656276797;425;0.046;89.246;0.0450325086617828
887;rede;ssa;1.516538747;486;0.15;90.096;0.0468428353029938
890;rede;SMA;1.238164752;377;0.065;90.327;0.0385801680617862
888;rede;ssa;1.629022467;475;0.1;90.196;0.0463158279553995
889;rede;ssa;1.583488134;290;0.066;90.262;0.0354027676498525
895;rede;SMA;1.099860882;34;0.043;90.802;0.00572928357269349
880;rede;ssa;3.570337524;120;0.094;89.340;0.0189752485931269
892;rede;ssa;1.723557200;113;0.138;90.623;0.0189752485931269
891;rede;ssa;2.028923750;336;0.158;90.485;0.0377148729094167
893;rede;seadec;1.983055561;51;0.098;90.721;0.00853866866997741
894;rede;ssa;1.993331318;477;0.038;90.759;0.0463158279553995
881;rede;ssa;4.222133919;500;0.092;89.432;0.0472776063296307
896;rede;ssa;1.634794128;489;0.474;91.276;0.0468428353029938
897;rede;ssa;1.401420051;521;0.298;91.574;0.0482841409439691
900;rede;SMA;1.182514758;399;0.031;91.987;0.0386866425310276
898;rede;ssa;1.478504664;271;0.253;91.827;0.0351994025147571
899;rede;ssa;1.320728502;588;0.129;91.956;0.0658004472335592
901;rede;ssa;1.713033269;475;0.042;92.029;0.0463158279553995
904;rede;SMA;1.573327616;8;0.014;92.221;0.00312822529954525
905;rede;seadec;1.480153045;47;0.035;92.256;0.00853866866997741
902;rede;ssa;1.859289380;512;0.172;92.201;0.0482841409439691
903;rede;ssa;1.962254906;450;0.006;92.207;0.0464705153781347
908;rede;SMA;1.185096109;220;0.198;92.589;0.0262853423085934
910;rede;seadec;1.104454693;62;0.277;92.873;0.00929623085818988
911;rede;SMA;.983951109;207;0.123;92.996;0.0260920139484302
912;rede;SMA;1.013373720;31;0.05;93.046;0.00572928357269349
914;rede;SMA;1.016306449;189;0.265;93.350;0.027678078136308
907;rede;ssa;2.412827028;501;0.074;92.391;0.0472776063296307
913;rede;ssa;1.328206102;326;0.039;93.085;0.0369276456170677
906;rede;ssa;2.690005212;494;0.061;92.317;0.0468428353029938
915;rede;SMA;1.173040332;199;0.022;93.372;0.0260920139484302
916;rede;seadec;1.151450300;64;0.38;93.752;0.00929623085818988
909;rede;ssa;2.878876570;569;0.007;92.596;0.0650104625049824
922;rede;SMA;.956565562;383;0.137;94.208;0.0385801680617862
918;rede;ssa;1.792339285;555;0.027;93.809;0.0639327156526897
917;rede;ssa;2.109141772;496;0.03;93.782;0.0472776063296307
919;rede;ssa;1.874503956;571;0.059;93.868;0.0657184273159393
920;rede;SMA;1.711115730;193;0.132;94.000;0.027678078136308
924;rede;SMA;1.149504676;416;0.268;94.596;0.0423559013427496
923;rede;ssa;1.528643533;563;0.12;94.328;0.0650104625049824
925;rede;seadec;1.007067859;152;0.067;94.663;0.0200366493973128
921;rede;SMA;2.126311041;394;0.071;94.071;0.0386866425310276
926;rede;ssa;1.400117967;260;0.109;94.772;0.0351769567303275
931;rede;seadec;1.220261631;96;0.02;95.090;0.0200421445003984
934;rede;SMA;.756050496;418;0.116;95.353;0.0423559013427496
927;rede;seadec;1.915276376;147;0.02;94.792;0.0196202016385114
933;rede;seadec;.979482878;130;0.002;95.237;0.0194549251238626
928;rede;seadec;1.871968274;104;0.048;94.840;0.0200421445003984
935;rede;ssa;.978461812;538;0.624;95.977;0.0656320663227048
937;rede;SMA;1.015205420;42;0.029;96.337;0.00572928357269349
936;rede;ssa;1.486127630;555;0.331;96.308;0.0639327156526897
938;rede;ssa;1.273406235;600;0.033;96.370;0.0658004472335592
939;rede;ssa;1.289322283;255;0.032;96.402;0.034465109395276
941;rede;SMA;1.108202614;42;0.26;96.831;0.00572928357269349
940;rede;SMA;1.644794750;213;0.169;96.571;0.0262853423085934
930;rede;ssa;4.332572592;325;0.009;95.070;0.0369276456170677
942;rede;ssa;1.922968956;457;0.017;96.848;0.0462637861154206
950;rede;seadec;1.028324084;99;0.253;97.420;0.0200421445003984
943;rede;ssa;2.180798443;460;0.024;96.872;0.0462637861154206
944;rede;ssa;2.096846334;562;0.016;96.888;0.0650104625049824
951;rede;SMA;1.042050368;1;0.015;97.435;0.00312822529954525
949;rede;ssa;1.467217508;517;0.114;97.167;0.0482841409439691
952;rede;ssa;1.267092096;256;0.031;97.466;0.0351769567303275
945;rede;ssa;2.657062665;437;0.054;96.942;0.0464705153781347
954;rede;SMA;1.258340643;193;0.121;97.651;0.027678078136308
948;rede;ssa;2.333961738;429;0.063;97.053;0.0450325086617828
955;rede;SMA;1.199911311;8;0.145;97.796;0.00312822529954525
946;rede;ssa;2.793184147;578;0.003;96.945;0.0657184273159393
947;rede;SMA;2.772062829;390;0.045;96.990;0.0385801680617862
953;rede;ssa;2.007333787;475;0.064;97.530;0.0463158279553995
961;rede;SMA;1.006742295;178;0.098;98.217;0.0303277073168743
929;rede;ssa;7.248420747;465;0.221;95.061;0.0462637861154206
956;rede;SMA;1.972676157;377;0.171;97.967;0.0385801680617862
963;rede;SMA;.956984816;362;0.061;98.438;0.0400802183599336
962;rede;ssa;1.209771327;538;0.16;98.377;0.0656320663227048
964;rede;seadec;1.018864051;131;0.077;98.515;0.0194549251238626
957;rede;seadec;2.464137194;56;0.057;98.024;0.00853866866997741
965;rede;seadec;1.137519022;84;0.506;99.021;0.0240361194750053
966;rede;SMA;1.122633195;27;0.144;99.165;0.0044156703260322
967;rede;seadec;1.134784582;71;0.149;99.314;0.00929623085818988
958;rede;seadec;3.351704991;91;0.013;98.037;0.0200421445003984
968;rede;SMA;.910561944;211;0.329;99.643;0.0262853423085934
969;rede;SMA;1.010769372;229;0.286;99.929;0.0294444332989678
959;rede;seadec;3.711868407;149;0.023;98.060;0.0196202016385114
970;rede;SMA;1.018356557;230;0.012;99.941;0.0294444332989678
972;rede;SMA;1.039166682;34;0.093;100.112;0.00572928357269349
971;rede;ssa;1.548134429;463;0.078;100.019;0.0462637861154206
973;rede;seadec;1.329325627;157;0.04;100.152;0.0200366493973128
974;rede;SMA;1.347926523;378;0.068;100.220;0.0385801680617862
976;rede;SMA;1.140914908;222;0.312;100.554;0.0262853423085934
932;rede;ssa;10.603868645;331;0.145;95.235;0.0377148729094167
975;rede;ssa;2.199663331;492;0.022;100.242;0.0468428353029938
977;rede;ssa;1.709044416;510;0.038;100.592;0.0472776063296307
978;rede;ssa;1.577775114;458;0.053;100.645;0.0462637861154206
979;rede;SMA;1.288141662;21;0.263;100.908;0.0044156703260322
960;rede;seadec;6.023937352;96;0.059;98.119;0.0200421445003984
984;rede;SMA;1.230069109;172;0.006;101.155;0.0303277073168743
981;rede;SMA;1.856591845;377;0.001;100.959;0.0385801680617862
985;rede;seadec;1.024326176;123;0.317;101.472;0.0194549251238626
986;rede;SMA;1.191159539;415;0.003;101.475;0.0423559013427496
980;rede;ssa;2.366282779;253;0.05;100.958;0.034465109395276
987;rede;SMA;1.058078586;228;0.331;101.806;0.0294444332989678
988;rede;SMA;.899096695;416;0.251;102.057;0.0423559013427496
989;rede;ssa;1.514429410;440;0.038;102.095;0.0464705153781347
990;rede;SMA;1.211076614;391;0.289;102.384;0.0386866425310276
991;rede;SMA;1.072694068;200;0.122;102.506;0.0260920139484302
983;rede;SMA;3.244939252;202;0.058;101.149;0.0260920139484302
995;rede;SMA;.984308243;23;0.006;102.764;0.0044156703260322
992;rede;ssa;1.466976018;534;0.122;102.628;0.0656320663227048
982;rede;ssa;4.031670942;502;0.132;101.091;0.0472776063296307
993;rede;ssa;1.510858593;555;0.023;102.651;0.0639327156526897
994;rede;ssa;1.403952313;243;0.107;102.758;0.034465109395276
999;rede;SMA;1.093106079;19;0.271;103.127;0.0044156703260322
996;rede;seadec;1.873205827;87;0.073;102.837;0.0240361194750053
997;rede;seadec;1.965668413;147;0.015;102.852;0.0196202016385114
998;rede;ssa;2.083690618;559;0.004;102.856;0.0650104625049824
