0;random;SMA;1.422293552;;0.076;.076;0.0423559013427496
2;random;ssa;1.284899423;;0.015;.209;0.0351994025147571
5;random;SMA;.972788669;;0.289;.556;0.0303277073168743
9;random;SMA;1.023235619;;0.015;.844;0.0294444332989678
6;random;SMA;1.517804374;;0.123;.679;0.0427559244477954
8;random;ssa;1.604655360;;0.096;.829;0.034465109395276
1;random;ssa;2.697114095;;0.118;.194;0.0450325086617828
3;random;ssa;3.033571721;;0.014;.223;0.0656320663227048
4;random;seadec;3.872105206;;0.044;.267;0.0196202016385114
7;random;SMA;3.825096861;;0.054;.733;0.00312822529954525
0;random;SMA;.827972133;;0.076;.076;0.0423559013427496
2;random;ssa;.966009866;;0.015;.209;0.0189752485931269
5;random;SMA;.812391267;;0.289;.556;0.0044156703260322
9;random;SMA;.774423073;;0.015;.844;0.0262853423085934
7;random;ssa;1.155078586;;0.054;.733;0.0377148729094167
11;random;seadec;.729315938;;0.076;1.059;0.0194549251238626
12;random;seadec;.920256319;;0.124;1.183;0.0196202016385114
15;random;seadec;.951599585;;0.104;1.834;0.00929623085818988
14;random;ssa;1.336820484;;0.105;1.730;0.0639327156526897
18;random;seadec;.981166581;;0.034;2.121;0.0200366493973128
17;random;ssa;1.423968410;;0.065;2.087;0.0658004472335592
25;random;SMA;.743698091;;0.006;2.583;0.0262853423085934
20;random;ssa;1.255767727;;0.236;2.416;0.0482841409439691
21;random;ssa;1.302777306;;0.064;2.480;0.0450325086617828
30;random;ssa;1.076305189;;0.144;3.398;0.0377148729094167
34;random;seadec;.924872689;;0.02;3.586;0.0200366493973128
35;random;ssa;1.301356427;;0.102;3.688;0.0472776063296307
38;random;SMA;.934955898;;0.075;3.866;0.0294444332989678
39;random;ssa;1.085636309;;0.024;3.890;0.0650104625049824
40;random;ssa;1.160462961;;0.108;3.998;0.034465109395276
41;random;ssa;1.213051160;;0.103;4.101;0.0377148729094167
45;random;SMA;.650991100;;0.03;4.440;0.0303277073168743
46;random;SMA;.943255529;;0.129;4.569;0.0262853423085934
47;random;ssa;1.066215805;;0.099;4.668;0.0189752485931269
54;random;SMA;1.245616272;;0.059;5.617;0.00572928357269349
52;random;ssa;1.959138734;;0.322;5.502;0.0650104625049824
59;random;seadec;1.217900197;;0.077;5.955;0.0200366493973128
56;random;ssa;1.668742604;;0.021;5.736;0.0462637861154206
61;random;ssa;1.256781498;;0.111;6.075;0.0472776063296307
63;random;SMA;.933661758;;0.157;6.257;0.0386866425310276
65;random;ssa;.913652743;;0.043;6.783;0.034465109395276
66;random;ssa;1.126111763;;0.273;7.056;0.0369276456170677
71;random;seadec;.912122462;;0.231;7.744;0.0200366493973128
74;random;SMA;1.059001077;;0.039;8.103;0.00572928357269349
75;random;SMA;1.278198315;;0.005;8.108;0.0260920139484302
78;random;seadec;1.010233164;;0.081;8.381;0.0196202016385114
81;random;SMA;.728456032;;0.101;8.797;0.0386866425310276
82;random;ssa;1.033482663;;0.082;8.879;0.0650104625049824
84;random;SMA;.873401242;;0.228;9.113;0.0400802183599336
85;random;ssa;1.040077222;;0.08;9.193;0.0377148729094167
86;random;ssa;1.040784663;;0.158;9.351;0.0656320663227048
89;random;SMA;.924550831;;0.21;9.819;0.0400802183599336
95;random;SMA;.659194220;;0.026;10.192;0.0303277073168743
92;random;SMA;.962213913;;0.104;10.072;0.0294444332989678
93;random;ssa;1.659040649;;0.026;10.098;0.0472776063296307
96;random;ssa;1.426602748;;0.045;10.237;0.0377148729094167
98;random;ssa;1.366661086;;0.013;10.271;0.0369276456170677
100;random;ssa;1.253567755;;0.19;10.496;0.0658004472335592
99;random;ssa;1.598170243;;0.035;10.306;0.0657184273159393
103;random;ssa;1.419626614;;0.038;10.631;0.034465109395276
101;random;SMA;1.724742658;;0.052;10.548;0.0423559013427496
106;random;seadec;.923130356;;0.02;11.045;0.0200421445003984
107;random;SMA;.746790713;;0.23;11.275;0.0386866425310276
111;random;seadec;.819575336;;0.184;11.749;0.00853866866997741
110;random;ssa;1.156793702;;0.157;11.565;0.0650104625049824
115;random;SMA;1.212273502;;0.072;11.980;0.00572928357269349
119;random;SMA;1.001677424;;0.03;12.082;0.0303277073168743
116;random;seadec;1.188636869;;0.044;12.024;0.0196202016385114
118;random;ssa;1.360797143;;0.021;12.052;0.0369276456170677
117;random;SMA;1.445631878;;0.007;12.031;0.027678078136308
121;random;ssa;1.274891115;;0.074;12.180;0.0369276456170677
114;random;ssa;1.914882703;;0.142;11.908;0.0468428353029938
123;random;ssa;1.274062609;;0.098;12.449;0.0468428353029938
124;random;SMA;1.497085151;;0.002;12.451;0.0303277073168743
126;random;ssa;1.862466332;;0.326;12.795;0.0656320663227048
132;random;SMA;.892670747;;0.038;13.248;0.0400802183599336
128;random;ssa;1.945673397;;0.009;12.940;0.0354027676498525
122;random;ssa;3.033580454;;0.171;12.351;0.0468428353029938
139;random;SMA;.896390584;;0.079;13.700;0.00312822529954525
141;random;seadec;.927623975;;0.103;13.856;0.0200421445003984
131;random;ssa;2.271014628;;0.125;13.210;0.0464705153781347
130;random;SMA;3.050998410;;0.026;13.085;0.0260920139484302
134;random;SMA;2.494069373;;0.011;13.297;0.0294444332989678
133;random;ssa;2.538513741;;0.038;13.286;0.0360930160445306
145;random;seadec;.922277014;;0.081;14.302;0.0200421445003984
146;random;SMA;.997420076;;0.058;14.360;0.0303277073168743
143;random;ssa;1.337510479;;0.118;14.199;0.0351994025147571
148;random;ssa;1.097655659;;0.171;14.571;0.0189752485931269
144;random;ssa;1.837370378;;0.022;14.221;0.0463158279553995
149;random;ssa;1.159982512;;0.211;14.782;0.0351994025147571
157;random;seadec;.831848425;;0.071;15.835;0.0240361194750053
154;random;ssa;1.326710053;;0.192;15.508;0.0377148729094167
159;random;SMA;1.008531198;;0.003;15.843;0.027678078136308
163;random;SMA;.875285437;;0.144;16.397;0.0386866425310276
166;random;ssa;1.090307579;;0.267;16.835;0.0656320663227048
167;random;seadec;.857628474;;0.211;17.046;0.0200421445003984
170;random;SMA;.793430372;;0.095;17.436;0.00572928357269349
173;random;ssa;1.017623615;;0.217;17.896;0.0482841409439691
174;random;ssa;1.469222943;;0.129;18.025;0.0468428353029938
175;random;ssa;1.400943072;;0.152;18.177;0.0482841409439691
182;random;SMA;1.316042453;;0.033;18.691;0.0044156703260322
179;random;ssa;1.754290661;;0.076;18.558;0.0482841409439691
184;random;SMA;1.157230064;;0.132;18.917;0.00572928357269349
187;random;seadec;.932968604;;0.052;19.099;0.00929623085818988
189;random;seadec;.987299253;;0.231;19.350;0.0240361194750053
185;random;ssa;1.640962564;;0.054;18.971;0.0351769567303275
186;random;SMA;1.737612331;;0.076;19.047;0.0427559244477954
188;random;ssa;1.582518281;;0.02;19.119;0.0472776063296307
191;random;SMA;.968327576;;0.08;19.545;0.0303277073168743
192;random;SMA;.979425208;;0.012;19.557;0.0400802183599336
190;random;ssa;1.421706066;;0.115;19.465;0.0468428353029938
194;random;SMA;1.025977218;;0.035;19.715;0.0044156703260322
197;random;SMA;.764729477;;0.045;19.918;0.0385801680617862
193;random;ssa;1.461178063;;0.123;19.680;0.0472776063296307
210;random;ssa;1.019528098;;0.015;20.758;0.0482841409439691
212;random;ssa;.883713956;;0.103;20.998;0.0656320663227048
216;random;seadec;.903164423;;0.066;21.200;0.0196202016385114
218;random;ssa;1.249491350;;0.154;21.572;0.0468428353029938
219;random;ssa;1.192370396;;0.011;21.583;0.0360930160445306
220;random;SMA;1.143533312;;0.109;21.692;0.00572928357269349
221;random;seadec;1.103442225;;0.032;21.724;0.0194549251238626
225;random;SMA;.914839815;;0.032;22.117;0.0385801680617862
227;random;seadec;.972787859;;0.062;22.366;0.00929623085818988
226;random;ssa;1.179086689;;0.187;22.304;0.0354027676498525
228;random;seadec;1.006569896;;0.045;22.411;0.0194549251238626
229;random;SMA;1.070544034;;0.117;22.528;0.0400802183599336
230;random;seadec;.941636287;;0.056;22.584;0.00853866866997741
224;random;SMA;1.963155711;;0.157;22.085;0.0303277073168743
231;random;ssa;1.146851834;;0.459;23.043;0.0482841409439691
234;random;ssa;1.081147518;;0.059;23.177;0.0656320663227048
239;random;seadec;.924526159;;0.105;23.518;0.0200366493973128
241;random;SMA;1.221450269;;0.107;23.778;0.0400802183599336
238;random;ssa;2.181849928;;0.065;23.413;0.0463158279553995
243;random;seadec;.922956428;;0.244;24.154;0.0200421445003984
244;random;SMA;.919307365;;0.058;24.212;0.0427559244477954
247;random;SMA;.908040449;;0.276;24.501;0.0303277073168743
253;random;seadec;.690487532;;0;25.112;0.0240361194750053
254;random;SMA;.882024905;;0.022;25.134;0.027678078136308
257;random;seadec;.925415041;;0.116;25.464;0.0194549251238626
256;random;ssa;1.395742768;;0.139;25.348;0.0639327156526897
258;random;ssa;1.280472651;;0.005;25.469;0.0377148729094167
262;random;ssa;1.056394089;;0.005;25.992;0.0656320663227048
261;random;ssa;1.292988435;;0.317;25.987;0.0468428353029938
265;random;seadec;.881886587;;0.011;26.146;0.00929623085818988
264;random;ssa;1.098284240;;0.074;26.135;0.0482841409439691
267;random;ssa;1.128890519;;0.028;26.275;0.0657184273159393
269;random;ssa;1.243133923;;0.104;26.604;0.0468428353029938
273;random;seadec;.958532249;;0;26.860;0.00929623085818988
271;random;ssa;1.258894931;;0.163;26.819;0.0462637861154206
274;random;ssa;1.321482562;;0.19;27.050;0.034465109395276
275;random;ssa;1.107268011;;0.633;27.683;0.0464705153781347
276;random;SMA;.939767667;;0.392;28.075;0.0427559244477954
277;random;SMA;.921121557;;0.011;28.086;0.0294444332989678
278;random;SMA;.902050609;;0.129;28.215;0.00312822529954525
279;random;ssa;.987242649;;0.099;28.314;0.0369276456170677
283;random;SMA;.911861672;;0.033;28.764;0.00572928357269349
286;random;seadec;.959856905;;0.001;28.899;0.0240361194750053
284;random;ssa;1.293218933;;0.097;28.861;0.0639327156526897
290;random;SMA;1.017061716;;0.029;29.206;0.0385801680617862
294;random;SMA;.912650179;;0.066;29.411;0.0400802183599336
289;random;ssa;1.411250344;;0.189;29.177;0.0377148729094167
292;random;ssa;1.217101723;;0.103;29.317;0.0639327156526897
296;random;ssa;1.113818810;;0.109;29.562;0.0639327156526897
293;random;ssa;1.916086942;;0.028;29.345;0.0464705153781347
295;random;ssa;1.760903838;;0.042;29.453;0.0650104625049824
297;random;ssa;1.837415144;;0.141;29.703;0.0377148729094167
299;random;ssa;1.460701800;;0.053;29.881;0.0468428353029938
300;random;ssa;1.433933246;;0.042;29.923;0.0351769567303275
302;random;ssa;1.269976711;;0.211;30.500;0.0462637861154206
303;random;ssa;1.165503067;;0.104;30.604;0.034465109395276
304;random;ssa;1.076282585;;0.178;30.782;0.0351994025147571
308;random;SMA;.798266010;;0.196;31.153;0.0386866425310276
322;random;SMA;.958981074;;0.017;32.543;0.0427559244477954
321;random;ssa;1.040413029;;0.046;32.526;0.0658004472335592
325;random;seadec;.742767791;;0.011;32.665;0.0200366493973128
326;random;ssa;1.110016015;;0.07;32.735;0.0657184273159393
329;random;seadec;.930567375;;0.005;33.065;0.0240361194750053
331;random;ssa;1.086715573;;0.133;33.232;0.0189752485931269
333;random;ssa;1.194576730;;0.047;33.348;0.0377148729094167
335;random;SMA;.971736536;;0.002;33.459;0.0262853423085934
334;random;ssa;1.191746820;;0.109;33.457;0.0360930160445306
337;random;ssa;1.388747328;;0.135;33.613;0.0450325086617828
340;random;ssa;1.004101011;;0.038;33.888;0.0482841409439691
339;random;ssa;1.237705926;;0.006;33.850;0.0351994025147571
344;random;ssa;1.207730542;;0.126;34.324;0.0189752485931269
349;random;SMA;.896511840;;0.108;34.670;0.0303277073168743
348;random;ssa;1.373149398;;0.007;34.562;0.0463158279553995
350;random;ssa;1.198803389;;0.007;34.677;0.034465109395276
353;random;ssa;1.243262888;;0.132;34.860;0.0369276456170677
354;random;ssa;1.344798352;;0.161;35.021;0.0472776063296307
355;random;ssa;1.329693158;;0.105;35.126;0.0472776063296307
358;random;ssa;1.382555760;;0.008;35.451;0.0450325086617828
364;random;seadec;.909527996;;0.095;35.916;0.0200421445003984
362;random;SMA;1.410556076;;0.072;35.794;0.0262853423085934
366;random;ssa;1.056143029;;0.066;36.077;0.0656320663227048
363;random;ssa;1.613413785;;0.027;35.821;0.0657184273159393
361;random;ssa;1.834746713;;0.024;35.722;0.0377148729094167
370;random;seadec;1.047104581;;0.034;36.437;0.0194549251238626
373;random;seadec;.918338548;;0.058;36.716;0.0194549251238626
371;random;ssa;1.565634471;;0.021;36.458;0.0450325086617828
375;random;seadec;.913557668;;0.037;36.894;0.00853866866997741
378;random;seadec;.867920694;;0.126;37.181;0.00929623085818988
380;random;ssa;1.069262972;;0.26;37.455;0.0189752485931269
385;random;ssa;1.376898992;;0.302;38.045;0.0369276456170677
386;random;SMA;1.367900389;;0.018;38.063;0.0423559013427496
387;random;SMA;1.369318370;;0.014;38.077;0.0260920139484302
393;random;seadec;.966131049;;0;38.240;0.00853866866997741
391;random;ssa;1.214124475;;0.066;38.235;0.0354027676498525
394;random;ssa;1.156129444;;0.137;38.377;0.0351769567303275
392;random;ssa;1.809487017;;0.005;38.240;0.0650104625049824
388;random;ssa;2.181699864;;0.034;38.111;0.0462637861154206
395;random;ssa;2.189096462;;0.114;38.491;0.034465109395276
396;random;ssa;2.148815061;;0.227;38.718;0.0639327156526897
397;random;seadec;2.281541345;;0.056;38.774;0.0196202016385114
403;random;ssa;1.987409774;;0.07;39.145;0.0468428353029938
408;random;ssa;1.139494515;;0.108;39.573;0.034465109395276
409;random;SMA;.938145172;;0.173;39.746;0.0423559013427496
413;random;SMA;.921055666;;0.03;39.894;0.00572928357269349
405;random;ssa;2.134475579;;0.001;39.381;0.0482841409439691
407;random;ssa;2.351336138;;0.02;39.465;0.0377148729094167
414;random;seadec;1.247483294;;0.225;40.119;0.00853866866997741
417;random;SMA;1.070919892;;0.045;40.312;0.0427559244477954
416;random;ssa;1.441268485;;0.042;40.267;0.0450325086617828
418;random;ssa;1.124610221;;0.078;40.390;0.0189752485931269
421;random;SMA;.916332907;;0.138;40.755;0.0303277073168743
425;random;seadec;.666079788;;0.018;41.354;0.0196202016385114
424;random;SMA;.877116257;;0.021;41.336;0.00572928357269349
434;random;ssa;1.112105803;;0.066;42.130;0.0464705153781347
436;random;SMA;.885061367;;0.314;42.690;0.0044156703260322
437;random;seadec;.899640623;;0.109;42.799;0.00929623085818988
438;random;SMA;1.045136784;;0.008;42.807;0.00312822529954525
443;random;SMA;1.313054296;;0.078;43.310;0.0427559244477954
440;random;ssa;2.060961219;;0.078;42.907;0.0463158279553995
445;random;ssa;1.205869795;;0.078;43.423;0.0450325086617828
442;random;ssa;1.867640682;;0.122;43.232;0.0450325086617828
444;random;ssa;1.701894061;;0.035;43.345;0.0369276456170677
448;random;ssa;1.061382702;;0.055;43.731;0.0189752485931269
447;random;seadec;1.520377189;;0.17;43.676;0.00929623085818988
453;random;SMA;.912155217;;0.045;44.137;0.0400802183599336
450;random;ssa;1.407689671;;0.012;43.908;0.0360930160445306
454;random;ssa;1.073812459;;0.033;44.170;0.0657184273159393
458;random;SMA;.866444118;;0.206;44.795;0.0262853423085934
459;random;ssa;.860552149;;0.033;44.828;0.0472776063296307
468;random;SMA;.740814891;;0.109;45.794;0.0260920139484302
472;random;seadec;.902613656;;0.035;45.959;0.0200421445003984
469;random;ssa;1.352665328;;0.002;45.796;0.0354027676498525
471;random;ssa;1.369069799;;0.079;45.924;0.0639327156526897
475;random;SMA;.889948441;;0.111;46.180;0.0044156703260322
474;random;ssa;1.201281747;;0.002;46.069;0.0360930160445306
479;random;seadec;.860691331;;0.017;46.460;0.0200421445003984
481;random;seadec;.963542193;;0.109;46.612;0.0200366493973128
482;random;SMA;.913086996;;0.011;46.623;0.00572928357269349
484;random;seadec;.937499388;;0.064;46.736;0.0240361194750053
486;random;seadec;.775236059;;0.116;46.854;0.00853866866997741
488;random;ssa;.957105273;;0.046;46.992;0.0657184273159393
490;random;ssa;1.132324283;;0.054;47.086;0.034465109395276
492;random;seadec;.816726393;;0.015;47.231;0.0240361194750053
494;random;SMA;.924995582;;0.035;47.496;0.00572928357269349
498;random;SMA;.710267075;;0.043;47.649;0.0386866425310276
496;random;ssa;1.097832503;;0.072;47.577;0.0656320663227048
501;random;seadec;.978127338;;0.003;47.766;0.0194549251238626
500;random;ssa;1.352941313;;0.004;47.763;0.0462637861154206
503;random;seadec;.887669297;;0.14;47.950;0.0196202016385114
505;random;SMA;.844005185;;0.288;48.276;0.0044156703260322
507;random;seadec;.701490630;;0.128;48.612;0.0196202016385114
508;random;SMA;.908976591;;0.075;48.687;0.0386866425310276
517;random;SMA;.903882887;;0.016;49.792;0.027678078136308
518;random;ssa;1.128184946;;0.102;49.894;0.0351994025147571
520;random;ssa;.903875763;;0.213;50.765;0.0657184273159393
521;random;ssa;1.026249811;;0.245;51.010;0.0189752485931269
522;random;ssa;.840093546;;0.484;51.494;0.0656320663227048
523;random;SMA;.893870727;;0.104;51.598;0.0400802183599336
525;random;seadec;.776341916;;0.438;52.247;0.0196202016385114
527;random;SMA;.946665320;;0.066;52.481;0.0423559013427496
526;random;ssa;1.448448493;;0.168;52.415;0.0462637861154206
530;random;seadec;.942042173;;0.189;52.801;0.0240361194750053
531;random;seadec;.750468633;;0.143;52.944;0.0194549251238626
529;random;ssa;1.361270567;;0.078;52.612;0.0463158279553995
532;random;SMA;.751067668;;0.157;53.101;0.0386866425310276
533;random;seadec;.903172442;;0.225;53.326;0.0200366493973128
534;random;SMA;.813747872;;0.314;53.640;0.0427559244477954
537;random;ssa;1.015913637;;0.039;53.741;0.0658004472335592
538;random;ssa;1.135610485;;0.214;53.955;0.0189752485931269
539;random;seadec;.902891778;;0.362;54.317;0.0194549251238626
541;random;SMA;.783632663;;0.041;54.438;0.00572928357269349
548;random;SMA;1.368820916;;0.157;54.863;0.0303277073168743
549;random;seadec;1.272939629;;0.05;54.913;0.0240361194750053
551;random;seadec;1.215736816;;0.094;55.039;0.00853866866997741
553;random;ssa;1.195494831;;0.004;55.248;0.0450325086617828
550;random;ssa;1.846695489;;0.032;54.945;0.0650104625049824
559;random;seadec;.900784902;;0.018;55.630;0.0196202016385114
552;random;SMA;1.924184473;;0.205;55.244;0.0262853423085934
557;random;ssa;1.495898229;;0.181;55.584;0.0650104625049824
558;random;seadec;1.588208127;;0.028;55.612;0.00853866866997741
562;random;SMA;1.121590349;;0.113;56.198;0.0427559244477954
564;random;SMA;.892100704;;0.09;56.366;0.00312822529954525
565;random;SMA;.878493371;;0.163;56.529;0.0400802183599336
567;random;SMA;.883033698;;0.08;56.646;0.027678078136308
570;random;SMA;.891541336;;0.022;57.284;0.0385801680617862
571;random;ssa;.903012156;;0.039;57.323;0.0639327156526897
573;random;SMA;.895319589;;0.149;57.532;0.0400802183599336
577;random;SMA;.929897250;;0.101;57.821;0.0262853423085934
578;random;seadec;.924377221;;0.009;57.830;0.0240361194750053
1;random;SMA;100.668440929;;0.118;.194;0.0260920139484302
579;random;ssa;.893761974;;0.055;57.885;0.0658004472335592
581;random;ssa;1.109237841;;0.082;57.994;0.034465109395276
589;random;ssa;.999904858;;0.016;58.448;0.0351769567303275
591;random;SMA;.924199804;;0.031;58.547;0.0294444332989678
590;random;ssa;1.107694214;;0.068;58.516;0.0482841409439691
592;random;ssa;1.203939624;;0.006;58.553;0.0464705153781347
593;random;ssa;1.188041300;;0.021;58.574;0.0354027676498525
13;random;ssa;100.680535066;;0.442;1.625;0.0377148729094167
596;random;SMA;1.010974207;;0.532;59.327;0.0427559244477954
597;random;SMA;1.005884220;;0.064;59.391;0.0294444332989678
598;random;ssa;.957081181;;0.178;59.569;0.0658004472335592
600;random;seadec;.926076649;;0.172;59.810;0.0194549251238626
601;random;SMA;.951819633;;0.053;59.863;0.0427559244477954
604;random;ssa;.985122679;;0.107;60.052;0.0464705153781347
605;random;seadec;.938076079;;0.041;60.093;0.00929623085818988
603;random;ssa;1.499112708;;0.078;59.945;0.0464705153781347
607;random;SMA;.952126852;;0.093;60.204;0.0303277073168743
28;random;ssa;100.733997453;;0.117;3.154;0.0472776063296307
609;random;SMA;.953108885;;0.196;60.429;0.00572928357269349
611;random;ssa;.925312349;;0.003;60.544;0.0650104625049824
614;random;ssa;1.273950677;;0.023;60.747;0.0464705153781347
615;random;ssa;1.313834720;;0;60.747;0.0482841409439691
613;random;ssa;1.598167353;;0.169;60.724;0.0468428353029938
618;random;ssa;1.048682965;;0.016;61.084;0.034465109395276
619;random;SMA;1.026378003;;0.093;61.177;0.00572928357269349
620;random;ssa;1.218463426;;0.073;61.250;0.0369276456170677
42;random;ssa;100.464785349;;0.129;4.230;0.0472776063296307
622;random;SMA;1.136851421;;0.13;61.387;0.00572928357269349
624;random;ssa;1.153413336;;0.05;61.606;0.0464705153781347
626;random;seadec;.867756370;;0.011;61.748;0.00929623085818988
628;random;ssa;1.062574403;;0.269;62.253;0.0639327156526897
6;random;ssa;108.530505554;;0.123;.679;0.0468428353029938
631;random;seadec;.922170671;;0.011;62.439;0.0240361194750053
51;random;SMA;100.488089046;;0.218;5.180;0.00572928357269349
634;random;SMA;.704908657;;0.024;63.036;0.0303277073168743
633;random;ssa;1.084449536;;0.558;63.012;0.0482841409439691
635;random;SMA;.817455321;;0.13;63.166;0.0400802183599336
636;random;SMA;.916263518;;0.035;63.201;0.0044156703260322
26;random;seadec;106.761806681;;0.058;2.641;0.0196202016385114
58;random;SMA;101.134688742;;0.111;5.878;0.0044156703260322
638;random;ssa;1.493313730;;0.104;63.678;0.0482841409439691
640;random;SMA;1.240926985;;0.028;63.821;0.0294444332989678
639;random;ssa;1.395009871;;0.115;63.793;0.0482841409439691
641;random;SMA;.932066795;;0.283;64.104;0.0386866425310276
642;random;ssa;1.090061731;;0.039;64.143;0.0657184273159393
643;random;ssa;1.345869984;;0.063;64.206;0.034465109395276
644;random;ssa;1.299961652;;0.001;64.207;0.0360930160445306
36;random;SMA;106.448947780;;0.03;3.718;0.0400802183599336
646;random;SMA;.854785743;;0.086;64.530;0.0262853423085934
647;random;SMA;.903180845;;0.089;64.619;0.00312822529954525
649;random;ssa;1.108196810;;0.054;64.714;0.0472776063296307
67;random;ssa;101.499561975;;0.114;7.170;0.0482841409439691
651;random;SMA;.903591701;;0.018;65.186;0.00572928357269349
652;random;ssa;.951596458;;0.134;65.320;0.0656320663227048
44;random;seadec;106.632408824;;0.055;4.410;0.0240361194750053
653;random;ssa;1.102030384;;0.217;65.537;0.034465109395276
655;random;SMA;1.018358572;;0.016;65.691;0.00572928357269349
657;random;seadec;.786820662;;0.442;66.171;0.0194549251238626
70;random;ssa;103.042574796;;0.178;7.513;0.0189752485931269
661;random;SMA;1.077530252;;0.093;66.360;0.0386866425310276
663;random;SMA;.901052353;;0.091;66.498;0.0386866425310276
57;random;seadec;106.040538632;;0.031;5.767;0.0196202016385114
664;random;ssa;1.045082924;;0.055;66.553;0.0377148729094167
662;random;ssa;1.490502837;;0.047;66.407;0.0464705153781347
665;random;ssa;1.341932105;;0.242;66.795;0.0462637861154206
673;random;SMA;.918343811;;0.082;67.334;0.0044156703260322
77;random;SMA;103.543620629;;0.157;8.300;0.0294444332989678
671;random;ssa;1.388209946;;0.008;67.120;0.0650104625049824
674;random;ssa;1.148102781;;0.032;67.366;0.0639327156526897
675;random;ssa;1.243867243;;0.063;67.429;0.0354027676498525
678;random;SMA;.736776952;;0.085;67.819;0.0260920139484302
677;random;SMA;1.275956868;;0.167;67.734;0.0262853423085934
62;random;ssa;107.943100334;;0.025;6.100;0.0464705153781347
682;random;ssa;1.062419795;;0.005;68.112;0.0639327156526897
683;random;ssa;.938980124;;0.097;68.209;0.0657184273159393
684;random;SMA;.909577552;;0.079;68.288;0.0262853423085934
685;random;seadec;.926953962;;0.06;68.348;0.0200421445003984
80;random;ssa;105.193761131;;0.039;8.696;0.0656320663227048
686;random;ssa;1.066805651;;0.274;68.622;0.0360930160445306
688;random;seadec;.896124435;;0.235;68.925;0.0194549251238626
69;random;SMA;107.705545091;;0.084;7.335;0.0294444332989678
692;random;ssa;1.117960026;;0.147;69.539;0.0377148729094167
693;random;seadec;1.105545474;;0.243;69.782;0.0194549251238626
8;random;ssa;120.377768206;;0.096;.829;0.0657184273159393
694;random;seadec;1.010206007;;0.082;69.864;0.0196202016385114
73;random;SMA;108.415438236;;0.029;8.064;0.0423559013427496
91;random;ssa;105.258819409;;0.045;9.968;0.034465109395276
3;random;SMA;121.834487639;;0.014;.223;0.0044156703260322
703;random;seadec;.740788299;;0.101;70.484;0.0200366493973128
701;random;ssa;1.130438313;;0.062;70.330;0.0369276456170677
705;random;SMA;.839138408;;0.029;70.740;0.00572928357269349
706;random;seadec;.821987836;;0.058;70.798;0.0200421445003984
704;random;ssa;1.078806697;;0.227;70.711;0.0656320663227048
79;random;SMA;109.131490960;;0.276;8.657;0.0427559244477954
120;random;seadec;102.955376521;;0.024;12.106;0.00929623085818988
710;random;seadec;.913963036;;0.178;71.320;0.0240361194750053
711;random;ssa;1.259466281;;0.159;71.479;0.0450325086617828
10;random;ssa;123.498063564;;0.139;.983;0.0351769567303275
87;random;seadec;109.272430535;;0.123;9.474;0.00853866866997741
713;random;ssa;1.222641977;;0.357;71.859;0.0351769567303275
715;random;seadec;.936965903;;0.056;72.129;0.00853866866997741
138;random;ssa;102.266531192;;0.207;13.621;0.0650104625049824
19;random;ssa;122.668591769;;0.059;2.180;0.0377148729094167
717;random;ssa;1.188033628;;0.102;72.245;0.0369276456170677
720;random;SMA;.851626963;;0.048;72.486;0.0294444332989678
109;random;SMA;107.426551800;;0.076;11.408;0.0385801680617862
722;random;SMA;.909911250;;0.049;72.582;0.00312822529954525
723;random;SMA;.865709293;;0.078;72.660;0.0400802183599336
724;random;SMA;.913235943;;0.047;72.707;0.0385801680617862
150;random;seadec;101.983073286;;0.051;14.833;0.00853866866997741
725;random;ssa;1.140980732;;0.216;72.923;0.0468428353029938
22;random;ssa;123.732900073;;0.029;2.509;0.0658004472335592
728;random;ssa;1.223846060;;0.003;73.142;0.0464705153781347
730;random;SMA;.903199213;;0.353;73.513;0.00312822529954525
137;random;SMA;105.250827271;;0.01;13.414;0.0262853423085934
734;random;SMA;.764201966;;0.146;73.858;0.0044156703260322
160;random;SMA;101.890505204;;0.15;15.993;0.0303277073168743
24;random;ssa;125.121901282;;0.011;2.577;0.034465109395276
735;random;ssa;1.036029875;;0.237;74.095;0.034465109395276
738;random;ssa;1.038066567;;0.365;74.591;0.0639327156526897
739;random;SMA;.904973738;;0.294;74.885;0.027678078136308
31;random;seadec;124.693541921;;0.004;3.402;0.0240361194750053
742;random;seadec;.654493625;;0.04;75.083;0.00929623085818988
743;random;seadec;.916768261;;0.129;75.212;0.00929623085818988
147;random;ssa;106.040377767;;0.04;14.400;0.0463158279553995
37;random;seadec;124.835719018;;0.073;3.791;0.00929623085818988
164;random;ssa;103.356327775;;0.148;16.545;0.0650104625049824
747;random;seadec;.881898394;;0.065;75.662;0.00853866866997741
748;random;ssa;1.072888695;;0.059;75.721;0.0468428353029938
751;random;SMA;.901776375;;0.147;76.132;0.0400802183599336
752;random;seadec;.914123804;;0.236;76.368;0.0200366493973128
169;random;SMA;103.965755200;;0.26;17.341;0.0303277073168743
156;random;ssa;106.404638921;;0.184;15.764;0.0639327156526897
756;random;SMA;.890873032;;0.005;76.678;0.027678078136308
27;random;ssa;129.432443607;;0.396;3.037;0.0464705153781347
755;random;ssa;1.633618229;;0.001;76.673;0.0462637861154206
763;random;seadec;.935351393;;0.047;77.247;0.0200421445003984
761;random;ssa;1.321007240;;0.004;77.035;0.034465109395276
762;random;ssa;1.341409564;;0.165;77.200;0.0472776063296307
760;random;ssa;1.667700184;;0.166;77.031;0.0369276456170677
162;random;seadec;107.315450727;;0.162;16.253;0.0194549251238626
766;random;SMA;.938513952;;0.042;77.521;0.00572928357269349
767;random;SMA;.910616776;;0.001;77.522;0.00312822529954525
177;random;ssa;105.008022582;;0.068;18.438;0.0468428353029938
771;random;SMA;.901512668;;0.074;77.812;0.00312822529954525
769;random;SMA;1.164427193;;0.048;77.686;0.00572928357269349
765;random;ssa;2.069936469;;0.061;77.479;0.0464705153781347
168;random;SMA;107.794787686;;0.035;17.081;0.027678078136308
778;random;SMA;1.311931455;;0.071;78.314;0.00312822529954525
774;random;ssa;1.990565990;;0.073;77.992;0.0354027676498525
181;random;SMA;106.176092348;;0.025;18.658;0.0262853423085934
775;random;ssa;1.974869597;;0.06;78.052;0.0463158279553995
776;random;SMA;1.928462268;;0.072;78.124;0.0423559013427496
32;random;ssa;131.918769100;;0.032;3.434;0.0351994025147571
49;random;ssa;129.108961147;;0.201;4.920;0.0464705153781347
786;random;ssa;1.653465891;;0.039;78.687;0.0450325086617828
792;random;seadec;.859253377;;0.067;79.259;0.0200421445003984
791;random;ssa;1.074494584;;0.077;79.192;0.0189752485931269
793;random;seadec;.965233791;;0.103;79.362;0.00929623085818988
176;random;ssa;108.285192046;;0.193;18.370;0.0482841409439691
55;random;SMA;128.989575394;;0.098;5.715;0.0262853423085934
794;random;SMA;.935942307;;0.198;79.560;0.0044156703260322
195;random;SMA;105.503138947;;0.077;19.792;0.027678078136308
796;random;ssa;1.007994640;;0.171;79.770;0.0369276456170677
797;random;ssa;1.165942214;;0.226;79.996;0.0369276456170677
798;random;ssa;1.106950630;;0.3;80.296;0.0377148729094167
799;random;ssa;1.065259727;;0.069;80.365;0.0472776063296307
802;random;seadec;.931037721;;0.051;80.541;0.0240361194750053
180;random;SMA;109.411963889;;0.075;18.633;0.0294444332989678
199;random;SMA;106.733059698;;0.006;19.998;0.0044156703260322
43;random;ssa;132.937278780;;0.125;4.355;0.0482841409439691
800;random;ssa;1.321586784;;0.119;80.484;0.0463158279553995
807;random;seadec;.681079359;;0.089;80.893;0.0240361194750053
68;random;ssa;129.124921875;;0.081;7.251;0.0482841409439691
808;random;ssa;1.118523956;;0.17;81.063;0.034465109395276
50;random;SMA;132.715440231;;0.042;4.962;0.0262853423085934
810;random;seadec;.802453401;;0.183;81.470;0.0200366493973128
809;random;ssa;1.251255794;;0.224;81.287;0.0468428353029938
183;random;SMA;110.731217591;;0.094;18.785;0.0262853423085934
60;random;SMA;132.192203796;;0.009;5.964;0.00312822529954525
811;random;ssa;1.244117241;;0.229;81.699;0.0639327156526897
812;random;SMA;1.049477726;;0.177;81.876;0.0294444332989678
201;random;ssa;108.765386297;;0.103;20.109;0.0360930160445306
814;random;seadec;.907484302;;0.126;82.157;0.0194549251238626
72;random;SMA;130.192705185;;0.291;8.035;0.0294444332989678
820;random;seadec;.831271739;;0.095;83.132;0.0194549251238626
821;random;seadec;.750217275;;0.011;83.143;0.0194549251238626
88;random;seadec;128.436277576;;0.135;9.609;0.0200421445003984
203;random;seadec;110.139110146;;0.08;20.256;0.0200366493973128
198;random;ssa;110.934297143;;0.074;19.992;0.0468428353029938
822;random;ssa;1.060561390;;0.111;83.254;0.0658004472335592
824;random;ssa;.916750350;;0.013;83.420;0.0189752485931269
97;random;SMA;128.199024359;;0.021;10.258;0.0386866425310276
826;random;SMA;.914009069;;0.226;83.749;0.0303277073168743
829;random;SMA;.920290339;;0.01;83.882;0.00312822529954525
828;random;ssa;.996759880;;0.057;83.872;0.034465109395276
832;random;ssa;1.098107976;;0.026;83.991;0.0472776063296307
105;random;SMA;127.843331387;;0.269;11.025;0.0262853423085934
208;random;ssa;111.621860222;;0.04;20.643;0.0656320663227048
834;random;ssa;1.198107782;;0.101;84.163;0.0377148729094167
836;random;ssa;1.131923428;;0.005;84.354;0.0351769567303275
200;random;ssa;113.372805575;;0.008;20.006;0.0462637861154206
113;random;seadec;127.535091230;;0.013;11.766;0.0194549251238626
842;random;ssa;1.339607496;;0.184;84.845;0.0658004472335592
843;random;seadec;1.080985520;;0.121;84.966;0.00853866866997741
129;random;SMA;126.305554074;;0.119;13.059;0.0262853423085934
844;random;ssa;1.155392840;;0.104;85.070;0.0360930160445306
202;random;SMA;114.634746079;;0.067;20.176;0.00312822529954525
211;random;ssa;113.327287307;;0.137;20.895;0.0650104625049824
83;random;ssa;134.469998936;;0.006;8.885;0.0463158279553995
140;random;SMA;125.815547001;;0.053;13.753;0.0400802183599336
848;random;SMA;.896933174;;0.251;85.970;0.027678078136308
94;random;SMA;133.067788136;;0.068;10.166;0.027678078136308
850;random;seadec;.938274250;;0.21;86.311;0.00929623085818988
152;random;SMA;124.688451203;;0.174;15.031;0.0044156703260322
215;random;SMA;114.467077230;;0.016;21.134;0.0260920139484302
853;random;seadec;1.030092959;;0.008;86.435;0.00929623085818988
205;random;ssa;116.389465852;;0.067;20.340;0.0639327156526897
855;random;SMA;1.267147496;;0.123;86.585;0.027678078136308
852;random;ssa;1.670006944;;0.104;86.427;0.0189752485931269
854;random;ssa;1.717788000;;0.027;86.462;0.0656320663227048
859;random;SMA;.973061006;;0.424;87.259;0.0294444332989678
860;random;seadec;.913594354;;0.118;87.377;0.00929623085818988
235;random;SMA;112.356180687;;0.041;23.218;0.0400802183599336
858;random;ssa;1.991183389;;0.132;86.835;0.0463158279553995
862;random;ssa;1.299021977;;0.417;87.855;0.0360930160445306
864;random;ssa;1.092744372;;0.12;88.042;0.034465109395276
863;random;ssa;1.434117745;;0.067;87.922;0.0450325086617828
867;random;seadec;.969590957;;0.018;88.216;0.0200366493973128
209;random;ssa;118.432130424;;0.1;20.743;0.0472776063296307
242;random;seadec;112.735654293;;0.132;23.910;0.0200366493973128
869;random;ssa;1.559473342;;0.084;88.338;0.0462637861154206
874;random;SMA;.997730038;;0.006;88.673;0.0260920139484302
871;random;ssa;1.467423367;;0.098;88.454;0.0463158279553995
4;random;SMA;154.454149942;;0.044;.267;0.0427559244477954
873;random;ssa;1.361333501;;0.043;88.667;0.0463158279553995
213;random;SMA;119.500331321;;0.012;21.010;0.0260920139484302
882;random;SMA;.648542682;;0.154;89.586;0.0400802183599336
246;random;SMA;113.775812571;;0.008;24.225;0.0423559013427496
879;random;ssa;1.211769418;;0.046;89.246;0.0450325086617828
16;random;seadec;152.717152962;;0.188;2.022;0.0240361194750053
884;random;SMA;.894758752;;0.169;89.845;0.027678078136308
886;random;SMA;.732166252;;0.033;89.946;0.0260920139484302
885;random;ssa;1.045939858;;0.068;89.913;0.0354027676498525
23;random;SMA;152.669735969;;0.057;2.566;0.0262853423085934
104;random;ssa;138.523978613;;0.125;10.756;0.0464705153781347
217;random;SMA;120.455687610;;0.218;21.418;0.0386866425310276
890;random;SMA;.932829350;;0.065;90.327;0.0385801680617862
888;random;ssa;1.301103300;;0.1;90.196;0.0463158279553995
252;random;ssa;114.732615074;;0.087;25.112;0.0351769567303275
891;random;ssa;1.253779537;;0.158;90.485;0.0377148729094167
29;random;SMA;152.619309926;;0.1;3.254;0.0423559013427496
112;random;seadec;137.978031616;;0.004;11.753;0.00853866866997741
893;random;seadec;.971056484;;0.098;90.721;0.00853866866997741
158;random;ssa;131.392892792;;0.005;15.840;0.0468428353029938
894;random;ssa;1.309728038;;0.038;90.759;0.0463158279553995
237;random;SMA;118.550796070;;0.039;23.348;0.0400802183599336
127;random;seadec;136.863250111;;0.136;12.931;0.0240361194750053
896;random;ssa;1.235434564;;0.474;91.276;0.0468428353029938
171;random;SMA;129.913643631;;0.18;17.616;0.0303277073168743
897;random;ssa;1.017049220;;0.298;91.574;0.0482841409439691
259;random;SMA;115.475729667;;0.026;25.495;0.0385801680617862
898;random;ssa;1.048568275;;0.253;91.827;0.0351994025147571
901;random;ssa;1.178189225;;0.042;92.029;0.0463158279553995
905;random;seadec;.777100311;;0.035;92.256;0.00853866866997741
907;random;ssa;.924894977;;0.074;92.391;0.0472776063296307
245;random;ssa;119.231404734;;0.005;24.217;0.0658004472335592
270;random;SMA;115.144972960;;0.052;26.656;0.0262853423085934
909;random;ssa;1.034711167;;0.007;92.596;0.0650104625049824
33;random;ssa;156.162540579;;0.132;3.566;0.0650104625049824
306;random;SMA;109.725314635;;0.128;30.934;0.00572928357269349
251;random;ssa;120.168011508;;0.072;25.025;0.0482841409439691
918;random;ssa;.986221970;;0.027;93.809;0.0639327156526897
920;random;SMA;.904593335;;0.132;94.000;0.027678078136308
921;random;SMA;1.013955826;;0.071;94.071;0.0386866425310276
922;random;SMA;.918940167;;0.137;94.208;0.0385801680617862
924;random;SMA;.891071750;;0.268;94.596;0.0423559013427496
48;random;ssa;156.322893441;;0.051;4.719;0.0657184273159393
255;random;seadec;121.446121039;;0.075;25.209;0.00929623085818988
928;random;seadec;.711019218;;0.048;94.840;0.0200421445003984
311;random;ssa;111.059249220;;0.047;31.446;0.034465109395276
136;random;ssa;141.816689818;;0.016;13.404;0.0450325086617828
53;random;SMA;156.195939265;;0.056;5.558;0.0400802183599336
151;random;SMA;140.409461484;;0.024;14.857;0.0303277073168743
934;random;SMA;.743701530;;0.116;95.353;0.0423559013427496
932;random;ssa;1.127520531;;0.145;95.235;0.0377148729094167
263;random;SMA;121.535122308;;0.069;26.061;0.00572928357269349
315;random;SMA;111.803693331;;0.336;32.068;0.00312822529954525
155;random;SMA;140.418050346;;0.072;15.580;0.0385801680617862
196;random;ssa;133.839153239;;0.081;19.873;0.0468428353029938
937;random;SMA;.787404734;;0.029;96.337;0.00572928357269349
936;random;ssa;1.049727841;;0.331;96.308;0.0639327156526897
940;random;SMA;.788234608;;0.169;96.571;0.0262853423085934
301;random;SMA;116.119745162;;0.366;30.289;0.0294444332989678
318;random;SMA;113.164333518;;0.031;32.229;0.0385801680617862
64;random;ssa;157.230787299;;0.483;6.740;0.0658004472335592
944;random;ssa;1.017267830;;0.016;96.888;0.0650104625049824
76;random;SMA;156.104056129;;0.035;8.143;0.0260920139484302
307;random;SMA;116.741171789;;0.023;30.957;0.027678078136308
949;random;ssa;1.297666194;;0.114;97.167;0.0482841409439691
950;random;seadec;1.001295091;;0.253;97.420;0.0200421445003984
165;random;ssa;141.968748474;;0.023;16.568;0.0482841409439691
952;random;ssa;1.118481493;;0.031;97.466;0.0351769567303275
324;random;ssa;114.419230192;;0.082;32.654;0.0472776063296307
953;random;ssa;1.635886213;;0.064;97.530;0.0463158279553995
957;random;seadec;.746846076;;0.057;98.024;0.00853866866997741
956;random;SMA;.863779049;;0.171;97.967;0.0385801680617862
207;random;ssa;136.178576857;;0.041;20.603;0.0354027676498525
959;random;seadec;.939434532;;0.023;98.060;0.0196202016385114
958;random;seadec;1.033404795;;0.013;98.037;0.0200421445003984
960;random;seadec;.998347404;;0.059;98.119;0.0200421445003984
961;random;SMA;1.227924231;;0.098;98.217;0.0303277073168743
312;random;ssa;118.030744145;;0.001;31.447;0.0482841409439691
338;random;SMA;113.863685039;;0.231;33.844;0.0400802183599336
964;random;seadec;1.193766543;;0.077;98.515;0.0194549251238626
966;random;SMA;.899562649;;0.144;99.165;0.0044156703260322
968;random;SMA;.908026429;;0.329;99.643;0.0262853423085934
316;random;SMA;118.880211331;;0.064;32.132;0.0423559013427496
969;random;SMA;.910611859;;0.286;99.929;0.0294444332989678
345;random;SMA;114.502165084;;0.157;34.481;0.00572928357269349
972;random;SMA;.875845844;;0.093;100.112;0.00572928357269349
971;random;ssa;1.172409551;;0.078;100.019;0.0462637861154206
90;random;ssa;157.844595235;;0.104;9.923;0.0354027676498525
178;random;ssa;143.761032906;;0.044;18.482;0.0369276456170677
223;random;ssa;137.039570709;;0.11;21.928;0.0351994025147571
976;random;SMA;.963331961;;0.312;100.554;0.0262853423085934
977;random;ssa;1.049217042;;0.038;100.592;0.0472776063296307
978;random;ssa;1.236401606;;0.053;100.645;0.0462637861154206
320;random;seadec;119.968185005;;0.106;32.480;0.00853866866997741
236;random;seadec;135.471524646;;0.091;23.309;0.0196202016385114
979;random;SMA;1.225788039;;0.263;100.908;0.0044156703260322
983;random;SMA;.906850660;;0.058;101.149;0.0260920139484302
980;random;ssa;1.487832752;;0.05;100.958;0.034465109395276
975;random;ssa;2.455975496;;0.022;100.242;0.0468428353029938
351;random;ssa;116.304588315;;0.008;34.685;0.0351994025147571
249;random;SMA;134.113519666;;0.048;24.609;0.00312822529954525
988;random;SMA;.905514934;;0.251;102.057;0.0423559013427496
330;random;SMA;120.550705700;;0.034;33.099;0.0294444332989678
990;random;SMA;.907677000;;0.289;102.384;0.0386866425310276
266;random;SMA;132.222217011;;0.101;26.247;0.0400802183599336
102;random;ssa;159.883649829;;0.045;10.593;0.0351994025147571
357;random;seadec;116.841904226;;0.292;35.443;0.00853866866997741
994;random;ssa;.891271282;;0.107;102.758;0.034465109395276
995;random;SMA;.881774595;;0.006;102.764;0.0044156703260322
280;random;seadec;129.882493516;;0.069;28.383;0.0200366493973128
108;random;seadec;159.610904017;;0.057;11.332;0.0200421445003984
285;random;seadec;130.061496640;;0.037;28.898;0.00929623085818988
369;random;SMA;116.833621124;;0.038;36.403;0.027678078136308
342;random;ssa;121.035001889;;0.03;34.102;0.0464705153781347
291;random;SMA;130.417631508;;0.008;29.214;0.0044156703260322
206;random;ssa;146.335559109;;0.222;20.562;0.0464705153781347
374;random;SMA;117.894028248;;0.141;36.857;0.0260920139484302
309;random;SMA;127.731937246;;0.234;31.387;0.0303277073168743
346;random;SMA;122.151393095;;0.05;34.531;0.0260920139484302
222;random;SMA;144.904440991;;0.094;21.818;0.00312822529954525
314;random;seadec;128.140839373;;0.258;31.732;0.0200421445003984
352;random;SMA;123.451346339;;0.043;34.728;0.0423559013427496
379;random;ssa;119.283624412;;0.014;37.195;0.0189752485931269
367;random;SMA;122.559909853;;0.076;36.153;0.0260920139484302
398;random;seadec;118.157236502;;0.154;38.928;0.0200366493973128
233;random;ssa;146.244835956;;0.05;23.118;0.0351994025147571
323;random;ssa;130.178980775;;0.029;32.572;0.0351994025147571
372;random;SMA;123.570453585;;0.2;36.658;0.0400802183599336
248;random;SMA;144.528893319;;0.06;24.561;0.027678078136308
125;random;ssa;165.696380186;;0.018;12.469;0.0472776063296307
404;random;ssa;119.523565135;;0.235;39.380;0.0189752485931269
332;random;ssa;131.278233308;;0.069;33.301;0.0658004472335592
376;random;ssa;125.363010969;;0.047;36.941;0.0360930160445306
260;random;ssa;145.226950966;;0.175;25.670;0.0657184273159393
343;random;SMA;130.586138131;;0.096;34.198;0.0044156703260322
419;random;ssa;119.561422061;;0.071;40.461;0.0360930160445306
135;random;ssa;166.801590612;;0.091;13.388;0.0482841409439691
272;random;SMA;144.244487749;;0.041;26.860;0.0260920139484302
382;random;SMA;125.977539173;;0.018;37.667;0.027678078136308
142;random;seadec;166.637106727;;0.225;14.081;0.0200421445003984
423;random;SMA;120.069566736;;0.507;41.315;0.00572928357269349
282;random;seadec;142.563011176;;0.032;28.731;0.0194549251238626
153;random;SMA;165.552332486;;0.285;15.316;0.00572928357269349
359;random;ssa;130.970359705;;0.148;35.599;0.0482841409439691
402;random;seadec;125.097151308;;0.124;39.075;0.0196202016385114
161;random;seadec;165.440503233;;0.098;16.091;0.0200366493973128
368;random;SMA;130.565030799;;0.212;36.365;0.0262853423085934
431;random;ssa;121.548078268;;0.043;41.893;0.0464705153781347
383;random;seadec;129.369142476;;0.05;37.717;0.0194549251238626
412;random;ssa;125.763301359;;0.035;39.864;0.0650104625049824
288;random;ssa;145.371164968;;0.043;28.988;0.0351994025147571
172;random;ssa;165.890947152;;0.063;17.679;0.0650104625049824
449;random;ssa;120.422960151;;0.165;43.896;0.0369276456170677
204;random;seadec;161.985177931;;0.017;20.273;0.0200421445003984
422;random;seadec;125.712002115;;0.053;40.808;0.0194549251238626
390;random;ssa;131.340152721;;0.004;38.169;0.0657184273159393
305;random;ssa;145.221996306;;0.024;30.806;0.0657184273159393
457;random;SMA;120.908150080;;0.002;44.589;0.0386866425310276
428;random;SMA;126.408748033;;0.01;41.460;0.00572928357269349
401;random;ssa;132.165333765;;0.001;38.951;0.0658004472335592
462;random;seadec;121.694091574;;0.086;45.109;0.00853866866997741
433;random;SMA;127.143612837;;0.083;42.064;0.0294444332989678
214;random;ssa;164.049537807;;0.108;21.118;0.0354027676498525
411;random;SMA;131.530762098;;0.05;39.829;0.00572928357269349
313;random;ssa;146.842424879;;0.027;31.474;0.0650104625049824
232;random;seadec;161.651460001;;0.025;23.068;0.0240361194750053
455;random;seadec;125.104797163;;0.064;44.234;0.0240361194750053
464;random;ssa;123.338055610;;0.301;45.482;0.0656320663227048
240;random;seadec;161.418558801;;0.153;23.671;0.0200421445003984
426;random;ssa;131.353842364;;0.023;41.377;0.0657184273159393
460;random;SMA;125.586859748;;0.171;44.999;0.00312822529954525
467;random;seadec;124.752767353;;0.174;45.685;0.0240361194750053
250;random;ssa;161.961225959;;0.344;24.953;0.0472776063296307
476;random;seadec;125.074659596;;0.124;46.304;0.00929623085818988
430;random;ssa;133.143122481;;0.34;41.850;0.0658004472335592
463;random;ssa;127.423757809;;0.072;45.181;0.0351769567303275
487;random;SMA;125.353744002;;0.092;46.946;0.0427559244477954
465;random;SMA;128.739396766;;0.004;45.486;0.0262853423085934
439;random;ssa;134.482306246;;0.022;42.829;0.0656320663227048
319;random;ssa;153.438730733;;0.145;32.374;0.0463158279553995
268;random;ssa;163.329436560;;0.225;26.500;0.0377148729094167
451;random;SMA;133.211945087;;0.171;44.079;0.00312822529954525
491;random;ssa;127.095897570;;0.13;47.216;0.0351994025147571
328;random;SMA;153.140447020;;0.066;33.060;0.00312822529954525
473;random;ssa;129.905972867;;0.108;46.067;0.0360930160445306
478;random;SMA;130.862095169;;0.027;46.443;0.0423559013427496
502;random;ssa;128.377037088;;0.044;47.810;0.0463158279553995
461;random;ssa;135.216195741;;0.024;45.023;0.0360930160445306
489;random;seadec;131.256729980;;0.04;47.032;0.00853866866997741
281;random;ssa;164.384429518;;0.316;28.699;0.0377148729094167
477;random;SMA;133.491900265;;0.112;46.416;0.0303277073168743
515;random;ssa;127.990677836;;0.062;49.660;0.0463158279553995
485;random;seadec;133.678896211;;0.002;46.738;0.0240361194750053
497;random;ssa;132.371142569;;0.029;47.606;0.0639327156526897
499;random;SMA;132.656541706;;0.11;47.759;0.0044156703260322
287;random;ssa;166.735673719;;0.046;28.945;0.0650104625049824
536;random;ssa;124.502534964;;0.058;53.702;0.034465109395276
509;random;SMA;131.933764038;;0.138;48.825;0.027678078136308
298;random;SMA;166.174247456;;0.125;29.828;0.0427559244477954
341;random;ssa;159.028611584;;0.184;34.072;0.0468428353029938
546;random;SMA;124.605848926;;0;54.594;0.0262853423085934
356;random;seadec;158.126704103;;0.025;35.151;0.00853866866997741
524;random;SMA;129.380963604;;0.211;51.809;0.00572928357269349
510;random;ssa;134.751369154;;0.016;48.841;0.0369276456170677
561;random;seadec;123.481776548;;0.442;56.085;0.0240361194750053
542;random;ssa;127.780234294;;0.023;54.461;0.0351994025147571
310;random;ssa;167.862445419;;0.012;31.399;0.0377148729094167
365;random;ssa;159.738655338;;0.095;36.011;0.0189752485931269
317;random;SMA;167.666978324;;0.066;32.198;0.00312822529954525
568;random;ssa;124.551842879;;0.214;56.860;0.0377148729094167
560;random;SMA;126.805343258;;0.013;55.643;0.0260920139484302
327;random;seadec;167.396418148;;0.259;32.994;0.00853866866997741
575;random;SMA;125.065511203;;0.013;57.711;0.0260920139484302
336;random;SMA;167.226443650;;0.019;33.478;0.0423559013427496
566;random;SMA;127.111057694;;0.037;56.566;0.00312822529954525
347;random;SMA;166.409281547;;0.024;34.555;0.0303277073168743
594;random;SMA;124.483510811;;0.145;58.719;0.0400802183599336
569;random;seadec;128.096798069;;0.402;57.262;0.0200421445003984
513;random;ssa;141.834970388;;0.121;49.496;0.0468428353029938
576;random;SMA;129.060052136;;0.009;57.720;0.00312822529954525
606;random;ssa;124.231791525;;0.018;60.111;0.0351994025147571
360;random;ssa;167.044604320;;0.099;35.698;0.0657184273159393
381;random;ssa;163.977358910;;0.194;37.649;0.0464705153781347
389;random;SMA;164.139482069;;0.054;38.165;0.0423559013427496
602;random;SMA;126.452951411;;0.004;59.867;0.0385801680617862
400;random;SMA;163.700616943;;0.019;38.950;0.0423559013427496
610;random;ssa;126.028880425;;0.112;60.541;0.0463158279553995
410;random;SMA;163.071276970;;0.033;39.779;0.0260920139484302
377;random;ssa;168.042173173;;0.114;37.055;0.0351994025147571
608;random;seadec;127.295406672;;0.029;60.233;0.00853866866997741
420;random;seadec;162.489071594;;0.156;40.617;0.00853866866997741
625;random;ssa;126.105873414;;0.131;61.737;0.0450325086617828
617;random;SMA;127.540693364;;0.132;61.068;0.027678078136308
519;random;ssa;146.798822800;;0.658;50.552;0.0464705153781347
632;random;SMA;126.670573723;;0.015;62.454;0.0260920139484302
429;random;ssa;163.514670550;;0.05;41.510;0.0657184273159393
384;random;ssa;171.023879925;;0.026;37.743;0.0657184273159393
627;random;ssa;128.185688774;;0.236;61.984;0.0650104625049824
435;random;SMA;163.227850552;;0.246;42.376;0.0427559244477954
654;random;ssa;123.948048557;;0.138;65.675;0.0657184273159393
637;random;SMA;127.558309046;;0.373;63.574;0.0423559013427496
658;random;SMA;125.174527678;;0.037;66.208;0.0400802183599336
659;random;ssa;125.316995378;;0.058;66.266;0.0650104625049824
399;random;ssa;173.082253835;;0.003;38.931;0.0369276456170677
676;random;SMA;124.683142051;;0.138;67.567;0.0044156703260322
667;random;ssa;126.213330379;;0.052;66.914;0.0354027676498525
540;random;ssa;149.152321992;;0.08;54.397;0.0468428353029938
680;random;SMA;125.631401478;;0.17;68.049;0.0386866425310276
446;random;ssa;168.212538287;;0.083;43.506;0.0462637861154206
679;random;ssa;126.632760575;;0.06;67.879;0.0639327156526897
696;random;seadec;124.071442646;;0.101;69.978;0.00929623085818988
689;random;SMA;126.461286581;;0.044;68.969;0.0044156703260322
699;random;ssa;125.985722020;;0.037;70.120;0.0351769567303275
545;random;ssa;153.977053323;;0.085;54.594;0.0657184273159393
698;random;ssa;127.058175202;;0.079;70.083;0.0464705153781347
406;random;ssa;180.445543374;;0.064;39.445;0.0657184273159393
415;random;seadec;179.961486710;;0.106;40.225;0.0200421445003984
456;random;ssa;172.651103998;;0.353;44.587;0.0369276456170677
707;random;ssa;127.080540836;;0.141;70.939;0.0462637861154206
555;random;ssa;154.915157252;;0.051;55.397;0.0650104625049824
427;random;seadec;178.832250945;;0.073;41.450;0.00853866866997741
702;random;ssa;128.989553474;;0.053;70.383;0.0464705153781347
432;random;seadec;178.957382968;;0.088;41.981;0.00853866866997741
572;random;SMA;152.754551927;;0.06;57.383;0.0386866425310276
714;random;ssa;127.611581208;;0.214;72.073;0.0351994025147571
709;random;SMA;129.383559639;;0.096;71.142;0.0262853423085934
441;random;SMA;178.244635393;;0.203;43.110;0.0303277073168743
470;random;ssa;174.791210663;;0.049;45.845;0.0377148729094167
716;random;SMA;129.419738086;;0.014;72.143;0.0423559013427496
718;random;ssa;129.117383562;;0.051;72.296;0.0472776063296307
582;random;ssa;155.140887901;;0.192;58.186;0.0360930160445306
719;random;seadec;130.441677701;;0.142;72.438;0.0200421445003984
721;random;SMA;130.321618239;;0.047;72.533;0.0262853423085934
585;random;SMA;155.854182571;;0.037;58.305;0.0386866425310276
588;random;SMA;156.475945550;;0.001;58.432;0.0423559013427496
732;random;SMA;130.309595242;;0.064;73.603;0.0294444332989678
733;random;SMA;130.167439912;;0.109;73.712;0.0044156703260322
612;random;seadec;153.454155982;;0.011;60.555;0.00929623085818988
452;random;ssa;182.914223147;;0.013;44.092;0.0450325086617828
623;random;SMA;152.534925408;;0.169;61.556;0.0260920139484302
737;random;ssa;131.749862070;;0.022;74.226;0.0650104625049824
466;random;SMA;181.484718681;;0.025;45.511;0.0400802183599336
740;random;ssa;130.955582548;;0.028;74.913;0.0464705153781347
645;random;seadec;148.967566227;;0.237;64.444;0.00929623085818988
656;random;seadec;148.051479415;;0.038;65.729;0.0240361194750053
483;random;ssa;180.916060762;;0.049;46.672;0.0468428353029938
741;random;ssa;132.892225904;;0.13;75.043;0.0354027676498525
480;random;ssa;181.858491252;;0.043;46.503;0.0472776063296307
750;random;ssa;131.506689276;;0.213;75.985;0.0464705153781347
753;random;seadec;131.918114797;;0.185;76.553;0.0196202016385114
754;random;ssa;132.744625687;;0.119;76.672;0.0354027676498525
495;random;ssa;182.342598487;;0.009;47.505;0.0351769567303275
493;random;ssa;182.748205441;;0.23;47.461;0.0656320663227048
668;random;ssa;150.566139581;;0.019;66.933;0.0377148729094167
504;random;SMA;182.416837585;;0.038;47.988;0.0044156703260322
768;random;ssa;132.376208596;;0.116;77.638;0.0450325086617828
770;random;SMA;132.304062111;;0.052;77.738;0.0427559244477954
672;random;SMA;150.964393099;;0.132;67.252;0.027678078136308
511;random;SMA;181.615942593;;0.461;49.302;0.027678078136308
506;random;ssa;183.339945177;;0.208;48.484;0.0657184273159393
514;random;SMA;182.118156245;;0.102;49.598;0.0386866425310276
772;random;ssa;134.022414700;;0.071;77.883;0.0639327156526897
773;random;ssa;134.178639822;;0.036;77.919;0.0472776063296307
690;random;ssa;151.055485305;;0.017;68.986;0.034465109395276
780;random;SMA;134.777672799;;0.005;78.522;0.0044156703260322
779;random;ssa;134.978651694;;0.203;78.517;0.0189752485931269
697;random;SMA;150.439379384;;0.026;70.004;0.0303277073168743
787;random;ssa;136.381350708;;0.057;78.744;0.0189752485931269
785;random;ssa;137.094377960;;0.034;78.648;0.0463158279553995
712;random;ssa;150.596546804;;0.023;71.502;0.0482841409439691
789;random;seadec;137.636402150;;0.169;79.063;0.0200366493973128
512;random;ssa;188.726136421;;0.073;49.375;0.0464705153781347
788;random;ssa;139.023567082;;0.15;78.894;0.0369276456170677
528;random;ssa;186.018309628;;0.053;52.534;0.0472776063296307
795;random;ssa;139.136820593;;0.039;79.599;0.0377148729094167
543;random;seadec;184.069609669;;0.003;54.464;0.0240361194750053
790;random;ssa;141.006379235;;0.052;79.115;0.0351994025147571
547;random;SMA;184.442731578;;0.112;54.706;0.0427559244477954
806;random;SMA;138.908392309;;0.217;80.804;0.0400802183599336
729;random;ssa;152.207351133;;0.018;73.160;0.0351994025147571
516;random;ssa;192.233804680;;0.116;49.776;0.0351994025147571
556;random;SMA;183.953727852;;0.006;55.403;0.0044156703260322
744;random;SMA;150.163913894;;0;75.212;0.0294444332989678
804;random;ssa;140.972513890;;0.006;80.568;0.0656320663227048
815;random;ssa;138.971949657;;0.178;82.335;0.0450325086617828
813;random;ssa;141.099823922;;0.155;82.031;0.0351994025147571
818;random;SMA;139.835304844;;0.06;82.827;0.0294444332989678
817;random;SMA;141.617408258;;0.166;82.767;0.0262853423085934
749;random;ssa;153.666632527;;0.051;75.772;0.0377148729094167
840;random;ssa;138.640197903;;0.049;84.635;0.0351994025147571
759;random;SMA;152.901001588;;0.045;76.865;0.00572928357269349
831;random;seadec;141.089094937;;0.065;83.965;0.00853866866997741
535;random;ssa;194.327085474;;0.004;53.644;0.0463158279553995
846;random;SMA;138.741022373;;0.143;85.551;0.0260920139484302
574;random;ssa;188.106373622;;0.166;57.698;0.0468428353029938
583;random;SMA;188.119928961;;0.076;58.262;0.0260920139484302
845;random;ssa;140.720347264;;0.338;85.408;0.034465109395276
849;random;ssa;140.450308315;;0.131;86.101;0.0464705153781347
586;random;SMA;188.656235605;;0.123;58.428;0.0044156703260322
781;random;ssa;153.557478284;;0.003;78.525;0.0354027676498525
847;random;SMA;141.923258540;;0.168;85.719;0.0303277073168743
595;random;SMA;188.604727339;;0.076;58.795;0.00312822529954525
784;random;SMA;154.372115592;;0;78.614;0.0427559244477954
866;random;ssa;139.223943317;;0.033;88.198;0.0472776063296307
851;random;SMA;142.666677182;;0.012;86.323;0.0385801680617862
544;random;ssa;199.378538046;;0.045;54.509;0.0450325086617828
877;random;SMA;139.322008328;;0.209;89.086;0.0385801680617862
868;random;SMA;141.273299611;;0.038;88.254;0.00312822529954525
883;random;SMA;140.065611406;;0.09;89.676;0.0386866425310276
554;random;ssa;200.107767390;;0.098;55.346;0.0650104625049824
880;random;ssa;141.503912195;;0.094;89.340;0.0189752485931269
563;random;seadec;199.511759954;;0.078;56.276;0.0200421445003984
805;random;ssa;157.439934427;;0.019;80.587;0.0450325086617828
889;random;ssa;141.115671354;;0.066;90.262;0.0354027676498525
580;random;SMA;197.876738106;;0.027;57.912;0.0262853423085934
616;random;ssa;192.268941481;;0.189;60.936;0.0462637861154206
887;random;ssa;142.790293296;;0.15;90.096;0.0468428353029938
629;random;SMA;190.727439378;;0.169;62.422;0.0423559013427496
899;random;ssa;140.608178724;;0.129;91.956;0.0658004472335592
823;random;ssa;155.798281402;;0.153;83.407;0.0650104625049824
892;random;ssa;143.817414617;;0.138;90.623;0.0189752485931269
910;random;seadec;140.553860716;;0.277;92.873;0.00929623085818988
648;random;ssa;190.061488815;;0.041;64.660;0.0482841409439691
900;random;SMA;143.457450694;;0.031;91.987;0.0386866425310276
912;random;SMA;141.863595955;;0.05;93.046;0.00572928357269349
660;random;SMA;188.683686076;;0.001;66.267;0.027678078136308
911;random;SMA;143.203130963;;0.123;92.996;0.0260920139484302
830;random;ssa;159.033415656;;0.018;83.900;0.0369276456170677
669;random;SMA;188.445820963;;0.078;67.011;0.0400802183599336
915;random;SMA;142.998510652;;0.022;93.372;0.0260920139484302
837;random;SMA;159.140438100;;0.012;84.366;0.0400802183599336
681;random;SMA;187.584474766;;0.058;68.107;0.0294444332989678
584;random;ssa;204.751510501;;0.006;58.268;0.0463158279553995
841;random;SMA;159.508563497;;0.026;84.661;0.0262853423085934
691;random;SMA;186.420590150;;0.406;69.392;0.0262853423085934
587;random;seadec;205.261910552;;0.003;58.431;0.00853866866997741
913;random;ssa;145.396029159;;0.039;93.085;0.0369276456170677
923;random;ssa;143.457839731;;0.12;94.328;0.0650104625049824
919;random;ssa;146.383358665;;0.059;93.868;0.0657184273159393
930;random;ssa;144.467855786;;0.009;95.070;0.0369276456170677
927;random;seadec;146.490735327;;0.02;94.792;0.0196202016385114
938;random;ssa;144.654292042;;0.033;96.370;0.0658004472335592
931;random;seadec;147.609986681;;0.02;95.090;0.0200421445003984
951;random;SMA;143.999803982;;0.015;97.435;0.00312822529954525
861;random;SMA;162.322710587;;0.061;87.438;0.0400802183599336
700;random;ssa;192.019885969;;0.148;70.268;0.0657184273159393
599;random;seadec;210.697512555;;0.069;59.638;0.0194549251238626
872;random;SMA;161.353624865;;0.17;88.624;0.027678078136308
955;random;SMA;144.949541016;;0.145;97.796;0.00312822529954525
945;random;ssa;146.888681056;;0.054;96.942;0.0464705153781347
621;random;SMA;208.493307761;;0.007;61.257;0.00572928357269349
878;random;seadec;161.370051378;;0.114;89.200;0.0200366493973128
726;random;ssa;189.656712062;;0.082;73.005;0.0639327156526897
965;random;seadec;144.844771627;;0.506;99.021;0.0240361194750053
954;random;SMA;147.121051106;;0.121;97.651;0.027678078136308
630;random;ssa;209.114410811;;0.006;62.428;0.0639327156526897
902;random;ssa;158.840314262;;0.172;92.201;0.0482841409439691
982;random;ssa;143.862977047;;0.132;101.091;0.0472776063296307
650;random;SMA;205.869866807;;0.454;65.168;0.0044156703260322
962;random;ssa;148.096523170;;0.16;98.377;0.0656320663227048
981;random;SMA;146.166834374;;0.001;100.959;0.0385801680617862
992;random;ssa;143.847759800;;0.122;102.628;0.0656320663227048
666;random;ssa;205.991196127;;0.067;66.862;0.0656320663227048
986;random;SMA;147.086160133;;0.003;101.475;0.0423559013427496
996;random;seadec;145.183249148;;0.073;102.837;0.0240361194750053
731;random;ssa;195.989041423;;0.026;73.539;0.0462637861154206
999;random;SMA;146.353399945;;0.271;103.127;0.0044156703260322
745;random;SMA;194.053416593;;0.296;75.508;0.00312822529954525
993;random;ssa;147.714499390;;0.023;102.651;0.0639327156526897
757;random;SMA;192.693112438;;0.051;76.729;0.00312822529954525
997;random;seadec;149.007930611;;0.015;102.852;0.0196202016385114
906;random;ssa;166.820822242;;0.061;92.317;0.0468428353029938
916;random;seadec;165.546814166;;0.38;93.752;0.00929623085818988
670;random;ssa;211.874104718;;0.101;67.112;0.0450325086617828
687;random;seadec;209.976608762;;0.068;68.690;0.0240361194750053
764;random;ssa;195.076230247;;0.171;77.418;0.0351769567303275
695;random;SMA;209.236453901;;0.013;69.877;0.0260920139484302
782;random;SMA;193.609398196;;0.02;78.545;0.00572928357269349
926;random;ssa;166.810145494;;0.109;94.772;0.0351769567303275
801;random;seadec;191.635855394;;0.006;80.490;0.0200421445003984
708;random;seadec;207.950254968;;0.107;71.046;0.0200421445003984
935;random;ssa;167.464313050;;0.624;95.977;0.0656320663227048
816;random;ssa;191.023722897;;0.266;82.601;0.0639327156526897
727;random;ssa;207.777900391;;0.134;73.139;0.0354027676498525
825;random;seadec;190.190236840;;0.103;83.523;0.0194549251238626
833;random;SMA;190.192272018;;0.071;84.062;0.00572928357269349
838;random;SMA;190.471147561;;0.139;84.505;0.0385801680617862
856;random;SMA;187.550402881;;0.047;86.632;0.0044156703260322
736;random;ssa;209.844169423;;0.109;74.204;0.0354027676498525
865;random;SMA;186.478779353;;0.123;88.165;0.027678078136308
746;random;SMA;208.841940585;;0.089;75.597;0.0262853423085934
758;random;seadec;207.551417491;;0.091;76.820;0.00853866866997741
942;random;ssa;172.927844333;;0.017;96.848;0.0462637861154206
777;random;seadec;205.784514277;;0.119;78.243;0.0194549251238626
947;random;SMA;173.423483289;;0.045;96.990;0.0385801680617862
875;random;ssa;188.141526664;;0.143;88.816;0.0650104625049824
967;random;seadec;170.484073839;;0.149;99.314;0.00929623085818988
974;random;SMA;170.300298126;;0.068;100.220;0.0385801680617862
881;random;ssa;189.777434863;;0.092;89.432;0.0472776063296307
987;random;SMA;169.019604933;;0.331;101.806;0.0294444332989678
998;random;ssa;169.891810939;;0.004;102.856;0.0650104625049824
783;random;ssa;211.350133510;;0.069;78.614;0.0450325086617828
803;random;SMA;209.249503536;;0.021;80.562;0.0385801680617862
819;random;ssa;207.920107853;;0.21;83.037;0.0482841409439691
903;random;ssa;192.142829416;;0.006;92.207;0.0464705153781347
827;random;SMA;207.454858470;;0.066;83.815;0.0400802183599336
908;random;SMA;192.404397837;;0.198;92.589;0.0262853423085934
835;random;ssa;209.440095002;;0.186;84.349;0.0650104625049824
917;random;ssa;198.567323641;;0.03;93.782;0.0472776063296307
839;random;ssa;215.114528245;;0.081;84.586;0.0450325086617828
857;random;SMA;212.268784913;;0.071;86.703;0.0423559013427496
870;random;ssa;214.160861212;;0.018;88.356;0.0377148729094167
929;random;ssa;203.457519980;;0.221;95.061;0.0462637861154206
876;random;SMA;214.415203328;;0.061;88.877;0.027678078136308
895;random;SMA;211.704917225;;0.043;90.802;0.00572928357269349
904;random;SMA;210.611285717;;0.014;92.221;0.00312822529954525
914;random;SMA;209.614094330;;0.265;93.350;0.027678078136308
939;random;ssa;204.522344454;;0.032;96.402;0.034465109395276
925;random;seadec;208.436223736;;0.067;94.663;0.0200366493973128
933;random;seadec;208.108399733;;0.002;95.237;0.0194549251238626
941;random;SMA;206.739195401;;0.26;96.831;0.00572928357269349
946;random;ssa;208.879006787;;0.003;96.945;0.0657184273159393
963;random;SMA;207.142450457;;0.061;98.438;0.0400802183599336
943;random;ssa;210.669018324;;0.024;96.872;0.0462637861154206
973;random;seadec;205.782461396;;0.04;100.152;0.0200366493973128
985;random;seadec;204.857745652;;0.317;101.472;0.0194549251238626
991;random;SMA;204.414632356;;0.122;102.506;0.0260920139484302
948;random;ssa;216.286925604;;0.063;97.053;0.0450325086617828
970;random;SMA;212.690777264;;0.012;99.941;0.0294444332989678
984;random;SMA;211.690046976;;0.006;101.155;0.0303277073168743
989;random;ssa;217.107235574;;0.038;102.095;0.0464705153781347
