0;rede;SMA;1.656947667;;1.007;1.007;0.0423559013427496
1;rede;ssa;1.866932360;;0.055;1.062;0.0450325086617828
3;rede;ssa;1.531298064;;0.294;2.236;0.0656320663227048
4;rede;seadec;1.459037604;;0.199;2.435;0.0196202016385114
5;rede;SMA;1.704070854;;0.163;2.598;0.0303277073168743
2;rede;ssa;2.863501200;;0.88;1.942;0.0351994025147571
7;rede;SMA;1.070243412;;0.612;3.928;0.00312822529954525
6;rede;SMA;1.753480099;;0.718;3.316;0.0427559244477954
8;rede;ssa;1.708300837;;2.705;6.633;0.034465109395276
9;rede;SMA;1.640680430;;0.238;6.871;0.0294444332989678
0;rede;SMA;1.359990260;;1.007;1.007;0.0423559013427496
1;rede;SMA;1.329505447;;0.055;1.062;0.0260920139484302
2;rede;ssa;1.301216292;;0.88;1.942;0.0189752485931269
3;rede;SMA;1.248029692;;0.294;2.236;0.0044156703260322
4;rede;SMA;1.259737441;;0.199;2.435;0.0427559244477954
5;rede;SMA;1.173877540;;0.163;2.598;0.0044156703260322
6;rede;ssa;1.563646797;;0.718;3.316;0.0468428353029938
7;rede;ssa;1.202260953;;0.612;3.928;0.0377148729094167
8;rede;ssa;1.343877580;;2.705;6.633;0.0657184273159393
9;rede;SMA;1.066313891;;0.238;6.871;0.0262853423085934
10;rede;ssa;2.112384573;;0.409;7.280;0.0351769567303275
11;rede;seadec;1.265233846;;1.575;8.855;0.0194549251238626
12;rede;seadec;1.364002475;;0.084;8.939;0.0196202016385114
14;rede;ssa;1.207973630;;0.225;9.177;0.0639327156526897
13;rede;ssa;1.600577505;;0.013;8.952;0.0377148729094167
15;rede;seadec;1.328392629;;0.39;9.567;0.00929623085818988
16;rede;seadec;1.266090961;;1.974;11.541;0.0240361194750053
17;rede;ssa;1.349612371;;0.238;11.779;0.0658004472335592
18;rede;seadec;1.167122579;;1.404;13.183;0.0200366493973128
19;rede;ssa;1.295063288;;0.276;13.459;0.0377148729094167
21;rede;ssa;1.519218351;;0.49;17.189;0.0450325086617828
20;rede;ssa;2.372964617;;3.24;16.699;0.0482841409439691
22;rede;ssa;1.400536648;;2.086;19.275;0.0658004472335592
23;rede;SMA;1.248601564;;0.268;19.543;0.0262853423085934
24;rede;ssa;1.374913944;;1.184;20.727;0.034465109395276
25;rede;SMA;1.020820639;;0.804;21.531;0.0262853423085934
26;rede;seadec;1.260876783;;1.766;23.297;0.0196202016385114
27;rede;ssa;1.633296098;;2.016;25.313;0.0464705153781347
29;rede;SMA;1.277480308;;0.059;26.876;0.0423559013427496
28;rede;ssa;1.593058574;;1.504;26.817;0.0472776063296307
31;rede;seadec;1.068265229;;0.087;28.167;0.0240361194750053
30;rede;ssa;2.201257598;;1.204;28.080;0.0377148729094167
32;rede;ssa;1.494072328;;0.574;28.741;0.0351994025147571
33;rede;ssa;1.227724777;;0.974;29.715;0.0650104625049824
34;rede;seadec;1.422945541;;0.676;30.391;0.0200366493973128
36;rede;SMA;.965605474;;0.282;30.821;0.0400802183599336
35;rede;ssa;1.644301887;;0.148;30.539;0.0472776063296307
38;rede;SMA;1.375045663;;0.041;31.474;0.0294444332989678
37;rede;seadec;1.505944163;;0.612;31.433;0.00929623085818988
39;rede;ssa;1.177305112;;0.394;31.868;0.0650104625049824
40;rede;ssa;1.506118380;;3.202;35.070;0.034465109395276
41;rede;ssa;1.317563636;;0.514;35.584;0.0377148729094167
42;rede;ssa;1.446275532;;0.183;35.767;0.0472776063296307
43;rede;ssa;1.484408671;;0.02;35.787;0.0482841409439691
44;rede;seadec;2.106203271;;0.711;36.498;0.0240361194750053
45;rede;SMA;1.990325723;;0.185;36.683;0.0303277073168743
46;rede;SMA;1.182254083;;2.369;39.052;0.0262853423085934
47;rede;ssa;1.505145195;;1.014;40.066;0.0189752485931269
48;rede;ssa;1.510082753;;0.213;40.279;0.0657184273159393
50;rede;SMA;1.591691687;;0.194;40.621;0.0262853423085934
49;rede;ssa;1.976909780;;0.148;40.427;0.0464705153781347
51;rede;SMA;1.587986905;;0.14;40.761;0.00572928357269349
53;rede;SMA;1.016295849;;0.251;42.424;0.0400802183599336
52;rede;ssa;1.360974084;;1.412;42.173;0.0650104625049824
54;rede;SMA;1.210185997;;0.941;43.365;0.00572928357269349
55;rede;SMA;1.275829985;;1.774;45.139;0.0262853423085934
57;rede;seadec;1.228936591;;0.176;46.337;0.0196202016385114
58;rede;SMA;1.068780487;;0.145;46.482;0.0044156703260322
56;rede;ssa;1.552849896;;1.022;46.161;0.0462637861154206
60;rede;SMA;1.121987188;;0.275;47.067;0.00312822529954525
59;rede;seadec;1.537745485;;0.31;46.792;0.0200366493973128
61;rede;ssa;1.638622996;;1.217;48.284;0.0472776063296307
63;rede;SMA;1.083798378;;1.444;51.475;0.0386866425310276
62;rede;ssa;2.655040075;;1.747;50.031;0.0464705153781347
64;rede;ssa;1.411671281;;1.931;53.406;0.0658004472335592
65;rede;ssa;1.573562385;;2.275;55.681;0.034465109395276
66;rede;ssa;1.476989710;;0.21;55.891;0.0369276456170677
67;rede;ssa;1.420941812;;1.545;57.436;0.0482841409439691
68;rede;ssa;1.146516188;;1.257;58.693;0.0482841409439691
69;rede;SMA;1.238101392;;1.085;59.778;0.0294444332989678
70;rede;ssa;2.405077384;;0.078;59.856;0.0189752485931269
71;rede;seadec;1.327446670;;1.879;61.735;0.0200366493973128
73;rede;SMA;1.144439228;;0.343;62.569;0.0423559013427496
72;rede;SMA;2.160134771;;0.491;62.226;0.0294444332989678
74;rede;SMA;1.405158422;;1.793;64.362;0.00572928357269349
75;rede;SMA;1.294167878;;0.206;64.568;0.0260920139484302
76;rede;SMA;2.186355370;;0.013;64.581;0.0260920139484302
77;rede;SMA;1.287019431;;1.821;66.402;0.0294444332989678
78;rede;seadec;1.247316467;;0.891;67.293;0.0196202016385114
79;rede;SMA;.995780461;;0.801;68.094;0.0427559244477954
81;rede;SMA;1.088614139;;0.209;71.322;0.0386866425310276
80;rede;ssa;1.485377172;;3.019;71.113;0.0656320663227048
82;rede;ssa;1.271635851;;0.784;72.106;0.0650104625049824
83;rede;ssa;1.451922515;;1.161;73.267;0.0463158279553995
84;rede;SMA;1.266810730;;1.593;74.860;0.0400802183599336
85;rede;ssa;1.645000360;;1.421;76.281;0.0377148729094167
86;rede;ssa;1.505195776;;0.188;76.469;0.0656320663227048
87;rede;seadec;.965325149;;1.612;78.081;0.00853866866997741
88;rede;seadec;1.183604198;;0.526;78.607;0.0200421445003984
89;rede;SMA;1.440864927;;0.121;78.728;0.0400802183599336
90;rede;ssa;1.605174198;;0.98;79.708;0.0354027676498525
91;rede;ssa;1.485770303;;0.165;79.873;0.034465109395276
92;rede;SMA;1.399207221;;2.214;82.087;0.0294444332989678
94;rede;SMA;1.208146315;;0.121;82.349;0.027678078136308
93;rede;ssa;1.575910434;;0.141;82.228;0.0472776063296307
95;rede;SMA;1.490418944;;1.186;83.535;0.0303277073168743
97;rede;SMA;1.210903363;;0.292;84.554;0.0386866425310276
96;rede;ssa;2.496644359;;0.727;84.262;0.0377148729094167
98;rede;ssa;2.487343208;;0.509;85.063;0.0369276456170677
101;rede;SMA;1.536624626;;0.085;86.519;0.0423559013427496
99;rede;ssa;1.931535346;;1.342;86.405;0.0657184273159393
103;rede;ssa;1.384262652;;0.045;86.615;0.034465109395276
100;rede;ssa;1.938418027;;0.029;86.434;0.0658004472335592
102;rede;ssa;1.769101591;;0.051;86.570;0.0351994025147571
104;rede;ssa;1.504191983;;1.414;88.029;0.0464705153781347
105;rede;SMA;1.288772627;;0.816;88.845;0.0262853423085934
106;rede;seadec;1.239570418;;2.188;91.033;0.0200421445003984
107;rede;SMA;1.265537171;;1.265;92.298;0.0386866425310276
108;rede;seadec;1.067499868;;0.44;92.738;0.0200421445003984
109;rede;SMA;1.210188361;;2.866;95.604;0.0385801680617862
110;rede;ssa;1.305951493;;0.64;96.244;0.0650104625049824
111;rede;seadec;1.368327987;;0.375;96.619;0.00853866866997741
112;rede;seadec;1.294947471;;0.699;97.318;0.00853866866997741
113;rede;seadec;1.253220699;;1.378;98.696;0.0194549251238626
115;rede;SMA;1.259921957;;0.191;99.461;0.00572928357269349
116;rede;seadec;.962963985;;0.363;99.824;0.0196202016385114
114;rede;ssa;1.748337788;;0.574;99.270;0.0468428353029938
117;rede;SMA;1.040827180;;2.483;102.307;0.027678078136308
118;rede;ssa;1.583908764;;0.718;103.025;0.0369276456170677
119;rede;SMA;1.196300264;;1.12;104.145;0.0303277073168743
120;rede;seadec;1.328552292;;1.508;105.653;0.00929623085818988
121;rede;ssa;1.335093283;;0.501;106.154;0.0369276456170677
122;rede;ssa;1.517407160;;1.083;107.237;0.0468428353029938
123;rede;ssa;1.486292093;;0.614;107.851;0.0468428353029938
124;rede;SMA;1.162337345;;0.7;108.551;0.0303277073168743
125;rede;ssa;2.328539013;;0.186;108.737;0.0472776063296307
126;rede;ssa;1.338108707;;1.636;110.373;0.0656320663227048
127;rede;seadec;1.194623171;;1.788;112.161;0.0240361194750053
129;rede;SMA;1.232825829;;0.084;113.900;0.0262853423085934
128;rede;ssa;1.541718131;;1.655;113.816;0.0354027676498525
130;rede;SMA;1.091751903;;0.511;114.411;0.0260920139484302
131;rede;ssa;1.510967432;;0.936;115.347;0.0464705153781347
132;rede;SMA;1.262578372;;3.737;119.084;0.0400802183599336
134;rede;SMA;1.219059327;;0.745;120.194;0.0294444332989678
133;rede;ssa;2.266064956;;0.365;119.449;0.0360930160445306
135;rede;ssa;1.451848959;;1.178;121.372;0.0482841409439691
137;rede;SMA;1.189860687;;0.17;122.454;0.0262853423085934
136;rede;ssa;1.749866638;;0.912;122.284;0.0450325086617828
139;rede;SMA;1.238808528;;0.134;122.822;0.00312822529954525
138;rede;ssa;1.455607881;;0.234;122.688;0.0650104625049824
140;rede;SMA;1.253760872;;1.356;124.178;0.0400802183599336
141;rede;seadec;1.079939163;;0.665;124.843;0.0200421445003984
142;rede;seadec;1.166526976;;1.616;126.459;0.0200421445003984
143;rede;ssa;1.338500426;;0.317;126.776;0.0351994025147571
144;rede;ssa;1.552793524;;6.29;133.066;0.0463158279553995
146;rede;SMA;1.418419872;;0.009;134.050;0.0303277073168743
145;rede;seadec;1.470098699;;0.975;134.041;0.0200421445003984
148;rede;ssa;1.442656728;;0.255;136.032;0.0189752485931269
147;rede;ssa;1.773789168;;1.727;135.777;0.0463158279553995
149;rede;ssa;1.465448832;;5.378;141.410;0.0351994025147571
151;rede;SMA;1.090684660;;0.047;142.294;0.0303277073168743
150;rede;seadec;1.172828748;;0.837;142.247;0.00853866866997741
152;rede;SMA;1.400095254;;2.364;144.658;0.0044156703260322
153;rede;SMA;1.241802381;;4.693;149.351;0.00572928357269349
154;rede;ssa;1.642333452;;2.359;151.710;0.0377148729094167
155;rede;SMA;1.036062373;;1.155;152.865;0.0385801680617862
156;rede;ssa;1.405340415;;1.162;154.027;0.0639327156526897
157;rede;seadec;1.321123939;;0.62;154.647;0.0240361194750053
158;rede;ssa;1.621690426;;2.338;156.985;0.0468428353029938
159;rede;SMA;1.210707558;;1.738;158.723;0.027678078136308
160;rede;SMA;1.276100235;;2.948;161.671;0.0303277073168743
161;rede;seadec;1.276348583;;1.387;163.058;0.0200366493973128
162;rede;seadec;1.059738604;;1.49;164.548;0.0194549251238626
163;rede;SMA;1.327204959;;0.296;164.844;0.0386866425310276
164;rede;ssa;1.360779968;;0.894;165.738;0.0650104625049824
165;rede;ssa;1.545305226;;0.846;166.584;0.0482841409439691
166;rede;ssa;1.465377942;;0.052;166.636;0.0656320663227048
167;rede;seadec;1.317194680;;2.325;168.961;0.0200421445003984
168;rede;SMA;1.252532914;;0.357;169.318;0.027678078136308
169;rede;SMA;1.511374787;;1.842;171.160;0.0303277073168743
170;rede;SMA;1.372178585;;0.06;171.220;0.00572928357269349
171;rede;SMA;1.074915219;;0.603;171.823;0.0303277073168743
172;rede;ssa;1.365216449;;0.946;172.769;0.0650104625049824
173;rede;ssa;1.401751014;;0.383;173.152;0.0482841409439691
174;rede;ssa;1.258634764;;0.546;173.698;0.0468428353029938
175;rede;ssa;1.455769820;;0.74;174.438;0.0482841409439691
176;rede;ssa;1.265233374;;0.358;174.796;0.0482841409439691
177;rede;ssa;1.563269405;;0.144;174.940;0.0468428353029938
178;rede;ssa;1.439061396;;1.706;176.646;0.0369276456170677
179;rede;ssa;1.157948449;;0.565;177.211;0.0482841409439691
180;rede;SMA;1.327773195;;7.171;184.382;0.0294444332989678
181;rede;SMA;.980297253;;0.501;184.883;0.0262853423085934
182;rede;SMA;1.281873070;;0.661;185.544;0.0044156703260322
184;rede;SMA;.991302291;;0.424;186.920;0.00572928357269349
183;rede;SMA;1.759142423;;0.952;186.496;0.0262853423085934
185;rede;ssa;1.431027427;;0.7;187.620;0.0351769567303275
186;rede;SMA;.982089616;;0.931;188.551;0.0427559244477954
187;rede;seadec;1.197770481;;0.392;188.943;0.00929623085818988
189;rede;seadec;1.000207174;;0.37;190.699;0.0240361194750053
188;rede;ssa;1.518461675;;1.386;190.329;0.0472776063296307
190;rede;ssa;2.311745245;;0.691;191.390;0.0468428353029938
191;rede;SMA;1.216745594;;1.201;192.591;0.0303277073168743
192;rede;SMA;1.190186882;;1.715;194.306;0.0400802183599336
194;rede;SMA;1.042413035;;0.234;196.440;0.0044156703260322
193;rede;ssa;1.412918075;;1.9;196.206;0.0472776063296307
195;rede;SMA;1.321347360;;2.185;198.625;0.027678078136308
197;rede;SMA;1.091043350;;0.601;200.781;0.0385801680617862
196;rede;ssa;1.737831339;;1.555;200.180;0.0468428353029938
199;rede;SMA;1.084418287;;0.167;201.698;0.0044156703260322
198;rede;ssa;1.580862734;;0.75;201.531;0.0468428353029938
201;rede;ssa;1.623135004;;0.055;203.958;0.0360930160445306
200;rede;ssa;1.826475637;;2.205;203.903;0.0462637861154206
202;rede;SMA;1.095033419;;0.727;204.685;0.00312822529954525
203;rede;seadec;1.128333527;;0.583;205.268;0.0200366493973128
204;rede;seadec;1.221678502;;0.198;205.466;0.0200421445003984
205;rede;ssa;1.384758951;;3.539;209.005;0.0639327156526897
206;rede;ssa;1.559343213;;4.009;213.014;0.0464705153781347
207;rede;ssa;1.439822309;;0.682;213.696;0.0354027676498525
208;rede;ssa;1.439718917;;0.999;214.695;0.0656320663227048
209;rede;ssa;1.668799634;;0.87;215.565;0.0472776063296307
210;rede;ssa;1.413166583;;0.646;216.211;0.0482841409439691
211;rede;ssa;1.387450490;;1.351;217.562;0.0650104625049824
212;rede;ssa;1.364310132;;4.461;222.023;0.0656320663227048
213;rede;SMA;1.243641981;;3.45;225.473;0.0260920139484302
214;rede;ssa;2.496736490;;0.461;225.934;0.0354027676498525
215;rede;SMA;1.253786288;;2.254;228.188;0.0260920139484302
216;rede;seadec;1.300182127;;2.205;230.393;0.0196202016385114
217;rede;SMA;1.089876058;;0.274;230.667;0.0386866425310276
218;rede;ssa;1.317446347;;1.346;232.013;0.0468428353029938
219;rede;ssa;1.518664714;;0.749;232.762;0.0360930160445306
220;rede;SMA;1.002149776;;0.588;233.350;0.00572928357269349
221;rede;seadec;1.206441802;;2.537;235.887;0.0194549251238626
222;rede;SMA;1.010864885;;0.8;236.687;0.00312822529954525
223;rede;ssa;1.437270946;;1.476;238.163;0.0351994025147571
224;rede;SMA;1.268186910;;0.327;238.490;0.0303277073168743
225;rede;SMA;1.133548725;;0.082;238.572;0.0385801680617862
226;rede;ssa;1.517709596;;0.561;239.133;0.0354027676498525
227;rede;seadec;1.313052911;;2.129;241.262;0.00929623085818988
228;rede;seadec;1.972664509;;0.568;241.830;0.0194549251238626
229;rede;SMA;1.321527017;;2.33;244.160;0.0400802183599336
230;rede;seadec;1.298497128;;0.073;244.233;0.00853866866997741
231;rede;ssa;1.446750135;;1.637;245.870;0.0482841409439691
232;rede;seadec;1.364955596;;0.739;246.609;0.0240361194750053
233;rede;ssa;1.595066017;;0.548;247.157;0.0351994025147571
234;rede;ssa;1.459170031;;0.19;247.347;0.0656320663227048
235;rede;SMA;1.227825827;;2.605;249.952;0.0400802183599336
236;rede;seadec;1.190926110;;1.654;251.606;0.0196202016385114
237;rede;SMA;1.272884023;;0.402;252.008;0.0400802183599336
239;rede;seadec;1.292575932;;0.88;253.658;0.0200366493973128
238;rede;ssa;2.300916622;;0.77;252.778;0.0463158279553995
240;rede;seadec;1.238122956;;0.125;253.783;0.0200421445003984
242;rede;seadec;1.008579609;;0.149;255.006;0.0200366493973128
241;rede;SMA;1.347600151;;1.074;254.857;0.0400802183599336
243;rede;seadec;1.318581648;;0.62;255.626;0.0200421445003984
244;rede;SMA;1.273322397;;4.522;260.148;0.0427559244477954
245;rede;ssa;1.172451974;;0.35;260.498;0.0658004472335592
246;rede;SMA;1.312619737;;0.283;260.781;0.0423559013427496
247;rede;SMA;1.323384618;;0.616;261.397;0.0303277073168743
248;rede;SMA;1.191687320;;3.445;264.842;0.027678078136308
249;rede;SMA;.954066785;;0.345;265.187;0.00312822529954525
250;rede;ssa;1.489266668;;1.996;267.183;0.0472776063296307
251;rede;ssa;1.559020997;;0.362;267.545;0.0482841409439691
252;rede;ssa;1.451803448;;0.095;267.640;0.0351769567303275
253;rede;seadec;1.292310869;;0.219;267.859;0.0240361194750053
254;rede;SMA;1.244160893;;0.926;268.785;0.027678078136308
255;rede;seadec;1.320386852;;1.699;270.484;0.00929623085818988
257;rede;seadec;.930345061;;0.37;270.977;0.0194549251238626
256;rede;ssa;1.345696879;;0.123;270.607;0.0639327156526897
258;rede;ssa;2.176472525;;0.542;271.519;0.0377148729094167
259;rede;SMA;1.583344590;;2.878;274.397;0.0385801680617862
260;rede;ssa;1.552083752;;0.117;274.514;0.0657184273159393
263;rede;SMA;1.232497064;;0.151;277.341;0.00572928357269349
262;rede;ssa;1.540953920;;0.121;277.190;0.0656320663227048
261;rede;ssa;1.739818440;;2.555;277.069;0.0468428353029938
265;rede;seadec;1.216946071;;0.316;277.691;0.00929623085818988
266;rede;SMA;1.379868705;;0.177;277.868;0.0400802183599336
264;rede;ssa;2.173191803;;0.034;277.375;0.0482841409439691
267;rede;ssa;1.479257019;;2.358;280.226;0.0657184273159393
269;rede;ssa;1.570358642;;0.204;282.065;0.0468428353029938
270;rede;SMA;1.186073771;;0.374;282.439;0.0262853423085934
268;rede;ssa;2.214814551;;1.635;281.861;0.0377148729094167
271;rede;ssa;1.553204131;;1.296;283.735;0.0462637861154206
272;rede;SMA;1.122209902;;1.281;285.016;0.0260920139484302
273;rede;seadec;1.249406288;;0.184;285.200;0.00929623085818988
274;rede;ssa;1.389741142;;1.836;287.036;0.034465109395276
275;rede;ssa;1.280917255;;0.24;287.276;0.0464705153781347
276;rede;SMA;1.298958231;;0.684;287.960;0.0427559244477954
277;rede;SMA;1.261346235;;4.456;292.416;0.0294444332989678
278;rede;SMA;1.184546613;;1.42;293.836;0.00312822529954525
279;rede;ssa;1.297672056;;0.152;293.988;0.0369276456170677
280;rede;seadec;1.314471989;;4.367;298.355;0.0200366493973128
281;rede;ssa;1.406281940;;2.347;300.702;0.0377148729094167
282;rede;seadec;1.252151973;;0.535;301.237;0.0194549251238626
283;rede;SMA;1.203590344;;2.838;304.075;0.00572928357269349
284;rede;ssa;2.072170308;;0.55;304.625;0.0639327156526897
285;rede;seadec;1.137506354;;1.269;305.894;0.00929623085818988
286;rede;seadec;1.351994392;;0.57;306.464;0.0240361194750053
287;rede;ssa;1.309226040;;2.839;309.303;0.0650104625049824
288;rede;ssa;2.093838932;;1.158;310.461;0.0351994025147571
290;rede;SMA;.940029962;;0.306;312.815;0.0385801680617862
289;rede;ssa;1.482935962;;2.048;312.509;0.0377148729094167
291;rede;SMA;2.129356641;;0.608;313.423;0.0044156703260322
292;rede;ssa;1.287307153;;1.711;315.134;0.0639327156526897
293;rede;ssa;1.457675327;;2.035;317.169;0.0464705153781347
294;rede;SMA;1.065695559;;1.087;318.256;0.0400802183599336
295;rede;ssa;1.332411991;;0.765;319.021;0.0650104625049824
298;rede;SMA;1.333178576;;0.037;321.864;0.0427559244477954
296;rede;ssa;1.616916153;;2.689;321.710;0.0639327156526897
297;rede;ssa;1.609740802;;0.117;321.827;0.0377148729094167
299;rede;ssa;1.282288572;;2.795;324.659;0.0468428353029938
300;rede;ssa;1.464049721;;1.347;326.006;0.0351769567303275
301;rede;SMA;1.311195334;;0.422;326.428;0.0294444332989678
303;rede;ssa;1.402302858;;0.56;327.944;0.034465109395276
304;rede;ssa;1.417717569;;0.192;328.136;0.0351994025147571
302;rede;ssa;2.315675169;;0.956;327.384;0.0462637861154206
305;rede;ssa;1.423607546;;0.306;328.442;0.0657184273159393
306;rede;SMA;1.382510116;;0.509;328.951;0.00572928357269349
307;rede;SMA;1.262055993;;0.177;329.128;0.027678078136308
308;rede;SMA;1.421542716;;1.161;330.289;0.0386866425310276
309;rede;SMA;1.393719743;;0.019;330.308;0.0303277073168743
310;rede;ssa;1.448895809;;1.54;331.848;0.0377148729094167
311;rede;ssa;2.256686862;;0.76;332.608;0.034465109395276
312;rede;ssa;1.417824267;;1.777;334.385;0.0482841409439691
313;rede;ssa;1.375334430;;0.237;334.622;0.0650104625049824
314;rede;seadec;1.009725915;;0.828;335.450;0.0200421445003984
315;rede;SMA;1.267021759;;0.495;335.945;0.00312822529954525
316;rede;SMA;1.275503823;;0.126;336.071;0.0423559013427496
317;rede;SMA;1.127147101;;0.131;336.202;0.00312822529954525
318;rede;SMA;1.189891187;;0.267;336.469;0.0385801680617862
319;rede;ssa;1.500513206;;0.528;336.997;0.0463158279553995
320;rede;seadec;1.157620018;;1.608;338.605;0.00853866866997741
322;rede;SMA;1.027406516;;0.019;339.788;0.0427559244477954
321;rede;ssa;1.396460561;;1.164;339.769;0.0658004472335592
325;rede;seadec;1.231460982;;0.086;341.199;0.0200366493973128
324;rede;ssa;1.400068527;;0.619;341.113;0.0472776063296307
323;rede;ssa;2.390122574;;0.706;340.494;0.0351994025147571
326;rede;ssa;1.205781658;;0.381;341.580;0.0657184273159393
327;rede;seadec;1.272738703;;0.298;341.878;0.00853866866997741
328;rede;SMA;1.285445056;;2.543;344.421;0.00312822529954525
329;rede;seadec;1.419539827;;0.191;344.612;0.0240361194750053
330;rede;SMA;1.256916409;;0.089;344.701;0.0294444332989678
331;rede;ssa;1.189554465;;0.279;344.980;0.0189752485931269
332;rede;ssa;1.472694773;;1.155;346.135;0.0658004472335592
333;rede;ssa;1.520310138;;0.146;346.281;0.0377148729094167
334;rede;ssa;1.523694900;;2.535;348.816;0.0360930160445306
335;rede;SMA;1.265181145;;1.667;350.483;0.0262853423085934
336;rede;SMA;.983164499;;0.789;351.272;0.0423559013427496
337;rede;ssa;1.590026362;;0.435;351.707;0.0450325086617828
338;rede;SMA;1.690846618;;1.027;352.734;0.0400802183599336
339;rede;ssa;1.846091511;;0.059;352.793;0.0351994025147571
340;rede;ssa;1.608591483;;0.187;352.980;0.0482841409439691
341;rede;ssa;1.685873065;;0.52;353.500;0.0468428353029938
343;rede;SMA;.957652197;;0.262;356.805;0.0044156703260322
342;rede;ssa;1.510969386;;3.043;356.543;0.0464705153781347
344;rede;ssa;1.461428278;;1.749;358.554;0.0189752485931269
345;rede;SMA;1.790719826;;0.415;358.969;0.00572928357269349
346;rede;SMA;1.301477619;;0.752;359.721;0.0260920139484302
347;rede;SMA;1.202854066;;2.365;362.086;0.0303277073168743
348;rede;ssa;1.481306601;;0.426;362.512;0.0463158279553995
349;rede;SMA;.987460352;;0.502;363.014;0.0303277073168743
350;rede;ssa;1.459540783;;1.748;364.762;0.034465109395276
351;rede;ssa;1.293169678;;1.481;366.243;0.0351994025147571
352;rede;SMA;1.161303960;;0.319;366.562;0.0423559013427496
353;rede;ssa;1.536401097;;0.728;367.290;0.0369276456170677
354;rede;ssa;1.285052956;;0.686;367.976;0.0472776063296307
355;rede;ssa;1.495101889;;0.724;368.700;0.0472776063296307
356;rede;seadec;1.249948184;;1.095;369.795;0.00853866866997741
357;rede;seadec;1.291584010;;1.531;371.326;0.00853866866997741
359;rede;ssa;1.471948318;;0.072;372.290;0.0482841409439691
358;rede;ssa;1.602505239;;0.892;372.218;0.0450325086617828
360;rede;ssa;1.248365878;;0.517;372.807;0.0657184273159393
361;rede;ssa;1.423082010;;1.352;374.159;0.0377148729094167
362;rede;SMA;1.194900960;;1.391;375.550;0.0262853423085934
363;rede;ssa;2.058042779;;0.694;376.244;0.0657184273159393
364;rede;seadec;1.202546332;;1.6;377.844;0.0200421445003984
365;rede;ssa;1.402167014;;0.116;377.960;0.0189752485931269
366;rede;ssa;1.309197930;;1.897;379.857;0.0656320663227048
367;rede;SMA;1.364576915;;1.919;381.776;0.0260920139484302
368;rede;SMA;1.314689406;;0.007;381.783;0.0262853423085934
369;rede;SMA;1.257865980;;2.377;384.160;0.027678078136308
370;rede;seadec;1.431543676;;0.589;384.749;0.0194549251238626
372;rede;SMA;1.108248155;;0.08;384.972;0.0400802183599336
371;rede;ssa;1.581726831;;0.143;384.892;0.0450325086617828
373;rede;seadec;1.278179558;;1.674;386.646;0.0194549251238626
374;rede;SMA;1.093134866;;1.034;387.680;0.0260920139484302
375;rede;seadec;1.296403555;;0.171;387.851;0.00853866866997741
376;rede;ssa;1.524397408;;0.522;388.373;0.0360930160445306
377;rede;ssa;1.254178462;;0.303;388.676;0.0351994025147571
378;rede;seadec;1.197323618;;3.796;392.472;0.00929623085818988
379;rede;ssa;1.343720313;;2.614;395.086;0.0189752485931269
380;rede;ssa;1.400223524;;0.316;395.402;0.0189752485931269
381;rede;ssa;2.232358798;;0.573;395.975;0.0464705153781347
382;rede;SMA;1.269136303;;1.995;397.970;0.027678078136308
384;rede;ssa;1.364097467;;0.06;398.974;0.0657184273159393
383;rede;seadec;1.478945695;;0.944;398.914;0.0194549251238626
386;rede;SMA;1.222315677;;0.065;400.889;0.0423559013427496
385;rede;ssa;1.475944269;;1.85;400.824;0.0369276456170677
387;rede;SMA;1.106227898;;1.086;401.975;0.0260920139484302
388;rede;ssa;1.418273389;;0.02;401.995;0.0462637861154206
389;rede;SMA;1.207701141;;0.584;402.579;0.0423559013427496
390;rede;ssa;1.182929659;;0.892;403.471;0.0657184273159393
391;rede;ssa;1.436226911;;3.773;407.244;0.0354027676498525
392;rede;ssa;1.245126028;;0.56;407.804;0.0650104625049824
393;rede;seadec;1.228937898;;0.815;408.619;0.00853866866997741
394;rede;ssa;2.376077465;;2.361;410.980;0.0351769567303275
395;rede;ssa;1.532331980;;2.314;413.294;0.034465109395276
396;rede;ssa;1.313871265;;0.942;414.236;0.0639327156526897
397;rede;seadec;1.343118221;;0.973;415.209;0.0196202016385114
398;rede;seadec;1.214520439;;0.878;416.087;0.0200366493973128
399;rede;ssa;1.439816739;;1.947;418.034;0.0369276456170677
400;rede;SMA;1.261899618;;0.178;418.212;0.0423559013427496
401;rede;ssa;2.065081667;;0.084;418.296;0.0658004472335592
402;rede;seadec;1.188539546;;3.262;421.558;0.0196202016385114
404;rede;ssa;1.351369692;;0.066;422.318;0.0189752485931269
405;rede;ssa;1.340911872;;0.554;422.872;0.0482841409439691
403;rede;ssa;2.441234052;;0.694;422.252;0.0468428353029938
406;rede;ssa;1.423727927;;3.703;426.575;0.0657184273159393
407;rede;ssa;1.416979740;;2.308;428.883;0.0377148729094167
408;rede;ssa;1.282928422;;0.393;429.276;0.034465109395276
409;rede;SMA;1.191460038;;1.108;430.384;0.0423559013427496
410;rede;SMA;1.247645807;;1.318;431.702;0.0260920139484302
411;rede;SMA;1.316154371;;0.925;432.627;0.00572928357269349
412;rede;ssa;1.240007051;;0.478;433.105;0.0650104625049824
413;rede;SMA;1.324265619;;0.516;433.621;0.00572928357269349
414;rede;seadec;1.036136586;;0.599;434.220;0.00853866866997741
415;rede;seadec;1.342585365;;0.257;434.477;0.0200421445003984
416;rede;ssa;2.309893566;;0.123;434.600;0.0450325086617828
417;rede;SMA;1.606363892;;1.693;436.293;0.0427559244477954
418;rede;ssa;1.837856621;;0.054;436.347;0.0189752485931269
419;rede;ssa;1.881530698;;0.011;436.358;0.0360930160445306
420;rede;seadec;1.693721399;;1.213;437.571;0.00853866866997741
421;rede;SMA;1.267182412;;0.474;438.045;0.0303277073168743
422;rede;seadec;1.681500319;;0.811;438.856;0.0194549251238626
423;rede;SMA;1.309730247;;0.313;439.169;0.00572928357269349
424;rede;SMA;1.140116173;;0.559;439.728;0.00572928357269349
425;rede;seadec;1.326870984;;0.444;440.172;0.0196202016385114
426;rede;ssa;2.432017811;;0.191;440.363;0.0657184273159393
428;rede;SMA;1.076820602;;0.118;441.762;0.00572928357269349
427;rede;seadec;1.407627652;;1.281;441.644;0.00853866866997741
431;rede;ssa;1.603608897;;0.381;442.527;0.0464705153781347
429;rede;ssa;2.652271382;;0.151;441.913;0.0657184273159393
430;rede;ssa;2.500052141;;0.233;442.146;0.0658004472335592
432;rede;seadec;1.605801204;;1.614;444.141;0.00853866866997741
433;rede;SMA;1.459798954;;0.096;444.237;0.0294444332989678
434;rede;ssa;1.556265036;;2.923;447.160;0.0464705153781347
435;rede;SMA;1.024559657;;1.113;448.273;0.0427559244477954
436;rede;SMA;1.287742666;;1.209;449.482;0.0044156703260322
437;rede;seadec;1.287986079;;0.23;449.712;0.00929623085818988
438;rede;SMA;1.220271925;;0.012;449.724;0.00312822529954525
439;rede;ssa;1.386093519;;1.045;450.769;0.0656320663227048
441;rede;SMA;1.330754930;;0.147;451.926;0.0303277073168743
440;rede;ssa;1.827917697;;1.01;451.779;0.0463158279553995
442;rede;ssa;1.595673672;;3.395;455.321;0.0450325086617828
443;rede;SMA;1.049278667;;1.297;456.618;0.0427559244477954
444;rede;ssa;1.442620353;;0.736;457.354;0.0369276456170677
445;rede;ssa;1.478010571;;1.736;459.090;0.0450325086617828
446;rede;ssa;1.543981623;;2.809;461.899;0.0462637861154206
447;rede;seadec;1.141933701;;0.589;462.488;0.00929623085818988
448;rede;ssa;1.354880541;;2.786;465.274;0.0189752485931269
449;rede;ssa;1.459454507;;0.087;465.361;0.0369276456170677
450;rede;ssa;1.451956936;;3.592;468.953;0.0360930160445306
451;rede;SMA;1.257718985;;0.553;469.506;0.00312822529954525
452;rede;ssa;1.403056607;;0.515;470.021;0.0450325086617828
453;rede;SMA;1.298415034;;4.509;474.530;0.0400802183599336
455;rede;seadec;1.035552713;;0.293;475.459;0.0240361194750053
454;rede;ssa;2.056074268;;0.636;475.166;0.0657184273159393
456;rede;ssa;1.421064603;;1.365;476.824;0.0369276456170677
457;rede;SMA;1.075689872;;0.992;477.816;0.0386866425310276
458;rede;SMA;1.306800868;;0.532;478.348;0.0262853423085934
459;rede;ssa;1.306672032;;0.409;478.757;0.0472776063296307
460;rede;SMA;1.307475649;;0.039;478.796;0.00312822529954525
461;rede;ssa;1.552425604;;0.472;479.268;0.0360930160445306
462;rede;seadec;1.394123092;;0.4;479.668;0.00853866866997741
463;rede;ssa;2.147131955;;0.132;479.800;0.0351769567303275
466;rede;SMA;1.054405315;;0.189;481.265;0.0400802183599336
464;rede;ssa;1.643066460;;1.162;480.962;0.0656320663227048
465;rede;SMA;1.382351900;;0.114;481.076;0.0262853423085934
468;rede;SMA;.993247514;;0.206;481.823;0.0260920139484302
467;rede;seadec;1.347826386;;0.352;481.617;0.0240361194750053
469;rede;ssa;1.484072712;;0.376;482.199;0.0354027676498525
471;rede;ssa;1.254180801;;0.21;482.642;0.0639327156526897
470;rede;ssa;1.541672636;;0.233;482.432;0.0377148729094167
472;rede;seadec;1.280877102;;0.291;482.933;0.0200421445003984
473;rede;ssa;2.278918736;;0.601;483.534;0.0360930160445306
474;rede;ssa;1.517742846;;1.179;484.713;0.0360930160445306
475;rede;SMA;1.331250253;;1.413;486.126;0.0044156703260322
476;rede;seadec;1.024724344;;0.303;486.429;0.00929623085818988
477;rede;SMA;1.192246168;;0.599;487.028;0.0303277073168743
478;rede;SMA;1.194868750;;1.718;488.746;0.0423559013427496
479;rede;seadec;1.358217693;;1.012;489.758;0.0200421445003984
480;rede;ssa;1.421930521;;0.179;489.937;0.0472776063296307
481;rede;seadec;1.218723916;;0.885;490.822;0.0200366493973128
482;rede;SMA;1.129131448;;0.537;491.359;0.00572928357269349
483;rede;ssa;1.421693992;;0.861;492.220;0.0468428353029938
484;rede;seadec;1.450197156;;0.874;493.094;0.0240361194750053
485;rede;seadec;1.358757228;;0.097;493.191;0.0240361194750053
486;rede;seadec;1.086171808;;0.603;493.794;0.00853866866997741
487;rede;SMA;1.288559297;;1.034;494.828;0.0427559244477954
488;rede;ssa;1.428283205;;0.095;494.923;0.0657184273159393
489;rede;seadec;1.260065784;;3.392;498.315;0.00853866866997741
490;rede;ssa;1.561827621;;0.37;498.685;0.034465109395276
491;rede;ssa;1.643299937;;0.052;498.737;0.0351994025147571
492;rede;seadec;1.281108022;;1.235;499.972;0.0240361194750053
494;rede;SMA;1.212284002;;0.055;501.447;0.00572928357269349
493;rede;ssa;1.446259966;;1.42;501.392;0.0656320663227048
495;rede;ssa;1.647047805;;1.134;502.581;0.0351769567303275
496;rede;ssa;1.567643696;;0.032;502.613;0.0656320663227048
498;rede;SMA;1.201259618;;0.161;504.459;0.0386866425310276
497;rede;ssa;1.555677858;;1.685;504.298;0.0639327156526897
499;rede;SMA;1.184927843;;2.532;506.991;0.0044156703260322
500;rede;ssa;1.269340809;;0.312;507.303;0.0462637861154206
501;rede;seadec;1.161775544;;1.123;508.426;0.0194549251238626
502;rede;ssa;1.513049436;;1.407;509.833;0.0463158279553995
504;rede;SMA;1.297597400;;0.068;510.871;0.0044156703260322
503;rede;seadec;1.451200812;;0.97;510.803;0.0196202016385114
505;rede;SMA;1.193203611;;0.052;510.923;0.0044156703260322
506;rede;ssa;1.413130858;;2.253;513.176;0.0657184273159393
507;rede;seadec;1.442624475;;0.293;513.469;0.0196202016385114
508;rede;SMA;1.065682880;;0.706;514.175;0.0386866425310276
509;rede;SMA;1.172456342;;1.923;516.098;0.027678078136308
510;rede;ssa;1.686079778;;1.23;517.328;0.0369276456170677
511;rede;SMA;1.121028297;;0.923;518.251;0.027678078136308
514;rede;SMA;1.629717708;;0.092;518.856;0.0386866425310276
512;rede;ssa;2.943242762;;0.057;518.308;0.0464705153781347
516;rede;ssa;1.512326845;;0.066;519.139;0.0351994025147571
515;rede;ssa;1.923339809;;0.217;519.073;0.0463158279553995
513;rede;ssa;2.674433806;;0.456;518.764;0.0468428353029938
517;rede;SMA;1.377495609;;0.816;519.955;0.027678078136308
518;rede;ssa;1.410513076;;1.799;521.754;0.0351994025147571
519;rede;ssa;1.298577214;;0.306;522.060;0.0464705153781347
520;rede;ssa;1.362812067;;1.621;523.681;0.0657184273159393
521;rede;ssa;1.447684583;;0.345;524.026;0.0189752485931269
522;rede;ssa;2.081536912;;0.474;524.500;0.0656320663227048
523;rede;SMA;1.411387001;;1.598;526.098;0.0400802183599336
524;rede;SMA;1.207999508;;1.952;528.050;0.00572928357269349
525;rede;seadec;1.774127084;;0.19;528.240;0.0196202016385114
526;rede;ssa;1.699251029;;0.68;528.920;0.0462637861154206
527;rede;SMA;1.238831968;;1.537;530.457;0.0423559013427496
528;rede;ssa;1.423424233;;0.514;530.971;0.0472776063296307
529;rede;ssa;1.459728397;;1.134;532.105;0.0463158279553995
530;rede;seadec;1.298948955;;1.699;533.804;0.0240361194750053
531;rede;seadec;1.273201684;;1.321;535.125;0.0194549251238626
532;rede;SMA;1.208114214;;0.102;535.227;0.0386866425310276
533;rede;seadec;1.140530441;;0.241;535.468;0.0200366493973128
534;rede;SMA;1.512272664;;0.585;536.053;0.0427559244477954
535;rede;ssa;1.665857778;;0.468;536.521;0.0463158279553995
536;rede;ssa;1.307089314;;0.503;537.024;0.034465109395276
537;rede;ssa;1.428754768;;0.049;537.073;0.0658004472335592
539;rede;seadec;1.036420340;;0.733;538.066;0.0194549251238626
538;rede;ssa;1.987702853;;0.26;537.333;0.0189752485931269
541;rede;SMA;1.314154936;;0.025;538.874;0.00572928357269349
540;rede;ssa;1.440995521;;0.783;538.849;0.0468428353029938
542;rede;ssa;1.545369102;;0.135;539.009;0.0351994025147571
543;rede;seadec;.984176173;;1.3;540.309;0.0240361194750053
544;rede;ssa;1.537598055;;0.973;541.282;0.0450325086617828
545;rede;ssa;1.416744187;;0.734;542.016;0.0657184273159393
547;rede;SMA;1.282047325;;0.21;542.871;0.0427559244477954
546;rede;SMA;1.813201465;;0.645;542.661;0.0262853423085934
548;rede;SMA;1.220131402;;0.343;543.214;0.0303277073168743
549;rede;seadec;1.191727437;;1.129;544.343;0.0240361194750053
551;rede;seadec;1.233625013;;0.695;545.515;0.00853866866997741
550;rede;ssa;2.084344519;;0.477;544.820;0.0650104625049824
552;rede;SMA;1.127424923;;0.704;546.219;0.0262853423085934
554;rede;ssa;1.461643963;;0.344;547.563;0.0650104625049824
553;rede;ssa;1.895125696;;1;547.219;0.0450325086617828
555;rede;ssa;1.306509890;;0.497;548.060;0.0650104625049824
556;rede;SMA;1.323145099;;1.063;549.123;0.0044156703260322
557;rede;ssa;1.334685717;;0.814;549.937;0.0650104625049824
558;rede;seadec;1.379256376;;0.475;550.412;0.00853866866997741
559;rede;seadec;1.392320413;;0.254;550.666;0.0196202016385114
560;rede;SMA;1.261207096;;0.267;550.933;0.0260920139484302
561;rede;seadec;1.328727109;;1.793;552.726;0.0240361194750053
562;rede;SMA;1.071113838;;1.735;554.461;0.0427559244477954
563;rede;seadec;1.196252286;;0.366;554.827;0.0200421445003984
564;rede;SMA;1.169006412;;2.445;557.272;0.00312822529954525
565;rede;SMA;1.352647745;;1.578;558.850;0.0400802183599336
567;rede;SMA;1.124527433;;0.123;559.151;0.027678078136308
566;rede;SMA;1.368854144;;0.178;559.028;0.00312822529954525
568;rede;ssa;1.595894559;;1.518;560.669;0.0377148729094167
569;rede;seadec;1.400732717;;2.67;563.339;0.0200421445003984
570;rede;SMA;1.279488778;;0.855;564.194;0.0385801680617862
571;rede;ssa;1.291326100;;1.594;565.788;0.0639327156526897
572;rede;SMA;1.243175526;;1.984;567.772;0.0386866425310276
573;rede;SMA;1.179844886;;0.023;567.795;0.0400802183599336
575;rede;SMA;1.134546063;;0.155;569.544;0.0260920139484302
574;rede;ssa;1.460702656;;1.594;569.389;0.0468428353029938
576;rede;SMA;1.202365880;;1.035;570.579;0.00312822529954525
577;rede;SMA;1.447758022;;1.225;571.804;0.0262853423085934
578;rede;seadec;1.345387235;;0.17;571.974;0.0240361194750053
579;rede;ssa;1.479511078;;0.063;572.037;0.0658004472335592
580;rede;SMA;1.252550474;;1.963;574.000;0.0262853423085934
581;rede;ssa;1.530203380;;1.145;575.145;0.034465109395276
582;rede;ssa;1.393151948;;1.89;577.035;0.0360930160445306
583;rede;SMA;1.053652283;;0.537;577.572;0.0260920139484302
584;rede;ssa;1.498629640;;1.024;578.596;0.0463158279553995
585;rede;SMA;1.155510082;;2.506;581.102;0.0386866425310276
586;rede;SMA;1.382641645;;2.638;583.740;0.0044156703260322
587;rede;seadec;1.241274819;;0.271;584.011;0.00853866866997741
588;rede;SMA;1.228738171;;1.975;585.986;0.0423559013427496
589;rede;ssa;1.539020210;;0.74;586.726;0.0351769567303275
591;rede;SMA;1.318411150;;0.036;587.730;0.0294444332989678
590;rede;ssa;1.489470861;;0.968;587.694;0.0482841409439691
592;rede;ssa;2.404863082;;0.145;587.875;0.0464705153781347
593;rede;ssa;1.402469873;;2.954;590.829;0.0354027676498525
594;rede;SMA;1.436946167;;3.624;594.453;0.0400802183599336
595;rede;SMA;1.142806156;;1.959;596.412;0.00312822529954525
596;rede;SMA;1.301401267;;1.057;597.469;0.0427559244477954
597;rede;SMA;.960303398;;0.828;598.297;0.0294444332989678
598;rede;ssa;1.442614354;;1.877;600.174;0.0658004472335592
599;rede;seadec;1.160737304;;2.022;602.196;0.0194549251238626
600;rede;seadec;1.251709911;;1.668;603.864;0.0194549251238626
601;rede;SMA;.994445819;;0.796;604.660;0.0427559244477954
602;rede;SMA;1.242104306;;0.505;605.165;0.0385801680617862
603;rede;ssa;1.554240011;;1.056;606.221;0.0464705153781347
604;rede;ssa;2.347525009;;0.436;606.657;0.0464705153781347
605;rede;seadec;1.248913957;;2.259;608.916;0.00929623085818988
606;rede;ssa;2.159010969;;0.708;609.624;0.0351994025147571
607;rede;SMA;1.080321452;;1.224;610.848;0.0303277073168743
608;rede;seadec;1.402662812;;1.22;612.068;0.00853866866997741
609;rede;SMA;1.235496626;;2.158;614.226;0.00572928357269349
610;rede;ssa;1.415946722;;0.85;615.076;0.0463158279553995
611;rede;ssa;1.462224006;;0.529;615.605;0.0650104625049824
612;rede;seadec;1.293813895;;0.603;616.208;0.00929623085818988
613;rede;ssa;1.916636487;;2.019;618.227;0.0468428353029938
614;rede;ssa;1.813645157;;0.071;618.298;0.0464705153781347
615;rede;ssa;1.784684400;;0.027;618.325;0.0482841409439691
617;rede;SMA;1.261333674;;1.045;620.819;0.027678078136308
616;rede;ssa;2.513977030;;1.449;619.774;0.0462637861154206
618;rede;ssa;1.432061413;;1.708;622.527;0.034465109395276
619;rede;SMA;1.378466136;;1.038;623.565;0.00572928357269349
621;rede;SMA;1.288185729;;0.038;625.146;0.00572928357269349
620;rede;ssa;1.604273699;;1.543;625.108;0.0369276456170677
623;rede;SMA;1.178408656;;0.159;625.876;0.0260920139484302
622;rede;SMA;1.551696139;;0.571;625.717;0.00572928357269349
624;rede;ssa;1.687389160;;0.054;625.930;0.0464705153781347
625;rede;ssa;1.659431473;;1.335;627.265;0.0450325086617828
626;rede;seadec;1.355625230;;0.461;627.726;0.00929623085818988
627;rede;ssa;1.362778934;;0.079;627.805;0.0650104625049824
628;rede;ssa;1.346596401;;1.16;628.965;0.0639327156526897
629;rede;SMA;.960195575;;0.709;629.674;0.0423559013427496
631;rede;seadec;1.259201558;;0.16;632.054;0.0240361194750053
630;rede;ssa;1.505687894;;2.22;631.894;0.0639327156526897
632;rede;SMA;1.242181504;;0.181;632.235;0.0260920139484302
634;rede;SMA;1.228332633;;0.578;632.924;0.0303277073168743
633;rede;ssa;2.156830905;;0.111;632.346;0.0482841409439691
635;rede;SMA;1.185268372;;2.611;635.535;0.0400802183599336
636;rede;SMA;1.024072565;;0.746;636.281;0.0044156703260322
637;rede;SMA;1.237997755;;1.939;638.220;0.0423559013427496
638;rede;ssa;1.591402628;;0.429;638.649;0.0482841409439691
640;rede;SMA;1.181887921;;0.225;639.051;0.0294444332989678
639;rede;ssa;1.523188160;;0.177;638.826;0.0482841409439691
641;rede;SMA;2.423187172;;1.449;640.500;0.0386866425310276
642;rede;ssa;1.350246034;;1.828;642.328;0.0657184273159393
643;rede;ssa;1.448780061;;2.358;644.686;0.034465109395276
644;rede;ssa;1.309340640;;0.778;645.464;0.0360930160445306
645;rede;seadec;1.326491282;;0.934;646.398;0.00929623085818988
646;rede;SMA;1.193295105;;1.59;647.988;0.0262853423085934
648;rede;ssa;1.259146274;;0.068;648.255;0.0482841409439691
647;rede;SMA;1.809087496;;0.199;648.187;0.00312822529954525
649;rede;ssa;1.471190686;;0.614;648.869;0.0472776063296307
650;rede;SMA;1.320270003;;2.167;651.036;0.0044156703260322
651;rede;SMA;1.081632227;;0.372;651.408;0.00572928357269349
652;rede;ssa;1.415944066;;0.041;651.449;0.0656320663227048
654;rede;ssa;1.273256069;;0.059;652.439;0.0657184273159393
653;rede;ssa;2.178482758;;0.931;652.380;0.034465109395276
655;rede;SMA;1.226101997;;0.732;653.171;0.00572928357269349
656;rede;seadec;1.285077961;;1.285;654.456;0.0240361194750053
657;rede;seadec;1.325900404;;2.245;656.701;0.0194549251238626
658;rede;SMA;1.189036681;;0.157;656.858;0.0400802183599336
659;rede;ssa;1.330792269;;0.435;657.293;0.0650104625049824
660;rede;SMA;1.149846887;;2.602;659.895;0.027678078136308
661;rede;SMA;1.059992334;;0.781;660.676;0.0386866425310276
663;rede;SMA;1.261403240;;0.084;662.158;0.0386866425310276
662;rede;ssa;1.587010083;;1.398;662.074;0.0464705153781347
664;rede;ssa;1.366631750;;0.578;662.736;0.0377148729094167
665;rede;ssa;1.602423278;;2.311;665.047;0.0462637861154206
666;rede;ssa;1.562469871;;0.549;665.596;0.0656320663227048
667;rede;ssa;1.562783703;;0.074;665.670;0.0354027676498525
668;rede;ssa;1.328092237;;0.574;666.244;0.0377148729094167
669;rede;SMA;1.061896321;;0.595;666.839;0.0400802183599336
671;rede;ssa;1.500043701;;0.089;668.538;0.0650104625049824
672;rede;SMA;1.419958254;;0.103;668.641;0.027678078136308
673;rede;SMA;1.547551142;;0.173;668.814;0.0044156703260322
674;rede;ssa;1.574510001;;0.08;668.894;0.0639327156526897
670;rede;ssa;2.402739157;;1.61;668.449;0.0450325086617828
675;rede;ssa;1.417994357;;0.312;669.206;0.0354027676498525
676;rede;SMA;1.299138447;;0.387;669.593;0.0044156703260322
677;rede;SMA;1.184172882;;2.349;671.942;0.0262853423085934
678;rede;SMA;1.216851339;;1.539;673.481;0.0260920139484302
679;rede;ssa;1.376414745;;2.204;675.685;0.0639327156526897
680;rede;SMA;1.328192926;;0.289;675.974;0.0386866425310276
681;rede;SMA;1.273778782;;0.026;676.000;0.0294444332989678
682;rede;ssa;1.273402471;;3.067;679.067;0.0639327156526897
683;rede;ssa;1.322814064;;1.361;680.428;0.0657184273159393
684;rede;SMA;.996864432;;0.702;681.130;0.0262853423085934
685;rede;seadec;1.289113220;;2.184;683.314;0.0200421445003984
687;rede;seadec;1.308139552;;0.021;683.433;0.0240361194750053
686;rede;ssa;1.557041517;;0.098;683.412;0.0360930160445306
688;rede;seadec;1.082708626;;0.935;684.368;0.0194549251238626
689;rede;SMA;1.213252849;;0.366;684.734;0.0044156703260322
690;rede;ssa;1.342997039;;0.497;685.231;0.034465109395276
691;rede;SMA;1.259730957;;0.24;685.471;0.0262853423085934
692;rede;ssa;1.414534816;;1.06;686.531;0.0377148729094167
693;rede;seadec;1.077865477;;5.99;692.521;0.0194549251238626
694;rede;seadec;1.151293474;;0.386;692.907;0.0196202016385114
695;rede;SMA;1.179181754;;0.481;693.388;0.0260920139484302
696;rede;seadec;2.096666462;;0.672;694.060;0.00929623085818988
697;rede;SMA;1.215391056;;0.998;695.058;0.0303277073168743
698;rede;ssa;1.390106021;;0.194;695.252;0.0464705153781347
700;rede;ssa;1.775324554;;0.012;695.550;0.0657184273159393
699;rede;ssa;1.873702985;;0.286;695.538;0.0351769567303275
702;rede;ssa;1.712429523;;0.017;695.720;0.0464705153781347
703;rede;seadec;1.060319494;;0.851;696.571;0.0200366493973128
701;rede;ssa;2.418323313;;0.153;695.703;0.0369276456170677
704;rede;ssa;1.412217184;;0.799;697.370;0.0656320663227048
705;rede;SMA;1.175129057;;0.217;697.587;0.00572928357269349
706;rede;seadec;1.184610142;;1.255;698.842;0.0200421445003984
707;rede;ssa;1.329904301;;0.857;699.699;0.0462637861154206
708;rede;seadec;1.178874793;;1.237;700.936;0.0200421445003984
709;rede;SMA;1.188558372;;0.643;701.579;0.0262853423085934
710;rede;seadec;1.263815762;;1.813;703.392;0.0240361194750053
712;rede;ssa;1.430209233;;1.427;705.484;0.0482841409439691
713;rede;ssa;1.528837941;;0.03;705.514;0.0351769567303275
714;rede;ssa;1.206054361;;0.275;705.789;0.0351994025147571
715;rede;seadec;1.399501280;;0.985;706.774;0.00853866866997741
716;rede;SMA;1.384298602;;0.779;707.553;0.0423559013427496
717;rede;ssa;1.339663128;;0.127;707.680;0.0369276456170677
711;rede;ssa;6.279968209;;0.665;704.057;0.0450325086617828
718;rede;ssa;2.038914512;;0.462;708.142;0.0472776063296307
719;rede;seadec;1.296163088;;7.1;715.242;0.0200421445003984
720;rede;SMA;1.223994186;;0.257;715.499;0.0294444332989678
721;rede;SMA;1.172653537;;1.176;716.675;0.0262853423085934
722;rede;SMA;1.291391239;;2.452;719.127;0.00312822529954525
723;rede;SMA;1.099465362;;0.352;719.479;0.0400802183599336
724;rede;SMA;1.086002910;;0.218;719.697;0.0385801680617862
725;rede;ssa;1.350511663;;2.617;722.314;0.0468428353029938
726;rede;ssa;1.390718556;;1.289;723.603;0.0639327156526897
727;rede;ssa;1.598636818;;2.653;726.256;0.0354027676498525
728;rede;ssa;1.432094280;;0.589;726.845;0.0464705153781347
729;rede;ssa;1.624239100;;0.635;727.480;0.0351994025147571
730;rede;SMA;1.047069231;;1.313;728.793;0.00312822529954525
732;rede;SMA;1.214929360;;0.217;734.880;0.0294444332989678
731;rede;ssa;1.507029420;;5.87;734.663;0.0462637861154206
733;rede;SMA;1.108416614;;0.185;735.065;0.0044156703260322
734;rede;SMA;1.699264401;;0.273;735.338;0.0044156703260322
735;rede;ssa;1.368195358;;0.714;736.052;0.034465109395276
736;rede;ssa;1.481691245;;1.512;737.564;0.0354027676498525
737;rede;ssa;1.450677920;;0.051;737.615;0.0650104625049824
738;rede;ssa;1.525112155;;0.753;738.368;0.0639327156526897
739;rede;SMA;1.367570303;;0.195;738.563;0.027678078136308
741;rede;ssa;1.455458133;;0.099;739.029;0.0354027676498525
740;rede;ssa;1.713369827;;0.367;738.930;0.0464705153781347
742;rede;seadec;1.806582516;;0.24;739.269;0.00929623085818988
743;rede;seadec;1.088170508;;0.878;740.147;0.00929623085818988
744;rede;SMA;1.225609881;;0.831;740.978;0.0294444332989678
745;rede;SMA;1.166316542;;0.204;741.182;0.00312822529954525
746;rede;SMA;1.148022103;;1.728;742.910;0.0262853423085934
747;rede;seadec;1.050011268;;0.518;743.428;0.00853866866997741
748;rede;ssa;1.615584691;;0.965;744.393;0.0468428353029938
749;rede;ssa;1.431937813;;1.957;746.350;0.0377148729094167
751;rede;SMA;.985368379;;0.48;747.270;0.0400802183599336
750;rede;ssa;1.543890615;;0.44;746.790;0.0464705153781347
753;rede;seadec;.994207900;;0.074;748.874;0.0196202016385114
752;rede;seadec;1.235182639;;1.53;748.800;0.0200366493973128
754;rede;ssa;1.498206925;;0.141;749.015;0.0354027676498525
755;rede;ssa;1.545648907;;0.658;749.673;0.0462637861154206
756;rede;SMA;1.224909876;;0.715;750.388;0.027678078136308
757;rede;SMA;1.239881235;;1.473;751.861;0.00312822529954525
758;rede;seadec;.967502427;;0.354;752.215;0.00853866866997741
759;rede;SMA;1.123218827;;2.79;755.005;0.00572928357269349
760;rede;ssa;1.547272962;;1.893;756.898;0.0369276456170677
761;rede;ssa;1.339577712;;0.6;757.498;0.034465109395276
762;rede;ssa;1.370708536;;0.67;758.168;0.0472776063296307
763;rede;seadec;1.199707015;;0.449;758.617;0.0200421445003984
764;rede;ssa;1.594663180;;0.816;759.433;0.0351769567303275
766;rede;SMA;1.029646208;;0.299;760.018;0.00572928357269349
765;rede;ssa;1.527962173;;0.286;759.719;0.0464705153781347
767;rede;SMA;1.681169601;;0.448;760.466;0.00312822529954525
768;rede;ssa;1.510399914;;1.779;762.245;0.0450325086617828
769;rede;SMA;1.263767128;;0.974;763.219;0.00572928357269349
770;rede;SMA;1.308348422;;1.245;764.464;0.0427559244477954
771;rede;SMA;1.192709328;;2.965;767.429;0.00312822529954525
772;rede;ssa;1.572312468;;1.007;768.436;0.0639327156526897
773;rede;ssa;1.840995494;;0.203;768.639;0.0472776063296307
774;rede;ssa;1.928326501;;0.048;768.687;0.0354027676498525
776;rede;SMA;1.301896391;;0.552;769.316;0.0423559013427496
775;rede;ssa;1.982344611;;0.077;768.764;0.0463158279553995
777;rede;seadec;1.213082505;;2.086;771.402;0.0194549251238626
778;rede;SMA;.969447982;;0.411;771.813;0.00312822529954525
779;rede;ssa;1.412819628;;3.349;775.162;0.0189752485931269
780;rede;SMA;1.083967700;;0.563;775.725;0.0044156703260322
782;rede;SMA;1.400039928;;0.105;776.398;0.00572928357269349
781;rede;ssa;1.827891931;;0.568;776.293;0.0354027676498525
784;rede;SMA;1.098506401;;0.347;776.890;0.0427559244477954
783;rede;ssa;1.588771946;;0.145;776.543;0.0450325086617828
785;rede;ssa;1.360993534;;0.747;777.637;0.0463158279553995
786;rede;ssa;1.700323546;;1.066;778.703;0.0450325086617828
787;rede;ssa;1.489677808;;0.615;779.318;0.0189752485931269
788;rede;ssa;1.205384627;;1.089;780.407;0.0369276456170677
789;rede;seadec;1.169850052;;3.439;783.846;0.0200366493973128
790;rede;ssa;1.263114978;;0.386;784.232;0.0351994025147571
792;rede;seadec;1.315719157;;0.091;784.846;0.0200421445003984
791;rede;ssa;1.501306137;;0.523;784.755;0.0189752485931269
793;rede;seadec;1.080381405;;0.934;785.780;0.00929623085818988
794;rede;SMA;1.300444003;;0.074;785.854;0.0044156703260322
795;rede;ssa;1.467518161;;0.708;786.562;0.0377148729094167
796;rede;ssa;1.611975787;;1.834;788.396;0.0369276456170677
797;rede;ssa;1.521760342;;0.063;788.459;0.0369276456170677
798;rede;ssa;1.602842211;;0.605;789.064;0.0377148729094167
799;rede;ssa;1.421412320;;0.816;789.880;0.0472776063296307
801;rede;seadec;.986285637;;0.12;790.628;0.0200421445003984
800;rede;ssa;1.569176605;;0.628;790.508;0.0463158279553995
802;rede;seadec;1.252487535;;0.41;791.038;0.0240361194750053
803;rede;SMA;1.274685044;;0.094;791.132;0.0385801680617862
804;rede;ssa;1.314321625;;0.627;791.759;0.0656320663227048
805;rede;ssa;1.608192960;;0.614;792.373;0.0450325086617828
806;rede;SMA;1.367499154;;0.318;792.691;0.0400802183599336
807;rede;seadec;1.300455444;;2.385;795.076;0.0240361194750053
808;rede;ssa;1.727636566;;0.461;795.537;0.034465109395276
809;rede;ssa;1.813532839;;0.025;795.562;0.0468428353029938
810;rede;seadec;1.222143767;;1.279;796.841;0.0200366493973128
811;rede;ssa;1.425448377;;1.605;798.446;0.0639327156526897
812;rede;SMA;1.359724420;;2.278;800.724;0.0294444332989678
813;rede;ssa;1.398248552;;1.519;802.243;0.0351994025147571
814;rede;seadec;1.166328202;;0.888;803.131;0.0194549251238626
815;rede;ssa;1.426039492;;1.014;804.145;0.0450325086617828
816;rede;ssa;1.393512183;;1.13;805.275;0.0639327156526897
817;rede;SMA;1.024555582;;0.698;805.973;0.0262853423085934
818;rede;SMA;2.311881888;;1.043;807.016;0.0294444332989678
819;rede;ssa;1.391531576;;3.713;810.729;0.0482841409439691
820;rede;seadec;1.042965518;;0.84;811.569;0.0194549251238626
821;rede;seadec;1.295248145;;0.057;811.626;0.0194549251238626
822;rede;ssa;1.463956059;;1.626;813.252;0.0658004472335592
823;rede;ssa;1.579477798;;1.315;814.567;0.0650104625049824
824;rede;ssa;1.365643346;;0.073;814.640;0.0189752485931269
825;rede;seadec;1.023557760;;0.796;815.436;0.0194549251238626
826;rede;SMA;1.169720179;;1.316;816.752;0.0303277073168743
827;rede;SMA;1.113670032;;0.696;817.448;0.0400802183599336
829;rede;SMA;1.533265798;;0.001;817.527;0.00312822529954525
828;rede;ssa;1.740367005;;0.078;817.526;0.034465109395276
830;rede;ssa;1.402757479;;0.989;818.516;0.0369276456170677
831;rede;seadec;1.409009324;;0.351;818.867;0.00853866866997741
832;rede;ssa;1.472071648;;0.009;818.876;0.0472776063296307
833;rede;SMA;1.144775171;;0.548;819.424;0.00572928357269349
834;rede;ssa;1.319033568;;0.358;819.782;0.0377148729094167
835;rede;ssa;1.320653338;;0.468;820.250;0.0650104625049824
836;rede;ssa;2.114842822;;0.5;820.750;0.0351769567303275
837;rede;SMA;1.372744137;;0.996;821.746;0.0400802183599336
838;rede;SMA;1.263973646;;1.234;822.980;0.0385801680617862
839;rede;ssa;1.314007016;;0.349;823.329;0.0450325086617828
840;rede;ssa;1.541455933;;2.325;825.654;0.0351994025147571
841;rede;SMA;1.324887825;;0.658;826.312;0.0262853423085934
842;rede;ssa;1.387233679;;3.505;829.817;0.0658004472335592
843;rede;seadec;1.257392801;;2.42;832.237;0.00853866866997741
844;rede;ssa;1.386492571;;0.213;832.450;0.0360930160445306
846;rede;SMA;1.058258793;;0.472;833.135;0.0260920139484302
845;rede;ssa;2.195317353;;0.213;832.663;0.034465109395276
847;rede;SMA;1.245616943;;1.636;834.771;0.0303277073168743
848;rede;SMA;1.190415177;;0.365;835.136;0.027678078136308
850;rede;seadec;1.452696924;;0.04;835.199;0.00929623085818988
849;rede;ssa;2.397024312;;0.023;835.159;0.0464705153781347
851;rede;SMA;1.087832862;;2.232;837.431;0.0385801680617862
852;rede;ssa;1.408710663;;0.247;837.678;0.0189752485931269
853;rede;seadec;.997946380;;1.146;838.824;0.00929623085818988
855;rede;SMA;1.298175116;;0.008;839.409;0.027678078136308
854;rede;ssa;1.437333029;;0.577;839.401;0.0656320663227048
856;rede;SMA;.977980316;;0.345;839.754;0.0044156703260322
857;rede;SMA;1.228288861;;2.884;842.638;0.0423559013427496
858;rede;ssa;1.376044684;;0.984;843.622;0.0463158279553995
859;rede;SMA;1.351347486;;0.237;843.859;0.0294444332989678
860;rede;seadec;1.311138497;;0.188;844.047;0.00929623085818988
861;rede;SMA;1.136550763;;3.313;847.360;0.0400802183599336
862;rede;ssa;1.385695634;;1.268;848.628;0.0360930160445306
865;rede;SMA;1.071169291;;0.152;850.662;0.027678078136308
863;rede;ssa;2.421044783;;0.94;849.568;0.0450325086617828
864;rede;ssa;1.554771015;;0.942;850.510;0.034465109395276
866;rede;ssa;1.354428611;;4.123;854.785;0.0472776063296307
867;rede;seadec;1.063945936;;0.627;855.412;0.0200366493973128
868;rede;SMA;1.335477502;;0.337;855.749;0.00312822529954525
870;rede;ssa;1.281453589;;0.262;856.895;0.0377148729094167
869;rede;ssa;1.654393533;;0.884;856.633;0.0462637861154206
871;rede;ssa;1.460181881;;0.372;857.267;0.0463158279553995
872;rede;SMA;1.315943978;;3.467;860.734;0.027678078136308
873;rede;ssa;1.332121672;;0.384;861.118;0.0463158279553995
874;rede;SMA;1.175007508;;0.36;861.478;0.0260920139484302
875;rede;ssa;1.403597711;;0.126;861.604;0.0650104625049824
876;rede;SMA;1.211243737;;0.886;862.490;0.027678078136308
877;rede;SMA;1.236680505;;1.23;863.720;0.0385801680617862
878;rede;seadec;1.039237864;;0.361;864.081;0.0200366493973128
879;rede;ssa;2.367060448;;0.26;864.341;0.0450325086617828
880;rede;ssa;1.518009031;;1.294;865.635;0.0189752485931269
881;rede;ssa;1.443693753;;2.925;868.560;0.0472776063296307
882;rede;SMA;1.145764581;;2.504;871.064;0.0400802183599336
883;rede;SMA;1.147543853;;1.432;872.496;0.0386866425310276
884;rede;SMA;1.277004377;;0.02;872.516;0.027678078136308
885;rede;ssa;2.525968613;;1.435;873.951;0.0354027676498525
886;rede;SMA;.992934643;;1.647;875.598;0.0260920139484302
888;rede;ssa;1.651689018;;0.008;876.819;0.0463158279553995
887;rede;ssa;1.752185148;;1.213;876.811;0.0468428353029938
889;rede;ssa;1.460908263;;2.077;878.896;0.0354027676498525
890;rede;SMA;.973053251;;0.452;879.348;0.0385801680617862
892;rede;ssa;1.375900417;;0.267;880.203;0.0189752485931269
891;rede;ssa;2.287551246;;0.588;879.936;0.0377148729094167
893;rede;seadec;1.353269234;;1.584;881.787;0.00853866866997741
894;rede;ssa;1.437075204;;0.877;882.664;0.0463158279553995
895;rede;SMA;1.194735091;;1.954;884.618;0.00572928357269349
897;rede;ssa;1.506416054;;0.121;885.942;0.0482841409439691
896;rede;ssa;1.714130519;;1.203;885.821;0.0468428353029938
898;rede;ssa;2.328140003;;1.101;887.043;0.0351994025147571
899;rede;ssa;1.462531456;;2.172;889.215;0.0658004472335592
900;rede;SMA;1.234546906;;1.431;890.646;0.0386866425310276
901;rede;ssa;1.581111194;;1.56;892.206;0.0463158279553995
902;rede;ssa;1.286432094;;0.621;892.827;0.0482841409439691
903;rede;ssa;1.506769886;;2.082;894.909;0.0464705153781347
904;rede;SMA;1.320854739;;0.396;895.305;0.00312822529954525
905;rede;seadec;2.500774759;;0.014;895.319;0.00853866866997741
908;rede;SMA;1.331928684;;0.133;896.492;0.0262853423085934
907;rede;ssa;1.635159705;;0.269;896.359;0.0472776063296307
909;rede;ssa;1.263351263;;0.268;896.760;0.0650104625049824
906;rede;ssa;2.501440866;;0.771;896.090;0.0468428353029938
910;rede;seadec;1.260452799;;2.005;898.765;0.00929623085818988
911;rede;SMA;1.382453762;;1.158;899.923;0.0260920139484302
912;rede;SMA;1.346983797;;1.128;901.051;0.00572928357269349
913;rede;ssa;1.542319527;;0.237;901.288;0.0369276456170677
914;rede;SMA;1.541277523;;1.081;902.369;0.027678078136308
915;rede;SMA;1.203422611;;0.512;902.881;0.0260920139484302
916;rede;seadec;1.267324044;;0.131;903.012;0.00929623085818988
917;rede;ssa;1.367154082;;0.255;903.267;0.0472776063296307
918;rede;ssa;1.408295926;;1.262;904.529;0.0639327156526897
919;rede;ssa;1.233773045;;0.317;904.846;0.0657184273159393
920;rede;SMA;1.140281001;;0.366;905.212;0.027678078136308
921;rede;SMA;1.435282607;;0.553;905.765;0.0386866425310276
922;rede;SMA;1.036056314;;0.535;906.300;0.0385801680617862
923;rede;ssa;1.375609748;;4.579;910.879;0.0650104625049824
924;rede;SMA;1.333406680;;1.87;912.749;0.0423559013427496
925;rede;seadec;1.351787297;;2.503;915.252;0.0200366493973128
927;rede;seadec;1.167557068;;0.284;915.861;0.0196202016385114
928;rede;seadec;1.125459866;;0.02;915.881;0.0200421445003984
926;rede;ssa;2.681625725;;0.325;915.577;0.0351769567303275
930;rede;ssa;1.488708991;;0.145;917.027;0.0369276456170677
929;rede;ssa;1.745991529;;1.001;916.882;0.0462637861154206
932;rede;ssa;1.614690139;;0.073;918.162;0.0377148729094167
931;rede;seadec;1.855415685;;1.062;918.089;0.0200421445003984
933;rede;seadec;1.495015380;;0.08;918.242;0.0194549251238626
934;rede;SMA;1.219477902;;0.278;918.520;0.0423559013427496
935;rede;ssa;1.341254978;;0.118;918.638;0.0656320663227048
937;rede;SMA;1.211697724;;0.068;921.681;0.00572928357269349
936;rede;ssa;1.499746634;;2.975;921.613;0.0639327156526897
938;rede;ssa;1.349539172;;0.732;922.413;0.0658004472335592
940;rede;SMA;1.027434244;;0.256;923.822;0.0262853423085934
939;rede;ssa;1.432466387;;1.153;923.566;0.034465109395276
941;rede;SMA;1.252659407;;1.363;925.185;0.00572928357269349
942;rede;ssa;1.537685771;;3.918;929.103;0.0462637861154206
943;rede;ssa;1.549544922;;0.181;929.284;0.0462637861154206
944;rede;ssa;1.979552189;;0.73;930.014;0.0650104625049824
945;rede;ssa;1.477844537;;2.943;932.957;0.0464705153781347
946;rede;ssa;1.338720711;;1.418;934.375;0.0657184273159393
947;rede;SMA;1.293729873;;1.442;935.817;0.0385801680617862
948;rede;ssa;1.616043634;;0.061;935.878;0.0450325086617828
949;rede;ssa;1.288714271;;0.348;936.226;0.0482841409439691
950;rede;seadec;1.338736692;;5.838;942.064;0.0200421445003984
951;rede;SMA;1.263684081;;0.044;942.108;0.00312822529954525
952;rede;ssa;2.201674827;;1.468;943.576;0.0351769567303275
953;rede;ssa;1.486176161;;1.338;944.914;0.0463158279553995
954;rede;SMA;1.276676676;;0.661;945.575;0.027678078136308
955;rede;SMA;1.216003492;;1.242;946.817;0.00312822529954525
956;rede;SMA;.990962937;;0.246;947.063;0.0385801680617862
957;rede;seadec;1.431859518;;0.211;947.274;0.00853866866997741
958;rede;seadec;1.340589920;;0.08;947.354;0.0200421445003984
960;rede;seadec;1.095852594;;0.546;948.069;0.0200421445003984
961;rede;SMA;1.325025542;;0.396;948.465;0.0303277073168743
959;rede;seadec;2.461286720;;0.169;947.523;0.0196202016385114
962;rede;ssa;1.378744692;;0.682;949.147;0.0656320663227048
963;rede;SMA;1.232596370;;0.161;949.308;0.0400802183599336
964;rede;seadec;1.200880763;;0.894;950.202;0.0194549251238626
965;rede;seadec;1.087136770;;1.676;951.878;0.0240361194750053
966;rede;SMA;1.297882304;;0.534;952.412;0.0044156703260322
967;rede;seadec;.986769970;;0.469;952.881;0.00929623085818988
968;rede;SMA;1.256708608;;0.707;953.588;0.0262853423085934
969;rede;SMA;1.425312077;;1.344;954.932;0.0294444332989678
970;rede;SMA;1.394897653;;0.094;955.026;0.0294444332989678
971;rede;ssa;1.557144016;;0.499;955.525;0.0462637861154206
972;rede;SMA;1.058001301;;0.909;956.434;0.00572928357269349
973;rede;seadec;1.075634860;;0.257;956.691;0.0200366493973128
974;rede;SMA;1.416338689;;2.052;958.743;0.0385801680617862
976;rede;SMA;1.004514884;;0.431;959.210;0.0262853423085934
975;rede;ssa;1.674206579;;0.036;958.779;0.0468428353029938
978;rede;ssa;1.597225346;;0.261;960.007;0.0462637861154206
977;rede;ssa;2.017301185;;0.536;959.746;0.0472776063296307
979;rede;SMA;1.071667948;;0.633;960.640;0.0044156703260322
981;rede;SMA;1.284513804;;0.079;962.077;0.0385801680617862
980;rede;ssa;1.540047179;;1.358;961.998;0.034465109395276
982;rede;ssa;1.323012900;;0.204;962.281;0.0472776063296307
983;rede;SMA;1.210885357;;4.089;966.370;0.0260920139484302
984;rede;SMA;1.098108768;;2.432;968.802;0.0303277073168743
985;rede;seadec;2.355844513;;1.028;969.830;0.0194549251238626
986;rede;SMA;1.205015069;;2.206;972.036;0.0423559013427496
987;rede;SMA;1.112653019;;0.41;972.446;0.0294444332989678
988;rede;SMA;1.334176218;;2.267;974.713;0.0423559013427496
989;rede;ssa;1.459611810;;0.993;975.706;0.0464705153781347
990;rede;SMA;1.377484211;;1.129;976.835;0.0386866425310276
991;rede;SMA;1.357198805;;1.246;978.081;0.0260920139484302
993;rede;ssa;1.256046100;;0.209;978.861;0.0639327156526897
992;rede;ssa;1.953872798;;0.571;978.652;0.0656320663227048
994;rede;ssa;1.389213152;;0.525;979.386;0.034465109395276
995;rede;SMA;1.424247287;;1.585;980.971;0.0044156703260322
996;rede;seadec;1.350301875;;0.087;981.058;0.0240361194750053
997;rede;seadec;1.199647453;;1.538;982.596;0.0196202016385114
999;rede;SMA;1.539864315;;0.026;983.559;0.0044156703260322
998;rede;ssa;2.727689273;;0.937;983.533;0.0650104625049824
