0;roundrobin;SMA;.733568114;406;0.038;.038;0.0423559013427496
1;roundrobin;SMA;.711084562;198;0.059;.097;0.0260920139484302
3;roundrobin;SMA;.845811964;27;0.007;.111;0.0044156703260322
2;roundrobin;ssa;1.018451702;115;0.007;.104;0.0189752485931269
9;roundrobin;SMA;.753449013;211;0.007;.421;0.0262853423085934
8;roundrobin;ssa;.931276241;583;0.048;.414;0.0657184273159393
4;roundrobin;SMA;1.708787377;346;0.022;.133;0.0427559244477954
11;roundrobin;seadec;.847727242;132;0.038;.529;0.0194549251238626
10;roundrobin;ssa;1.112113299;263;0.07;.491;0.0351769567303275
5;roundrobin;SMA;1.737970928;29;0.145;.278;0.0044156703260322
16;roundrobin;seadec;.972001254;89;0.094;1.011;0.0240361194750053
18;roundrobin;seadec;.882476709;157;0.017;1.061;0.0200366493973128
19;roundrobin;ssa;1.160724417;335;0.029;1.090;0.0377148729094167
17;roundrobin;ssa;1.330983502;586;0.033;1.044;0.0658004472335592
26;roundrobin;seadec;.896365783;148;0.029;1.320;0.0196202016385114
25;roundrobin;SMA;1.056332630;214;0.003;1.291;0.0262853423085934
12;roundrobin;seadec;2.405072607;150;0.062;.591;0.0196202016385114
24;roundrobin;ssa;1.375178326;255;0.005;1.288;0.034465109395276
27;roundrobin;ssa;1.259660235;441;0.198;1.518;0.0464705153781347
34;roundrobin;seadec;.891723173;161;0.01;1.793;0.0200366493973128
13;roundrobin;ssa;3.051179025;343;0.221;.812;0.0377148729094167
14;roundrobin;ssa;3.092188878;549;0.053;.865;0.0639327156526897
35;roundrobin;ssa;1.287387923;497;0.051;1.844;0.0472776063296307
33;roundrobin;ssa;1.511700347;556;0.066;1.783;0.0650104625049824
7;roundrobin;ssa;4.532084277;332;0.027;.366;0.0377148729094167
42;roundrobin;ssa;1.235850679;502;0.065;2.115;0.0472776063296307
43;roundrobin;ssa;1.347619444;519;0.063;2.178;0.0482841409439691
20;roundrobin;ssa;3.534111747;523;0.118;1.208;0.0482841409439691
50;roundrobin;SMA;.881865290;211;0.021;2.483;0.0262853423085934
40;roundrobin;ssa;1.811347176;242;0.054;1.999;0.034465109395276
23;roundrobin;SMA;3.479909934;215;0.028;1.283;0.0262853423085934
41;roundrobin;ssa;1.838708211;331;0.051;2.050;0.0377148729094167
51;roundrobin;SMA;.941457375;35;0.109;2.592;0.00572928357269349
32;roundrobin;ssa;2.732092400;272;0.016;1.717;0.0351994025147571
58;roundrobin;SMA;.858032985;16;0.055;2.940;0.0044156703260322
59;roundrobin;seadec;.884709339;153;0.039;2.979;0.0200366493973128
49;roundrobin;ssa;2.152657454;442;0.1;2.462;0.0464705153781347
38;roundrobin;SMA;3.167604758;235;0.038;1.933;0.0294444332989678
57;roundrobin;seadec;1.372151660;145;0.015;2.885;0.0196202016385114
21;roundrobin;ssa;4.803664799;421;0.032;1.240;0.0450325086617828
48;roundrobin;ssa;2.967268381;583;0.026;2.362;0.0657184273159393
56;roundrobin;ssa;2.004591313;454;0.01;2.870;0.0462637861154206
22;roundrobin;ssa;5.654765712;597;0.015;1.255;0.0658004472335592
66;roundrobin;ssa;1.224151334;325;0.137;3.530;0.0369276456170677
67;roundrobin;ssa;1.195444643;524;0.057;3.587;0.0482841409439691
28;roundrobin;ssa;5.446375024;499;0.059;1.577;0.0472776063296307
65;roundrobin;ssa;1.928987262;253;0.022;3.393;0.034465109395276
74;roundrobin;SMA;.855811719;42;0.019;4.053;0.00572928357269349
75;roundrobin;SMA;.849592141;202;0.003;4.056;0.0260920139484302
29;roundrobin;SMA;5.775207300;418;0.05;1.627;0.0423559013427496
72;roundrobin;SMA;1.198251310;230;0.145;4.020;0.0294444332989678
73;roundrobin;SMA;1.212374967;415;0.014;4.034;0.0423559013427496
47;roundrobin;ssa;4.409269631;120;0.05;2.336;0.0189752485931269
31;roundrobin;seadec;5.890093838;85;0.002;1.701;0.0240361194750053
6;roundrobin;ssa;8.630238364;488;0.061;.339;0.0468428353029938
64;roundrobin;ssa;2.573674357;593;0.242;3.371;0.0658004472335592
81;roundrobin;SMA;1.037476403;397;0.05;4.400;0.0386866425310276
82;roundrobin;ssa;1.033081342;558;0.041;4.441;0.0650104625049824
83;roundrobin;ssa;1.420543221;479;0.003;4.444;0.0463158279553995
36;roundrobin;SMA;6.461705135;366;0.015;1.859;0.0400802183599336
46;roundrobin;SMA;5.723194517;217;0.065;2.286;0.0262853423085934
15;roundrobin;seadec;8.621320767;74;0.052;.917;0.00929623085818988
89;roundrobin;SMA;.994823047;363;0.105;4.911;0.0400802183599336
88;roundrobin;seadec;1.162118022;105;0.067;4.806;0.0200421445003984
37;roundrobin;seadec;6.769497400;66;0.036;1.895;0.00929623085818988
80;roundrobin;ssa;2.133203994;535;0.019;4.350;0.0656320663227048
91;roundrobin;ssa;1.294280965;254;0.022;4.985;0.034465109395276
90;roundrobin;ssa;1.378142353;288;0.052;4.963;0.0354027676498525
97;roundrobin;SMA;.981986855;403;0.011;5.130;0.0386866425310276
55;roundrobin;SMA;5.765304864;213;0.049;2.860;0.0262853423085934
98;roundrobin;ssa;1.368338011;330;0.007;5.137;0.0369276456170677
99;roundrobin;ssa;1.355235404;576;0.017;5.154;0.0657184273159393
105;roundrobin;SMA;.794118371;214;0.135;5.513;0.0262853423085934
106;roundrobin;seadec;.924999681;97;0.01;5.523;0.0200421445003984
44;roundrobin;seadec;7.572327247;78;0.028;2.206;0.0240361194750053
107;roundrobin;SMA;.917359379;391;0.115;5.638;0.0386866425310276
96;roundrobin;ssa;2.219439666;333;0.022;5.119;0.0377148729094167
45;roundrobin;SMA;7.838985169;177;0.015;2.221;0.0303277073168743
104;roundrobin;ssa;1.689866670;436;0.062;5.378;0.0464705153781347
115;roundrobin;SMA;.876953215;43;0.036;5.990;0.00572928357269349
113;roundrobin;seadec;1.111174729;129;0.006;5.883;0.0194549251238626
114;roundrobin;ssa;1.271838200;494;0.071;5.954;0.0468428353029938
112;roundrobin;seadec;1.546318638;54;0.002;5.877;0.00853866866997741
70;roundrobin;ssa;6.060053632;117;0.089;3.759;0.0189752485931269
120;roundrobin;seadec;1.276501413;68;0.012;6.053;0.00929623085818988
121;roundrobin;ssa;1.553698826;322;0.037;6.090;0.0369276456170677
122;roundrobin;ssa;1.536258343;485;0.085;6.175;0.0468428353029938
53;roundrobin;SMA;8.535843820;374;0.028;2.781;0.0400802183599336
123;roundrobin;ssa;1.623044112;484;0.049;6.224;0.0468428353029938
130;roundrobin;SMA;.914255895;197;0.013;6.543;0.0260920139484302
52;roundrobin;ssa;8.838971734;570;0.161;2.753;0.0650104625049824
129;roundrobin;SMA;1.210967311;216;0.06;6.530;0.0262853423085934
79;roundrobin;SMA;6.131735780;349;0.138;4.331;0.0427559244477954
131;roundrobin;ssa;1.337429796;437;0.063;6.606;0.0464705153781347
128;roundrobin;ssa;1.755729962;289;0.005;6.470;0.0354027676498525
139;roundrobin;SMA;.927943928;9;0.039;6.850;0.00312822529954525
137;roundrobin;SMA;1.234868853;213;0.005;6.707;0.0262853423085934
138;roundrobin;ssa;1.297657240;570;0.104;6.811;0.0650104625049824
136;roundrobin;ssa;1.844039235;426;0.008;6.702;0.0450325086617828
30;roundrobin;ssa;12.342313138;343;0.072;1.699;0.0377148729094167
146;roundrobin;SMA;.892113162;180;0.029;7.179;0.0303277073168743
94;roundrobin;SMA;5.791805508;183;0.034;5.084;0.027678078136308
145;roundrobin;seadec;1.094401411;94;0.04;7.150;0.0200421445003984
60;roundrobin;SMA;9.904485115;14;0.004;2.983;0.00312822529954525
147;roundrobin;ssa;1.372589502;470;0.02;7.199;0.0463158279553995
144;roundrobin;ssa;1.774404163;472;0.011;7.110;0.0463158279553995
62;roundrobin;ssa;10.140187923;447;0.012;3.050;0.0464705153781347
153;roundrobin;SMA;.920174254;31;0.142;7.656;0.00572928357269349
152;roundrobin;SMA;1.229288149;27;0.087;7.514;0.0044156703260322
61;roundrobin;ssa;10.576721089;499;0.055;3.038;0.0472776063296307
155;roundrobin;SMA;.931773101;383;0.036;7.788;0.0385801680617862
154;roundrobin;ssa;1.250187743;341;0.096;7.752;0.0377148729094167
160;roundrobin;SMA;.831529753;175;0.075;7.996;0.0303277073168743
161;roundrobin;seadec;.756959785;156;0.049;8.045;0.0200366493973128
162;roundrobin;seadec;.950905524;130;0.081;8.126;0.0194549251238626
163;roundrobin;SMA;.866858239;395;0.072;8.198;0.0386866425310276
71;roundrobin;seadec;10.084203182;154;0.116;3.875;0.0200366493973128
168;roundrobin;SMA;.678927807;184;0.017;8.539;0.027678078136308
169;roundrobin;SMA;.747460805;176;0.13;8.669;0.0303277073168743
68;roundrobin;ssa;11.076069629;518;0.041;3.628;0.0482841409439691
170;roundrobin;SMA;.861336691;31;0.048;8.717;0.00572928357269349
69;roundrobin;SMA;11.209764053;232;0.042;3.670;0.0294444332989678
171;roundrobin;SMA;.861135357;176;0.09;8.807;0.0303277073168743
39;roundrobin;ssa;14.620085578;557;0.012;1.945;0.0650104625049824
103;roundrobin;ssa;8.499464030;255;0.019;5.316;0.034465109395276
176;roundrobin;ssa;.965702918;515;0.097;9.185;0.0482841409439691
178;roundrobin;ssa;1.174989393;329;0.022;9.241;0.0369276456170677
179;roundrobin;ssa;1.126267568;523;0.038;9.279;0.0482841409439691
177;roundrobin;ssa;1.301270144;483;0.034;9.219;0.0468428353029938
54;roundrobin;SMA;14.113157133;38;0.03;2.811;0.00572928357269349
76;roundrobin;SMA;11.967370327;198;0.018;4.074;0.0260920139484302
184;roundrobin;SMA;1.028523136;42;0.066;9.458;0.00572928357269349
77;roundrobin;SMA;12.027037736;227;0.078;4.152;0.0294444332989678
186;roundrobin;SMA;.866555702;354;0.038;9.523;0.0427559244477954
187;roundrobin;seadec;.877165928;74;0.026;9.549;0.00929623085818988
185;roundrobin;ssa;1.435961014;270;0.027;9.485;0.0351769567303275
63;roundrobin;SMA;14.394990779;395;0.079;3.129;0.0386866425310276
86;roundrobin;ssa;11.668751930;540;0.079;4.677;0.0656320663227048
194;roundrobin;SMA;.865336950;20;0.018;9.858;0.0044156703260322
195;roundrobin;SMA;.880790459;183;0.039;9.897;0.027678078136308
192;roundrobin;SMA;1.459880398;367;0.006;9.778;0.0400802183599336
202;roundrobin;SMA;.869984532;8;0.034;10.090;0.00312822529954525
84;roundrobin;SMA;12.756750460;361;0.114;4.558;0.0400802183599336
203;roundrobin;seadec;.897756512;153;0.04;10.130;0.0200366493973128
78;roundrobin;seadec;13.574661388;147;0.041;4.193;0.0196202016385114
193;roundrobin;ssa;1.911643572;510;0.062;9.840;0.0472776063296307
95;roundrobin;SMA;12.021611066;179;0.013;5.097;0.0303277073168743
85;roundrobin;ssa;13.542888290;336;0.04;4.598;0.0377148729094167
210;roundrobin;ssa;1.060330721;524;0.008;10.382;0.0482841409439691
211;roundrobin;ssa;1.187547205;560;0.069;10.451;0.0650104625049824
201;roundrobin;ssa;2.175393182;305;0.051;10.056;0.0360930160445306
200;roundrobin;ssa;2.415597308;458;0.004;10.005;0.0462637861154206
87;roundrobin;seadec;13.792210901;47;0.062;4.739;0.00853866866997741
208;roundrobin;ssa;1.822441506;531;0.02;10.324;0.0656320663227048
92;roundrobin;SMA;13.667463372;230;0.052;5.037;0.0294444332989678
118;roundrobin;ssa;11.516911826;323;0.011;6.026;0.0369276456170677
219;roundrobin;ssa;1.261910054;315;0.005;10.794;0.0360930160445306
217;roundrobin;SMA;1.612547800;394;0.109;10.712;0.0386866425310276
218;roundrobin;ssa;1.527004339;484;0.077;10.789;0.0468428353029938
209;roundrobin;ssa;2.689615067;496;0.05;10.374;0.0472776063296307
216;roundrobin;seadec;1.928971432;145;0.033;10.603;0.0196202016385114
224;roundrobin;SMA;1.219363409;177;0.078;11.044;0.0303277073168743
227;roundrobin;seadec;.963302824;70;0.031;11.184;0.00929623085818988
226;roundrobin;ssa;1.250515309;286;0.093;11.153;0.0354027676498525
127;roundrobin;seadec;11.716422183;86;0.068;6.465;0.0240361194750053
232;roundrobin;seadec;.870824267;90;0.012;11.534;0.0240361194750053
110;roundrobin;ssa;13.709440147;569;0.079;5.783;0.0650104625049824
93;roundrobin;ssa;15.383400873;499;0.013;5.050;0.0472776063296307
225;roundrobin;SMA;1.924747270;389;0.016;11.060;0.0385801680617862
235;roundrobin;SMA;.866622381;369;0.021;11.609;0.0400802183599336
234;roundrobin;ssa;1.056222965;530;0.029;11.588;0.0656320663227048
233;roundrobin;ssa;1.451284264;279;0.025;11.559;0.0351994025147571
142;roundrobin;seadec;11.309857056;102;0.113;7.040;0.0200421445003984
240;roundrobin;seadec;.915011706;101;0.077;11.835;0.0200421445003984
242;roundrobin;seadec;.884349289;163;0.066;11.955;0.0200366493973128
100;roundrobin;ssa;15.626410632;598;0.095;5.249;0.0658004472335592
241;roundrobin;SMA;1.227521520;364;0.054;11.889;0.0400802183599336
119;roundrobin;SMA;13.997874074;172;0.015;6.041;0.0303277073168743
243;roundrobin;seadec;.857029378;104;0.122;12.077;0.0200421445003984
248;roundrobin;SMA;.706421969;191;0.03;12.281;0.027678078136308
249;roundrobin;SMA;.820285683;8;0.024;12.305;0.00312822529954525
151;roundrobin;SMA;11.438305892;178;0.012;7.427;0.0303277073168743
102;roundrobin;ssa;16.358609861;274;0.022;5.297;0.0351994025147571
134;roundrobin;SMA;13.680898165;237;0.005;6.649;0.0294444332989678
101;roundrobin;SMA;16.823991203;414;0.026;5.275;0.0423559013427496
250;roundrobin;ssa;1.322855531;504;0.172;12.477;0.0472776063296307
251;roundrobin;ssa;1.343547257;522;0.036;12.513;0.0482841409439691
257;roundrobin;seadec;.864032523;131;0.058;12.732;0.0194549251238626
256;roundrobin;ssa;.986543979;543;0.069;12.674;0.0639327156526897
259;roundrobin;SMA;.874984679;386;0.013;12.747;0.0385801680617862
108;roundrobin;seadec;16.580113230;99;0.028;5.666;0.0200421445003984
111;roundrobin;seadec;16.312640338;60;0.092;5.875;0.00853866866997741
258;roundrobin;ssa;1.204994274;336;0.002;12.734;0.0377148729094167
265;roundrobin;seadec;.947037885;62;0.006;13.073;0.00929623085818988
266;roundrobin;SMA;.889351924;375;0.051;13.124;0.0400802183599336
264;roundrobin;ssa;1.261220123;519;0.037;13.067;0.0482841409439691
267;roundrobin;ssa;1.035398598;583;0.014;13.138;0.0657184273159393
272;roundrobin;SMA;.885037097;200;0.02;13.429;0.0260920139484302
109;roundrobin;SMA;17.760724406;389;0.038;5.704;0.0385801680617862
273;roundrobin;seadec;.860669930;64;0;13.429;0.00929623085818988
274;roundrobin;ssa;1.081011890;248;0.095;13.524;0.034465109395276
116;roundrobin;seadec;17.540917055;150;0.022;6.012;0.0196202016385114
166;roundrobin;ssa;12.718564858;539;0.133;8.416;0.0656320663227048
275;roundrobin;ssa;1.216227539;440;0.317;13.841;0.0464705153781347
280;roundrobin;seadec;.695143228;160;0.035;14.192;0.0200366493973128
282;roundrobin;seadec;.865418710;123;0.016;14.366;0.0194549251238626
281;roundrobin;ssa;.997281238;341;0.158;14.350;0.0377148729094167
283;roundrobin;SMA;.854421534;37;0.016;14.382;0.00572928357269349
117;roundrobin;SMA;18.684374026;189;0.003;6.015;0.027678078136308
126;roundrobin;ssa;18.139386111;530;0.163;6.397;0.0656320663227048
143;roundrobin;ssa;16.474999430;280;0.059;7.099;0.0351994025147571
290;roundrobin;SMA;.891691638;382;0.015;14.603;0.0385801680617862
291;roundrobin;SMA;.849625977;21;0.004;14.607;0.0044156703260322
124;roundrobin;SMA;18.648749413;174;0.001;6.225;0.0303277073168743
288;roundrobin;ssa;1.506560835;278;0.022;14.494;0.0351994025147571
298;roundrobin;SMA;.872339238;353;0.062;14.914;0.0427559244477954
289;roundrobin;ssa;1.797491984;338;0.094;14.588;0.0377148729094167
299;roundrobin;ssa;1.201504838;491;0.026;14.940;0.0468428353029938
175;roundrobin;ssa;14.579828166;519;0.076;9.088;0.0482841409439691
296;roundrobin;ssa;1.925802908;551;0.054;14.781;0.0639327156526897
297;roundrobin;ssa;1.878509783;337;0.071;14.852;0.0377148729094167
306;roundrobin;SMA;.849214475;42;0.064;15.466;0.00572928357269349
132;roundrobin;SMA;19.620902588;372;0.019;6.625;0.0400802183599336
307;roundrobin;SMA;.846332414;184;0.011;15.477;0.027678078136308
125;roundrobin;ssa;20.635996746;496;0.009;6.234;0.0472776063296307
304;roundrobin;ssa;1.899429881;273;0.089;15.390;0.0351994025147571
305;roundrobin;ssa;2.006040864;578;0.012;15.402;0.0657184273159393
314;roundrobin;seadec;.872355616;98;0.129;15.863;0.0200421445003984
135;roundrobin;ssa;20.518951418;519;0.045;6.694;0.0482841409439691
315;roundrobin;SMA;.860426713;12;0.168;16.031;0.00312822529954525
140;roundrobin;SMA;20.660095554;370;0.026;6.876;0.0400802183599336
322;roundrobin;SMA;.862645420;360;0.008;16.267;0.0427559244477954
312;roundrobin;ssa;2.021104022;513;0;15.721;0.0482841409439691
313;roundrobin;ssa;2.002340433;570;0.013;15.734;0.0650104625049824
320;roundrobin;seadec;1.198196305;56;0.053;16.236;0.00853866866997741
150;roundrobin;seadec;20.098104110;51;0.025;7.415;0.00853866866997741
323;roundrobin;ssa;1.196958883;272;0.014;16.281;0.0351994025147571
330;roundrobin;SMA;.910610474;233;0.017;16.544;0.0294444332989678
321;roundrobin;ssa;1.651796184;588;0.023;16.259;0.0658004472335592
133;roundrobin;ssa;22.154673612;311;0.019;6.644;0.0360930160445306
331;roundrobin;ssa;1.041779588;107;0.066;16.610;0.0189752485931269
328;roundrobin;SMA;1.273215816;1;0.033;16.524;0.00312822529954525
329;roundrobin;seadec;1.476033358;80;0.003;16.527;0.0240361194750053
159;roundrobin;SMA;20.247858848;191;0.002;7.921;0.027678078136308
336;roundrobin;SMA;1.158070850;417;0.01;16.733;0.0423559013427496
338;roundrobin;SMA;.882390467;361;0.115;16.916;0.0400802183599336
337;roundrobin;ssa;1.427238231;430;0.068;16.801;0.0450325086617828
148;roundrobin;ssa;21.950366940;115;0.085;7.284;0.0189752485931269
339;roundrobin;ssa;1.261499729;281;0.003;16.919;0.0351994025147571
141;roundrobin;seadec;23.088518925;103;0.051;6.927;0.0200421445003984
346;roundrobin;SMA;.881461397;198;0.025;17.259;0.0260920139484302
347;roundrobin;SMA;.873797270;180;0.012;17.271;0.0303277073168743
345;roundrobin;SMA;1.093672964;41;0.078;17.234;0.00572928357269349
344;roundrobin;ssa;1.334174318;109;0.063;17.156;0.0189752485931269
352;roundrobin;SMA;.845633113;419;0.021;17.357;0.0423559013427496
353;roundrobin;ssa;1.448457395;326;0.066;17.423;0.0369276456170677
354;roundrobin;ssa;1.596382560;499;0.08;17.503;0.0472776063296307
355;roundrobin;ssa;1.497653581;498;0.053;17.556;0.0472776063296307
156;roundrobin;ssa;23.221315291;553;0.092;7.880;0.0639327156526897
362;roundrobin;SMA;.964433920;224;0.036;17.891;0.0262853423085934
360;roundrobin;ssa;1.238859521;574;0.05;17.843;0.0657184273159393
363;roundrobin;ssa;1.076708871;571;0.013;17.904;0.0657184273159393
149;roundrobin;ssa;24.475159056;272;0.106;7.390;0.0351994025147571
361;roundrobin;ssa;1.445458268;345;0.012;17.855;0.0377148729094167
368;roundrobin;SMA;.924740556;216;0.106;18.176;0.0262853423085934
369;roundrobin;SMA;.825139739;194;0.019;18.195;0.027678078136308
370;roundrobin;seadec;.883569644;128;0.017;18.212;0.0194549251238626
371;roundrobin;ssa;1.206140175;435;0.01;18.222;0.0450325086617828
158;roundrobin;ssa;24.597948890;493;0.003;7.919;0.0468428353029938
376;roundrobin;ssa;1.116028058;314;0.023;18.463;0.0360930160445306
378;roundrobin;seadec;.901227794;62;0.063;18.583;0.00929623085818988
377;roundrobin;ssa;1.147629498;271;0.057;18.520;0.0351994025147571
157;roundrobin;seadec;25.270813258;81;0.036;7.916;0.0240361194750053
379;roundrobin;ssa;1.022048731;108;0.007;18.590;0.0189752485931269
164;roundrobin;ssa;24.677085139;559;0.074;8.272;0.0650104625049824
190;roundrobin;ssa;21.832676584;492;0.057;9.732;0.0468428353029938
167;roundrobin;seadec;24.698968272;100;0.106;8.522;0.0200421445003984
386;roundrobin;SMA;.855730522;411;0.009;19.024;0.0423559013427496
387;roundrobin;SMA;.858643507;206;0.007;19.031;0.0260920139484302
199;roundrobin;SMA;22.137400042;24;0.003;10.001;0.0044156703260322
385;roundrobin;ssa;1.782916981;321;0.151;19.015;0.0369276456170677
384;roundrobin;ssa;2.119082181;579;0.013;18.864;0.0657184273159393
393;roundrobin;seadec;1.298939220;47;0;19.113;0.00853866866997741
182;roundrobin;SMA;24.253722941;18;0.016;9.345;0.0044156703260322
394;roundrobin;ssa;1.286491521;261;0.069;19.182;0.0351769567303275
395;roundrobin;ssa;1.244448334;245;0.057;19.239;0.034465109395276
392;roundrobin;ssa;1.588486824;559;0.003;19.113;0.0650104625049824
402;roundrobin;seadec;.908115327;143;0.062;19.533;0.0196202016385114
165;roundrobin;ssa;26.701584447;523;0.011;8.283;0.0482841409439691
172;roundrobin;ssa;25.958910447;562;0.031;8.838;0.0650104625049824
403;roundrobin;ssa;1.248812817;487;0.035;19.568;0.0468428353029938
400;roundrobin;SMA;1.659365145;406;0.01;19.470;0.0423559013427496
410;roundrobin;SMA;.853184577;196;0.016;19.885;0.0260920139484302
411;roundrobin;SMA;.883483210;38;0.025;19.910;0.00572928357269349
401;roundrobin;ssa;2.222863329;598;0.001;19.471;0.0658004472335592
409;roundrobin;SMA;1.305994124;418;0.086;19.869;0.0423559013427496
408;roundrobin;ssa;1.607491214;255;0.054;19.783;0.034465109395276
174;roundrobin;ssa;27.011653462;482;0.065;9.012;0.0468428353029938
191;roundrobin;SMA;25.260109483;175;0.04;9.772;0.0303277073168743
418;roundrobin;ssa;1.037656071;112;0.039;20.191;0.0189752485931269
180;roundrobin;SMA;26.799814389;231;0.038;9.317;0.0294444332989678
419;roundrobin;ssa;1.175175758;302;0.036;20.227;0.0360930160445306
416;roundrobin;ssa;1.695871743;432;0.021;20.130;0.0450325086617828
173;roundrobin;ssa;27.820015558;525;0.109;8.947;0.0482841409439691
417;roundrobin;SMA;1.734899426;347;0.022;20.152;0.0427559244477954
183;roundrobin;SMA;27.169872701;214;0.047;9.392;0.0262853423085934
425;roundrobin;seadec;.978587829;140;0.009;20.674;0.0196202016385114
424;roundrobin;SMA;1.042595956;38;0.01;20.665;0.00572928357269349
427;roundrobin;seadec;.871131168;53;0.036;20.722;0.00853866866997741
426;roundrobin;ssa;1.035243460;578;0.012;20.686;0.0657184273159393
433;roundrobin;SMA;.710908171;229;0.041;21.028;0.0294444332989678
432;roundrobin;seadec;.802641818;46;0.044;20.987;0.00853866866997741
214;roundrobin;ssa;25.075567899;287;0.054;10.562;0.0354027676498525
435;roundrobin;SMA;.867123514;350;0.123;21.184;0.0427559244477954
434;roundrobin;ssa;1.215574848;450;0.033;21.061;0.0464705153781347
181;roundrobin;SMA;28.880379082;216;0.012;9.329;0.0262853423085934
441;roundrobin;SMA;.780761503;175;0.101;21.550;0.0303277073168743
440;roundrobin;ssa;1.065163044;477;0.039;21.449;0.0463158279553995
443;roundrobin;SMA;.884409916;360;0.039;21.650;0.0427559244477954
188;roundrobin;ssa;28.557838581;498;0.01;9.559;0.0472776063296307
442;roundrobin;ssa;1.268493798;427;0.061;21.611;0.0450325086617828
451;roundrobin;SMA;.872846228;4;0.085;22.035;0.00312822529954525
448;roundrobin;ssa;1.508255139;106;0.028;21.861;0.0189752485931269
450;roundrobin;ssa;1.222340290;303;0.006;21.950;0.0360930160445306
189;roundrobin;seadec;29.633952303;89;0.116;9.675;0.0240361194750053
449;roundrobin;ssa;1.528990051;328;0.083;21.944;0.0369276456170677
458;roundrobin;SMA;.918667951;220;0.103;22.394;0.0262853423085934
457;roundrobin;SMA;1.113163863;395;0.001;22.291;0.0386866425310276
459;roundrobin;ssa;1.083210358;509;0.016;22.410;0.0472776063296307
456;roundrobin;ssa;1.627083805;320;0.176;22.290;0.0369276456170677
466;roundrobin;SMA;.888731406;373;0.013;22.752;0.0400802183599336
196;roundrobin;ssa;30.413616226;484;0.041;9.938;0.0468428353029938
467;roundrobin;seadec;.913298579;83;0.087;22.839;0.0240361194750053
465;roundrobin;SMA;1.263166086;216;0.002;22.739;0.0262853423085934
223;roundrobin;ssa;27.906946323;276;0.055;10.966;0.0351994025147571
464;roundrobin;ssa;1.547750517;526;0.151;22.737;0.0656320663227048
197;roundrobin;SMA;30.744524689;384;0.023;9.961;0.0385801680617862
475;roundrobin;SMA;.868195588;19;0.055;23.086;0.0044156703260322
472;roundrobin;seadec;1.195703497;91;0.018;22.976;0.0200421445003984
474;roundrobin;ssa;1.265196247;312;0.001;23.031;0.0360930160445306
473;roundrobin;ssa;1.663431244;312;0.054;23.030;0.0360930160445306
482;roundrobin;SMA;.888362319;43;0.005;23.306;0.00572928357269349
481;roundrobin;seadec;1.202630603;151;0.054;23.301;0.0200366493973128
204;roundrobin;seadec;31.479878833;99;0.009;10.139;0.0200421445003984
483;roundrobin;ssa;1.301041882;494;0.024;23.330;0.0468428353029938
206;roundrobin;ssa;31.405836567;449;0.111;10.284;0.0464705153781347
480;roundrobin;ssa;1.757596923;502;0.022;23.247;0.0472776063296307
490;roundrobin;ssa;1.297596263;255;0.027;23.537;0.034465109395276
491;roundrobin;ssa;1.289200900;283;0.065;23.602;0.0351994025147571
205;roundrobin;ssa;32.341005867;554;0.034;10.173;0.0639327156526897
489;roundrobin;seadec;1.629979427;46;0.02;23.510;0.00853866866997741
498;roundrobin;SMA;.909192095;403;0.022;23.820;0.0386866425310276
499;roundrobin;SMA;.914308246;27;0.055;23.875;0.0044156703260322
488;roundrobin;ssa;2.051216227;572;0.023;23.490;0.0657184273159393
215;roundrobin;SMA;31.633671276;203;0.008;10.570;0.0260920139484302
507;roundrobin;seadec;.880190041;148;0.064;24.301;0.0196202016385114
506;roundrobin;ssa;1.037454749;578;0.104;24.237;0.0657184273159393
212;roundrobin;ssa;32.790259609;534;0.051;10.502;0.0656320663227048
505;roundrobin;SMA;1.562384987;27;0.144;24.133;0.0044156703260322
496;roundrobin;ssa;2.452478227;540;0.036;23.784;0.0656320663227048
497;roundrobin;ssa;2.394370375;550;0.014;23.798;0.0639327156526897
504;roundrobin;SMA;1.933163283;26;0.019;23.989;0.0044156703260322
230;roundrobin;seadec;31.237714062;53;0.028;11.293;0.00853866866997741
213;roundrobin;SMA;33.084301229;196;0.006;10.508;0.0260920139484302
514;roundrobin;SMA;.885258183;395;0.051;24.793;0.0386866425310276
198;roundrobin;ssa;34.860360851;495;0.037;9.998;0.0468428353029938
515;roundrobin;ssa;1.194896857;467;0.031;24.824;0.0463158279553995
239;roundrobin;seadec;31.491023319;165;0.052;11.758;0.0200366493973128
523;roundrobin;SMA;.878165612;363;0.052;25.794;0.0400802183599336
522;roundrobin;ssa;1.011257014;536;0.242;25.742;0.0656320663227048
512;roundrobin;ssa;2.794028497;446;0.036;24.682;0.0464705153781347
513;roundrobin;ssa;2.738066943;492;0.06;24.742;0.0468428353029938
220;roundrobin;SMA;34.343609585;35;0.054;10.848;0.00572928357269349
520;roundrobin;ssa;1.950354392;580;0.107;25.377;0.0657184273159393
521;roundrobin;ssa;1.802960841;108;0.123;25.500;0.0189752485931269
254;roundrobin;SMA;30.979066832;192;0.011;12.567;0.027678078136308
530;roundrobin;seadec;.891053483;83;0.095;26.396;0.0240361194750053
531;roundrobin;seadec;.894413110;132;0.071;26.467;0.0194549251238626
221;roundrobin;seadec;34.923499226;128;0.016;10.864;0.0194549251238626
263;roundrobin;SMA;31.340692655;41;0.035;13.030;0.00572928357269349
538;roundrobin;ssa;1.095930832;106;0.107;26.972;0.0189752485931269
539;roundrobin;seadec;.883186863;124;0.181;27.153;0.0194549251238626
228;roundrobin;seadec;35.488377674;126;0.022;11.206;0.0194549251238626
238;roundrobin;ssa;34.614235002;473;0.032;11.706;0.0463158279553995
529;roundrobin;ssa;2.677899603;471;0.039;26.301;0.0463158279553995
528;roundrobin;ssa;2.805006955;497;0.027;26.262;0.0472776063296307
546;roundrobin;SMA;.904521129;214;0;27.289;0.0262853423085934
536;roundrobin;ssa;1.901378200;246;0.029;26.846;0.034465109395276
537;roundrobin;ssa;1.891279443;589;0.019;26.865;0.0658004472335592
229;roundrobin;SMA;35.778250706;362;0.059;11.265;0.0400802183599336
547;roundrobin;SMA;.879545266;347;0.056;27.345;0.0427559244477954
278;roundrobin;SMA;30.578269398;14;0.064;14.107;0.00312822529954525
207;roundrobin;ssa;38.486533215;297;0.02;10.304;0.0354027676498525
247;roundrobin;SMA;34.516776392;169;0.138;12.251;0.0303277073168743
554;roundrobin;ssa;1.154044327;560;0.049;27.666;0.0650104625049824
552;roundrobin;SMA;1.471048669;216;0.103;27.615;0.0262853423085934
555;roundrobin;ssa;1.214733004;560;0.026;27.692;0.0650104625049824
236;roundrobin;seadec;36.340361817;144;0.045;11.654;0.0196202016385114
222;roundrobin;SMA;37.988138636;10;0.047;10.911;0.00312822529954525
562;roundrobin;SMA;.885928856;352;0.057;28.093;0.0427559244477954
237;roundrobin;SMA;36.648816979;374;0.02;11.674;0.0400802183599336
545;roundrobin;ssa;2.848348451;576;0.042;27.289;0.0657184273159393
563;roundrobin;seadec;.888985359;99;0.039;28.132;0.0200421445003984
544;roundrobin;ssa;3.055837526;434;0.022;27.247;0.0450325086617828
553;roundrobin;ssa;2.131952858;427;0.002;27.617;0.0450325086617828
570;roundrobin;SMA;.891490608;388;0.011;28.637;0.0385801680617862
561;roundrobin;seadec;2.288890484;83;0.221;28.036;0.0240361194750053
560;roundrobin;SMA;2.658771249;210;0.007;27.815;0.0260920139484302
244;roundrobin;SMA;37.149398637;356;0.029;12.106;0.0427559244477954
569;roundrobin;seadec;1.313931155;93;0.201;28.626;0.0200421445003984
571;roundrobin;ssa;1.190153445;551;0.02;28.657;0.0639327156526897
568;roundrobin;ssa;1.868051806;339;0.107;28.425;0.0377148729094167
287;roundrobin;ssa;33.047079365;570;0.023;14.472;0.0650104625049824
578;roundrobin;seadec;.891017986;80;0.005;28.910;0.0240361194750053
262;roundrobin;ssa;36.011447777;533;0.002;12.995;0.0656320663227048
245;roundrobin;ssa;37.928436929;592;0.003;12.109;0.0658004472335592
579;roundrobin;ssa;1.184844501;593;0.028;28.938;0.0658004472335592
577;roundrobin;SMA;1.470178187;216;0.05;28.905;0.0262853423085934
576;roundrobin;SMA;1.676397826;3;0.004;28.855;0.00312822529954525
586;roundrobin;SMA;.881440335;23;0.061;29.209;0.0044156703260322
585;roundrobin;SMA;1.048601961;392;0.018;29.148;0.0386866425310276
587;roundrobin;seadec;.929895817;49;0.001;29.210;0.00853866866997741
231;roundrobin;ssa;40.042478864;520;0.229;11.522;0.0482841409439691
584;roundrobin;ssa;1.661981942;470;0.003;29.130;0.0463158279553995
594;roundrobin;SMA;.920332275;365;0.072;29.352;0.0400802183599336
595;roundrobin;SMA;.876085182;7;0.038;29.390;0.00312822529954525
252;roundrobin;ssa;38.623693027;261;0.043;12.556;0.0351769567303275
253;roundrobin;seadec;38.743339116;86;0;12.556;0.0240361194750053
246;roundrobin;SMA;39.784836505;414;0.004;12.113;0.0423559013427496
592;roundrobin;ssa;2.071367119;444;0.003;29.270;0.0464705153781347
602;roundrobin;SMA;.897399504;383;0.002;29.925;0.0385801680617862
600;roundrobin;seadec;1.344674082;123;0.086;29.897;0.0194549251238626
601;roundrobin;SMA;1.298515479;360;0.026;29.923;0.0427559244477954
603;roundrobin;ssa;1.257776975;440;0.039;29.964;0.0464705153781347
593;roundrobin;ssa;2.645219628;296;0.01;29.280;0.0354027676498525
255;roundrobin;seadec;39.915579782;74;0.038;12.605;0.00929623085818988
608;roundrobin;seadec;1.393086088;57;0.015;30.108;0.00853866866997741
611;roundrobin;ssa;1.334716248;559;0.001;30.263;0.0650104625049824
610;roundrobin;ssa;1.474708128;466;0.056;30.262;0.0463158279553995
260;roundrobin;ssa;40.271545193;582;0.087;12.834;0.0657184273159393
617;roundrobin;SMA;.968229459;182;0.066;30.525;0.027678078136308
609;roundrobin;SMA;1.916007670;34;0.098;30.206;0.00572928357269349
619;roundrobin;SMA;.905673547;36;0.046;30.579;0.00572928357269349
618;roundrobin;ssa;1.175409979;249;0.008;30.533;0.034465109395276
270;roundrobin;SMA;39.683194732;225;0.026;13.328;0.0262853423085934
261;roundrobin;ssa;40.504795177;483;0.159;12.993;0.0468428353029938
616;roundrobin;ssa;1.696287461;456;0.095;30.459;0.0462637861154206
626;roundrobin;seadec;.920276242;63;0.006;30.864;0.00929623085818988
627;roundrobin;ssa;1.014821011;562;0.118;30.982;0.0650104625049824
624;roundrobin;ssa;1.898570612;443;0.025;30.793;0.0464705153781347
625;roundrobin;ssa;1.906424898;427;0.065;30.858;0.0450325086617828
632;roundrobin;SMA;1.210873195;202;0.008;31.218;0.0260920139484302
634;roundrobin;SMA;.868525613;178;0.012;31.509;0.0303277073168743
635;roundrobin;SMA;.858929112;367;0.065;31.574;0.0400802183599336
268;roundrobin;ssa;41.900532921;331;0.112;13.250;0.0377148729094167
633;roundrobin;ssa;1.445275012;515;0.279;31.497;0.0482841409439691
640;roundrobin;SMA;1.083515455;227;0.014;31.902;0.0294444332989678
641;roundrobin;SMA;1.023911102;400;0.141;32.043;0.0386866425310276
269;roundrobin;ssa;42.580768487;495;0.052;13.302;0.0468428353029938
642;roundrobin;ssa;1.106709915;571;0.02;32.063;0.0657184273159393
643;roundrobin;ssa;1.247731170;254;0.032;32.095;0.034465109395276
271;roundrobin;ssa;42.738544545;455;0.081;13.409;0.0462637861154206
650;roundrobin;SMA;.859877732;16;0.227;32.576;0.0044156703260322
302;roundrobin;ssa;39.569913302;464;0.105;15.249;0.0462637861154206
651;roundrobin;SMA;.852572087;43;0.009;32.585;0.00572928357269349
276;roundrobin;SMA;42.448261261;352;0.196;14.037;0.0427559244477954
648;roundrobin;ssa;1.505733860;522;0.02;32.322;0.0482841409439691
649;roundrobin;ssa;1.481270756;506;0.027;32.349;0.0472776063296307
656;roundrobin;seadec;.968094247;78;0.019;32.857;0.0240361194750053
657;roundrobin;seadec;.943706898;126;0.221;33.078;0.0194549251238626
658;roundrobin;SMA;.885357618;368;0.019;33.097;0.0400802183599336
277;roundrobin;SMA;43.151489747;228;0.006;14.043;0.0294444332989678
659;roundrobin;ssa;1.051880821;563;0.029;33.126;0.0650104625049824
664;roundrobin;ssa;1.329674952;331;0.027;33.270;0.0377148729094167
667;roundrobin;ssa;1.309143186;286;0.026;33.450;0.0354027676498525
666;roundrobin;ssa;1.421066724;539;0.033;33.424;0.0656320663227048
665;roundrobin;ssa;1.736609073;463;0.121;33.391;0.0462637861154206
284;roundrobin;ssa;43.819468068;543;0.049;14.431;0.0639327156526897
285;roundrobin;seadec;43.948648650;65;0.018;14.449;0.00929623085818988
673;roundrobin;SMA;1.316264270;25;0.041;33.661;0.0044156703260322
672;roundrobin;SMA;1.447617555;195;0.066;33.620;0.027678078136308
675;roundrobin;ssa;1.364712154;300;0.032;33.709;0.0354027676498525
674;roundrobin;ssa;1.486612834;552;0.016;33.677;0.0639327156526897
680;roundrobin;SMA;1.023891704;393;0.085;34.018;0.0386866425310276
681;roundrobin;SMA;1.034479758;226;0.029;34.047;0.0294444332989678
682;roundrobin;ssa;1.139685442;544;0.002;34.049;0.0639327156526897
683;roundrobin;ssa;1.210664228;575;0.049;34.098;0.0657184273159393
688;roundrobin;seadec;.745464366;124;0.117;34.456;0.0194549251238626
689;roundrobin;SMA;.708533159;25;0.022;34.478;0.0044156703260322
690;roundrobin;ssa;1.079808476;253;0.009;34.487;0.034465109395276
286;roundrobin;seadec;45.784856821;87;0;14.449;0.0240361194750053
691;roundrobin;SMA;.891844899;225;0.203;34.690;0.0262853423085934
292;roundrobin;ssa;45.435068404;544;0.052;14.659;0.0639327156526897
311;roundrobin;ssa;43.454217694;254;0.023;15.721;0.034465109395276
279;roundrobin;ssa;47.064052223;317;0.05;14.157;0.0369276456170677
293;roundrobin;ssa;45.781028144;440;0.014;14.673;0.0464705153781347
697;roundrobin;SMA;.751692132;177;0.013;34.996;0.0303277073168743
696;roundrobin;seadec;.809187677;67;0.05;34.983;0.00929623085818988
699;roundrobin;ssa;1.283965285;266;0.019;35.054;0.0351769567303275
698;roundrobin;ssa;1.588837916;439;0.039;35.035;0.0464705153781347
294;roundrobin;SMA;46.778021765;375;0.033;14.706;0.0400802183599336
705;roundrobin;SMA;.998890642;34;0.015;35.363;0.00572928357269349
706;roundrobin;seadec;1.013227325;104;0.029;35.392;0.0200421445003984
704;roundrobin;ssa;1.176147885;540;0.113;35.348;0.0656320663227048
301;roundrobin;SMA;46.585511928;239;0.183;15.144;0.0294444332989678
707;roundrobin;ssa;1.378868266;457;0.071;35.463;0.0462637861154206
300;roundrobin;ssa;46.977253204;265;0.021;14.961;0.0351769567303275
712;roundrobin;ssa;1.041003833;517;0.011;35.743;0.0482841409439691
295;roundrobin;ssa;47.666075095;563;0.021;14.727;0.0650104625049824
715;roundrobin;seadec;.878335512;53;0.028;36.056;0.00853866866997741
713;roundrobin;ssa;1.254299294;261;0.178;35.921;0.0351769567303275
714;roundrobin;ssa;1.227097168;285;0.107;36.028;0.0351994025147571
720;roundrobin;SMA;.843016641;234;0.024;36.235;0.0294444332989678
721;roundrobin;SMA;.878728218;225;0.023;36.258;0.0262853423085934
326;roundrobin;ssa;44.948917767;580;0.035;16.362;0.0657184273159393
722;roundrobin;SMA;.888377290;3;0.024;36.282;0.00312822529954525
723;roundrobin;SMA;.874804269;375;0.039;36.321;0.0400802183599336
309;roundrobin;SMA;47.167749855;171;0.117;15.692;0.0303277073168743
308;roundrobin;SMA;47.551304782;404;0.098;15.575;0.0386866425310276
730;roundrobin;SMA;.852347798;12;0.177;36.748;0.00312822529954525
335;roundrobin;SMA;45.319390136;220;0.001;16.723;0.0262853423085934
303;roundrobin;ssa;48.933095195;242;0.052;15.301;0.034465109395276
728;roundrobin;ssa;1.514267923;449;0.001;36.562;0.0464705153781347
729;roundrobin;ssa;1.457907249;280;0.009;36.571;0.0351994025147571
731;roundrobin;ssa;1.197681795;454;0.013;36.761;0.0462637861154206
317;roundrobin;SMA;47.880454340;4;0.033;16.096;0.00312822529954525
738;roundrobin;ssa;1.025407694;551;0.183;37.289;0.0639327156526897
316;roundrobin;SMA;48.100087094;420;0.032;16.063;0.0423559013427496
739;roundrobin;SMA;.856888254;187;0.147;37.436;0.027678078136308
318;roundrobin;SMA;48.043147830;386;0.015;16.111;0.0385801680617862
736;roundrobin;ssa;1.598101118;297;0.055;37.095;0.0354027676498525
737;roundrobin;ssa;1.739551657;560;0.011;37.106;0.0650104625049824
744;roundrobin;SMA;.960921037;235;0;37.599;0.0294444332989678
746;roundrobin;SMA;.868018081;215;0.044;37.791;0.0262853423085934
747;roundrobin;seadec;.876662169;57;0.032;37.823;0.00853866866997741
327;roundrobin;seadec;48.308245162;52;0.129;16.491;0.00853866866997741
753;roundrobin;seadec;.766579344;143;0.092;38.268;0.0196202016385114
752;roundrobin;seadec;.994852554;156;0.118;38.176;0.0200366493973128
325;roundrobin;seadec;49.045981656;159;0.005;16.327;0.0200366493973128
310;roundrobin;ssa;50.734235725;342;0.006;15.698;0.0377148729094167
745;roundrobin;SMA;2.073456008;8;0.148;37.747;0.00312822529954525
754;roundrobin;ssa;1.235835294;287;0.06;38.328;0.0354027676498525
350;roundrobin;ssa;46.858545222;242;0.003;17.332;0.034465109395276
324;roundrobin;ssa;49.724824596;506;0.041;16.322;0.0472776063296307
755;roundrobin;ssa;1.450381635;456;0.001;38.329;0.0462637861154206
760;roundrobin;ssa;1.065655510;324;0.083;38.508;0.0369276456170677
763;roundrobin;seadec;.949129803;104;0.023;38.616;0.0200421445003984
762;roundrobin;ssa;1.291577018;508;0.083;38.593;0.0472776063296307
761;roundrobin;ssa;1.531535854;245;0.002;38.510;0.034465109395276
770;roundrobin;SMA;.871598413;349;0.026;38.860;0.0427559244477954
771;roundrobin;SMA;.889888040;2;0.037;38.897;0.00312822529954525
769;roundrobin;SMA;1.271823810;31;0.024;38.834;0.00572928357269349
778;roundrobin;SMA;.871042861;9;0.035;39.148;0.00312822529954525
333;roundrobin;ssa;50.671732946;342;0.024;16.668;0.0377148729094167
776;roundrobin;SMA;1.175148460;417;0.036;39.054;0.0423559013427496
768;roundrobin;ssa;1.823956462;422;0.058;38.810;0.0450325086617828
777;roundrobin;seadec;1.157669127;134;0.059;39.113;0.0194549251238626
779;roundrobin;ssa;1.052850911;117;0.101;39.249;0.0189752485931269
332;roundrobin;ssa;51.277877655;600;0.034;16.644;0.0658004472335592
787;roundrobin;ssa;1.168549827;118;0.028;39.363;0.0189752485931269
784;roundrobin;SMA;1.546320615;347;0;39.299;0.0427559244477954
786;roundrobin;ssa;1.483910219;423;0.019;39.335;0.0450325086617828
359;roundrobin;ssa;48.844207450;517;0.074;17.793;0.0482841409439691
792;roundrobin;seadec;1.155428842;91;0.034;39.621;0.0200421445003984
785;roundrobin;ssa;1.820000644;467;0.017;39.316;0.0463158279553995
794;roundrobin;SMA;.927983703;20;0.099;39.771;0.0044156703260322
793;roundrobin;seadec;1.090115657;63;0.051;39.672;0.00929623085818988
795;roundrobin;ssa;1.203839944;342;0.019;39.790;0.0377148729094167
374;roundrobin;SMA;48.080867148;206;0.07;18.421;0.0260920139484302
802;roundrobin;seadec;.888539123;89;0.025;40.261;0.0240361194750053
803;roundrobin;SMA;.873898244;382;0.011;40.272;0.0385801680617862
801;roundrobin;seadec;1.018061815;95;0.003;40.236;0.0200421445003984
341;roundrobin;ssa;52.353259558;492;0.092;17.030;0.0468428353029938
340;roundrobin;ssa;52.581345479;511;0.019;16.938;0.0482841409439691
800;roundrobin;ssa;1.555413612;472;0.059;40.233;0.0463158279553995
383;roundrobin;seadec;48.162358080;131;0.025;18.851;0.0194549251238626
808;roundrobin;ssa;1.180859572;241;0.085;40.522;0.034465109395276
810;roundrobin;seadec;.889395477;160;0.092;40.726;0.0200366493973128
809;roundrobin;ssa;1.291647409;485;0.112;40.634;0.0468428353029938
811;roundrobin;ssa;1.000592876;541;0.115;40.841;0.0639327156526897
349;roundrobin;SMA;53.250423869;172;0.054;17.329;0.0303277073168743
342;roundrobin;ssa;54.039962015;445;0.015;17.045;0.0464705153781347
816;roundrobin;ssa;.924113393;547;0.133;41.292;0.0639327156526897
817;roundrobin;SMA;.798699142;223;0.083;41.375;0.0262853423085934
398;roundrobin;seadec;48.179115270;153;0.077;19.458;0.0200366493973128
818;roundrobin;SMA;.856448597;227;0.03;41.405;0.0294444332989678
819;roundrobin;ssa;1.078604876;520;0.105;41.510;0.0482841409439691
348;roundrobin;ssa;54.368745126;468;0.004;17.275;0.0463158279553995
825;roundrobin;seadec;.782576237;126;0.051;41.754;0.0194549251238626
824;roundrobin;ssa;.962714358;117;0.007;41.703;0.0189752485931269
826;roundrobin;SMA;.862578699;168;0.113;41.867;0.0303277073168743
827;roundrobin;SMA;.886252944;368;0.033;41.900;0.0400802183599336
319;roundrobin;ssa;57.816792752;472;0.072;16.183;0.0463158279553995
357;roundrobin;seadec;54.083947484;55;0.146;17.715;0.00853866866997741
833;roundrobin;SMA;1.101502554;37;0.036;42.023;0.00572928357269349
834;roundrobin;ssa;1.308573222;338;0.05;42.073;0.0377148729094167
835;roundrobin;ssa;1.313271758;562;0.093;42.166;0.0650104625049824
832;roundrobin;ssa;1.719168648;504;0.013;41.987;0.0472776063296307
356;roundrobin;seadec;55.261463001;53;0.013;17.569;0.00853866866997741
841;roundrobin;SMA;1.156378029;216;0.013;42.323;0.0262853423085934
843;roundrobin;seadec;.908930669;50;0.06;42.475;0.00853866866997741
842;roundrobin;ssa;1.066130916;597;0.092;42.415;0.0658004472335592
840;roundrobin;ssa;1.365216394;274;0.024;42.310;0.0351994025147571
351;roundrobin;ssa;56.818473365;273;0.004;17.336;0.0351994025147571
848;roundrobin;SMA;.792969713;188;0.126;42.978;0.027678078136308
365;roundrobin;ssa;55.242291892;111;0.047;17.999;0.0189752485931269
850;roundrobin;seadec;.878744715;75;0.105;43.148;0.00929623085818988
849;roundrobin;ssa;1.178900713;447;0.065;43.043;0.0464705153781347
851;roundrobin;SMA;.909824515;390;0.006;43.154;0.0385801680617862
364;roundrobin;seadec;55.964658159;104;0.048;17.952;0.0200421445003984
856;roundrobin;SMA;.856922275;21;0.024;43.309;0.0044156703260322
857;roundrobin;SMA;.770386359;414;0.035;43.344;0.0423559013427496
407;roundrobin;ssa;52.145007769;341;0.01;19.729;0.0377148729094167
858;roundrobin;ssa;1.229702611;480;0.066;43.410;0.0463158279553995
859;roundrobin;SMA;.859230909;233;0.212;43.622;0.0294444332989678
373;roundrobin;seadec;56.005632280;122;0.029;18.351;0.0194549251238626
334;roundrobin;ssa;60.690726507;303;0.054;16.722;0.0360930160445306
865;roundrobin;SMA;.717049675;191;0.062;44.077;0.027678078136308
864;roundrobin;ssa;1.034211923;253;0.06;44.015;0.034465109395276
372;roundrobin;SMA;56.627349833;364;0.1;18.322;0.0400802183599336
422;roundrobin;seadec;51.585624297;131;0.027;20.401;0.0194549251238626
867;roundrobin;seadec;.876210173;161;0.009;44.102;0.0200366493973128
366;roundrobin;ssa;57.665416563;540;0.033;18.032;0.0656320663227048
866;roundrobin;ssa;1.197090169;506;0.016;44.093;0.0472776063296307
343;roundrobin;SMA;60.640037697;24;0.048;17.093;0.0044156703260322
872;roundrobin;SMA;.931134350;189;0.085;44.306;0.027678078136308
874;roundrobin;SMA;.877107122;204;0.003;44.330;0.0260920139484302
875;roundrobin;ssa;1.128357310;558;0.072;44.402;0.0650104625049824
375;roundrobin;seadec;57.601301572;47;0.019;18.440;0.00853866866997741
873;roundrobin;ssa;1.483494936;470;0.021;44.327;0.0463158279553995
882;roundrobin;SMA;.889694020;367;0.077;44.788;0.0400802183599336
883;roundrobin;SMA;.875585266;402;0.045;44.833;0.0386866425310276
880;roundrobin;ssa;1.327734596;120;0.047;44.665;0.0189752485931269
381;roundrobin;ssa;57.697798494;446;0.097;18.817;0.0464705153781347
380;roundrobin;ssa;57.934066492;110;0.13;18.720;0.0189752485931269
881;roundrobin;ssa;1.580804153;500;0.046;44.711;0.0472776063296307
890;roundrobin;SMA;.893566880;377;0.032;45.157;0.0385801680617862
891;roundrobin;ssa;1.123398995;336;0.079;45.236;0.0377148729094167
889;roundrobin;ssa;1.679980802;290;0.033;45.125;0.0354027676498525
888;roundrobin;ssa;1.866671040;475;0.05;45.092;0.0463158279553995
389;roundrobin;SMA;58.728822234;420;0.027;19.075;0.0423559013427496
898;roundrobin;ssa;1.357206383;271;0.127;45.908;0.0351994025147571
899;roundrobin;ssa;1.295711777;588;0.064;45.972;0.0658004472335592
896;roundrobin;ssa;1.899663930;489;0.237;45.632;0.0468428353029938
390;roundrobin;ssa;59.261409435;573;0.002;19.077;0.0657184273159393
897;roundrobin;ssa;1.823944081;521;0.149;45.781;0.0482841409439691
904;roundrobin;SMA;1.218468369;8;0.007;46.104;0.00312822529954525
388;roundrobin;ssa;59.641088958;458;0.017;19.048;0.0462637861154206
905;roundrobin;seadec;1.185562310;47;0.017;46.121;0.00853866866997741
912;roundrobin;SMA;.881303453;31;0.025;46.515;0.00572928357269349
907;roundrobin;ssa;1.460311629;501;0.037;46.189;0.0472776063296307
906;roundrobin;ssa;1.677564759;494;0.031;46.152;0.0468428353029938
914;roundrobin;SMA;.953232745;189;0.133;46.668;0.027678078136308
915;roundrobin;SMA;.911454487;199;0.011;46.679;0.0260920139484302
397;roundrobin;seadec;59.791970499;144;0.028;19.381;0.0196202016385114
920;roundrobin;SMA;.703985307;193;0.066;46.992;0.027678078136308
921;roundrobin;SMA;.957555427;394;0.035;47.027;0.0386866425310276
922;roundrobin;SMA;.866953263;383;0.069;47.096;0.0385801680617862
913;roundrobin;ssa;2.211471537;326;0.02;46.535;0.0369276456170677
923;roundrobin;ssa;1.048783432;563;0.06;47.156;0.0650104625049824
396;roundrobin;ssa;61.158356330;555;0.114;19.353;0.0639327156526897
928;roundrobin;seadec;.806277630;104;0.024;47.411;0.0200421445003984
931;roundrobin;seadec;.928374451;96;0.01;47.537;0.0200421445003984
929;roundrobin;ssa;1.136969713;465;0.111;47.522;0.0462637861154206
930;roundrobin;ssa;1.131467108;325;0.005;47.527;0.0369276456170677
431;roundrobin;ssa;58.016062661;445;0.021;20.943;0.0464705153781347
358;roundrobin;ssa;66.060902762;428;0.004;17.719;0.0450325086617828
405;roundrobin;ssa;61.182494253;522;0.001;19.687;0.0482841409439691
937;roundrobin;SMA;1.093139593;42;0.014;48.159;0.00572928357269349
367;roundrobin;SMA;66.136377650;205;0.038;18.070;0.0260920139484302
936;roundrobin;ssa;1.307793109;555;0.165;48.145;0.0639327156526897
939;roundrobin;ssa;1.298259385;255;0.016;48.191;0.034465109395276
938;roundrobin;ssa;1.356979458;600;0.016;48.175;0.0658004472335592
404;roundrobin;ssa;62.594138671;106;0.118;19.686;0.0189752485931269
399;roundrobin;ssa;63.265379164;328;0.002;19.460;0.0369276456170677
947;roundrobin;SMA;.859742390;390;0.023;48.486;0.0385801680617862
946;roundrobin;ssa;1.275948648;578;0.002;48.463;0.0657184273159393
413;roundrobin;SMA;62.339602847;34;0.015;19.943;0.00572928357269349
382;roundrobin;SMA;65.349838266;181;0.009;18.826;0.027678078136308
954;roundrobin;SMA;.872577913;193;0.061;48.816;0.027678078136308
955;roundrobin;SMA;.874870853;8;0.073;48.889;0.00312822529954525
945;roundrobin;ssa;1.917459168;437;0.027;48.461;0.0464705153781347
414;roundrobin;seadec;62.840255350;52;0.113;20.056;0.00853866866997741
944;roundrobin;ssa;2.146523995;562;0.008;48.434;0.0650104625049824
952;roundrobin;ssa;1.750172537;256;0.015;48.723;0.0351769567303275
963;roundrobin;SMA;.841330127;362;0.031;49.210;0.0400802183599336
953;roundrobin;ssa;1.934052921;475;0.032;48.755;0.0463158279553995
962;roundrobin;ssa;1.047261938;538;0.08;49.179;0.0656320663227048
961;roundrobin;SMA;1.405182445;178;0.049;49.099;0.0303277073168743
960;roundrobin;seadec;1.624887750;96;0.029;49.050;0.0200421445003984
412;roundrobin;ssa;64.089342097;566;0.018;19.928;0.0650104625049824
421;roundrobin;SMA;63.100836807;180;0.069;20.374;0.0303277073168743
423;roundrobin;SMA;62.730747815;33;0.254;20.655;0.00572928357269349
968;roundrobin;SMA;.759313585;211;0.165;49.813;0.0262853423085934
969;roundrobin;SMA;.680141799;229;0.143;49.956;0.0294444332989678
970;roundrobin;SMA;.888271901;230;0.006;49.962;0.0294444332989678
438;roundrobin;SMA;62.165145119;4;0.004;21.399;0.00312822529954525
971;roundrobin;ssa;1.283248645;463;0.039;50.001;0.0462637861154206
976;roundrobin;SMA;.860677336;222;0.156;50.268;0.0262853423085934
420;roundrobin;seadec;65.021170486;59;0.078;20.305;0.00853866866997741
977;roundrobin;ssa;.977514236;510;0.019;50.287;0.0472776063296307
979;roundrobin;SMA;.851574599;21;0.131;50.445;0.0044156703260322
391;roundrobin;ssa;68.280644873;292;0.033;19.110;0.0354027676498525
429;roundrobin;ssa;64.439773523;585;0.025;20.752;0.0657184273159393
447;roundrobin;seadec;62.357399717;62;0.085;21.833;0.00929623085818988
978;roundrobin;ssa;1.282819657;458;0.027;50.314;0.0462637861154206
984;roundrobin;SMA;.835654934;172;0.003;50.568;0.0303277073168743
985;roundrobin;seadec;.763845969;123;0.159;50.727;0.0194549251238626
986;roundrobin;SMA;.899012680;415;0.001;50.728;0.0423559013427496
987;roundrobin;SMA;.859446778;228;0.166;50.894;0.0294444332989678
462;roundrobin;seadec;61.805344827;50;0.043;22.550;0.00853866866997741
428;roundrobin;SMA;65.818708614;40;0.005;20.727;0.00572928357269349
992;roundrobin;ssa;1.044352433;534;0.061;51.304;0.0656320663227048
437;roundrobin;seadec;65.074356283;69;0.054;21.395;0.00929623085818988
993;roundrobin;ssa;1.059802792;555;0.012;51.316;0.0639327156526897
995;roundrobin;SMA;.866657183;23;0.003;51.373;0.0044156703260322
994;roundrobin;ssa;1.105202770;243;0.054;51.370;0.034465109395276
446;roundrobin;ssa;64.575659888;462;0.041;21.748;0.0462637861154206
436;roundrobin;SMA;66.419830705;17;0.157;21.341;0.0044156703260322
406;roundrobin;ssa;70.145161335;584;0.032;19.719;0.0657184273159393
455;roundrobin;seadec;64.866837239;78;0.032;22.114;0.0240361194750053
471;roundrobin;ssa;63.552333588;553;0.039;22.958;0.0639327156526897
445;roundrobin;ssa;66.870294206;431;0.039;21.707;0.0450325086617828
415;roundrobin;seadec;70.321144164;103;0.053;20.109;0.0200421445003984
486;roundrobin;seadec;63.283712533;46;0.058;23.421;0.00853866866997741
444;roundrobin;ssa;68.071424412;322;0.018;21.668;0.0369276456170677
453;roundrobin;SMA;67.671852404;364;0.023;22.065;0.0400802183599336
430;roundrobin;ssa;70.911582330;595;0.17;20.922;0.0658004472335592
452;roundrobin;ssa;69.697685534;433;0.007;22.042;0.0450325086617828
470;roundrobin;ssa;67.878938013;332;0.025;22.919;0.0377148729094167
495;roundrobin;ssa;65.974524978;258;0.005;23.748;0.0351769567303275
461;roundrobin;ssa;69.214471970;301;0.012;22.507;0.0360930160445306
479;roundrobin;seadec;68.103616283;104;0.008;23.225;0.0200421445003984
439;roundrobin;ssa;72.713121979;535;0.011;21.410;0.0656320663227048
460;roundrobin;SMA;70.545347937;10;0.085;22.495;0.00312822529954525
494;roundrobin;SMA;67.836225130;33;0.018;23.743;0.00572928357269349
469;roundrobin;ssa;70.612464505;290;0.001;22.894;0.0354027676498525
503;roundrobin;seadec;68.285289295;149;0.07;23.970;0.0196202016385114
468;roundrobin;SMA;71.333786401;201;0.054;22.893;0.0260920139484302
454;roundrobin;ssa;74.031320917;571;0.017;22.082;0.0657184273159393
477;roundrobin;SMA;71.604278332;178;0.056;23.204;0.0303277073168743
510;roundrobin;ssa;69.129772559;319;0.008;24.415;0.0369276456170677
476;roundrobin;seadec;72.459151622;63;0.062;23.148;0.00929623085818988
485;roundrobin;seadec;72.779029934;88;0.001;23.363;0.0240361194750053
484;roundrobin;seadec;73.436908244;78;0.032;23.362;0.0240361194750053
518;roundrobin;ssa;70.604652091;282;0.051;24.941;0.0351994025147571
463;roundrobin;ssa;76.843851893;269;0.036;22.586;0.0351769567303275
493;roundrobin;ssa;74.221552809;532;0.115;23.725;0.0656320663227048
527;roundrobin;SMA;70.020687561;409;0.033;26.235;0.0423559013427496
492;roundrobin;seadec;74.503783406;77;0.008;23.610;0.0240361194750053
478;roundrobin;SMA;76.405740931;416;0.013;23.217;0.0423559013427496
501;roundrobin;seadec;75.403788035;127;0.001;23.878;0.0194549251238626
487;roundrobin;SMA;76.781725918;355;0.046;23.467;0.0427559244477954
500;roundrobin;ssa;76.313936430;460;0.002;23.877;0.0462637861154206
509;roundrobin;SMA;76.205524801;186;0.069;24.407;0.027678078136308
519;roundrobin;ssa;75.040819340;445;0.329;25.270;0.0464705153781347
542;roundrobin;ssa;72.103830999;279;0.011;27.224;0.0351994025147571
508;roundrobin;SMA;77.245907383;391;0.037;24.338;0.0386866425310276
534;roundrobin;SMA;73.848715592;360;0.157;26.815;0.0427559244477954
551;roundrobin;seadec;72.411598038;47;0.047;27.512;0.00853866866997741
517;roundrobin;SMA;77.048224866;184;0.008;24.890;0.027678078136308
543;roundrobin;seadec;74.076425454;79;0.001;27.225;0.0240361194750053
566;roundrobin;SMA;71.632626910;8;0.019;28.278;0.00312822529954525
516;roundrobin;ssa;78.649871509;281;0.058;24.882;0.0351994025147571
525;roundrobin;seadec;77.158955592;146;0.219;26.118;0.0196202016385114
558;roundrobin;seadec;73.637986885;46;0.014;27.799;0.00853866866997741
575;roundrobin;SMA;71.510643122;196;0.007;28.851;0.0260920139484302
567;roundrobin;SMA;73.728525155;185;0.04;28.318;0.027678078136308
524;roundrobin;SMA;78.947155625;32;0.105;25.899;0.00572928357269349
533;roundrobin;seadec;77.888833500;164;0.112;26.658;0.0200366493973128
590;roundrobin;ssa;73.236820485;519;0.034;29.252;0.0482841409439691
532;roundrobin;SMA;79.659844912;401;0.079;26.546;0.0386866425310276
541;roundrobin;SMA;78.654624531;43;0.02;27.213;0.00572928357269349
502;roundrobin;ssa;83.955808481;478;0.022;23.900;0.0463158279553995
599;roundrobin;seadec;73.298467260;121;0.034;29.811;0.0194549251238626
511;roundrobin;SMA;83.853536099;192;0.231;24.646;0.027678078136308
549;roundrobin;seadec;79.640494853;77;0.025;27.449;0.0240361194750053
582;roundrobin;ssa;76.229376661;311;0.096;29.089;0.0360930160445306
540;roundrobin;ssa;81.183238754;488;0.04;27.193;0.0468428353029938
591;roundrobin;SMA;76.693208669;237;0.015;29.267;0.0294444332989678
557;roundrobin;ssa;81.053927898;564;0.09;27.785;0.0650104625049824
548;roundrobin;SMA;82.121466832;172;0.079;27.424;0.0303277073168743
565;roundrobin;SMA;81.706048823;371;0.082;28.259;0.0400802183599336
556;roundrobin;SMA;83.101354823;22;0.003;27.695;0.0044156703260322
573;roundrobin;SMA;82.308941983;369;0.074;28.761;0.0400802183599336
606;roundrobin;ssa;79.114683736;281;0.009;30.047;0.0351994025147571
564;roundrobin;SMA;83.835436302;2;0.045;28.177;0.00312822529954525
614;roundrobin;ssa;79.017457801;446;0.011;30.364;0.0464705153781347
526;roundrobin;ssa;89.440089605;464;0.084;26.202;0.0462637861154206
572;roundrobin;SMA;84.394218782;396;0.03;28.687;0.0386866425310276
623;roundrobin;SMA;79.355664420;199;0.085;30.768;0.0260920139484302
581;roundrobin;ssa;83.832211972;245;0.041;28.993;0.034465109395276
615;roundrobin;ssa;81.127381519;517;0;30.364;0.0482841409439691
580;roundrobin;SMA;85.514965219;217;0.014;28.952;0.0262853423085934
589;roundrobin;ssa;85.743670579;263;0.008;29.218;0.0351769567303275
638;roundrobin;ssa;80.231899829;515;0.052;31.830;0.0482841409439691
588;roundrobin;SMA;86.556132115;416;0;29.210;0.0423559013427496
630;roundrobin;ssa;82.262931993;554;0.003;31.204;0.0639327156526897
647;roundrobin;SMA;80.484178320;1;0.045;32.302;0.00312822529954525
597;roundrobin;SMA;86.532712475;234;0.032;29.688;0.0294444332989678
596;roundrobin;SMA;87.447838480;357;0.266;29.656;0.0427559244477954
605;roundrobin;seadec;87.410307071;68;0.021;30.038;0.00929623085818988
639;roundrobin;ssa;83.561703387;518;0.058;31.888;0.0482841409439691
604;roundrobin;ssa;89.106544946;438;0.053;30.017;0.0464705153781347
535;roundrobin;ssa;97.037069070;477;0.002;26.817;0.0463158279553995
613;roundrobin;ssa;89.104595802;489;0.085;30.353;0.0468428353029938
654;roundrobin;ssa;84.763021317;585;0.069;32.830;0.0657184273159393
612;roundrobin;seadec;90.182330311;70;0.005;30.268;0.00929623085818988
663;roundrobin;SMA;84.995233807;403;0.046;33.243;0.0386866425310276
621;roundrobin;SMA;90.119441251;44;0.003;30.618;0.00572928357269349
550;roundrobin;ssa;98.781212700;559;0.016;27.465;0.0650104625049824
678;roundrobin;SMA;84.548856315;205;0.042;33.903;0.0260920139484302
662;roundrobin;ssa;86.306354402;445;0.024;33.197;0.0464705153781347
620;roundrobin;ssa;91.763123924;321;0.036;30.615;0.0369276456170677
629;roundrobin;SMA;90.735268168;415;0.085;31.201;0.0423559013427496
559;roundrobin;seadec;98.892913517;140;0.009;27.808;0.0196202016385114
687;roundrobin;seadec;84.678903785;87;0.034;34.339;0.0240361194750053
637;roundrobin;SMA;91.271771283;419;0.186;31.778;0.0423559013427496
628;roundrobin;ssa;93.014733277;548;0.134;31.116;0.0639327156526897
671;roundrobin;ssa;88.331539879;564;0.004;33.554;0.0650104625049824
645;roundrobin;seadec;92.035480874;73;0.118;32.214;0.00929623085818988
636;roundrobin;SMA;93.709719081;19;0.018;31.592;0.0044156703260322
653;roundrobin;ssa;93.404992796;248;0.109;32.761;0.034465109395276
644;roundrobin;ssa;95.010261198;302;0.001;32.096;0.0360930160445306
686;roundrobin;ssa;90.975687276;304;0.137;34.305;0.0360930160445306
661;roundrobin;SMA;94.279197631;397;0.046;33.173;0.0386866425310276
702;roundrobin;ssa;89.965864458;436;0.026;35.185;0.0464705153781347
695;roundrobin;SMA;90.656859405;210;0.007;34.933;0.0260920139484302
652;roundrobin;ssa;96.331598107;526;0.067;32.652;0.0656320663227048
710;roundrobin;seadec;90.221342731;86;0.089;35.653;0.0240361194750053
574;roundrobin;ssa;105.370311183;482;0.083;28.844;0.0468428353029938
669;roundrobin;SMA;95.222923699;362;0.039;33.499;0.0400802183599336
583;roundrobin;SMA;105.535455750;210;0.038;29.127;0.0260920139484302
719;roundrobin;seadec;90.124198804;102;0.071;36.211;0.0200421445003984
660;roundrobin;SMA;97.178726094;183;0.001;33.127;0.027678078136308
677;roundrobin;SMA;96.120649288;213;0.083;33.861;0.0262853423085934
734;roundrobin;SMA;89.679420619;19;0.073;36.921;0.0044156703260322
743;roundrobin;seadec;89.450125230;67;0.064;37.599;0.00929623085818988
668;roundrobin;ssa;98.729720234;336;0.01;33.460;0.0377148729094167
685;roundrobin;seadec;97.114434215;96;0.03;34.168;0.0200421445003984
598;roundrobin;ssa;107.033852499;590;0.089;29.777;0.0658004472335592
758;roundrobin;seadec;88.918982368;54;0.046;38.403;0.00853866866997741
676;roundrobin;SMA;99.650904860;19;0.069;33.778;0.0044156703260322
607;roundrobin;SMA;107.454683162;171;0.046;30.093;0.0303277073168743
693;roundrobin;seadec;97.290628186;133;0.121;34.885;0.0194549251238626
767;roundrobin;SMA;89.042314661;11;0;38.752;0.00312822529954525
711;roundrobin;ssa;95.653463500;425;0.079;35.732;0.0450325086617828
622;roundrobin;SMA;106.894574640;39;0.065;30.683;0.00572928357269349
782;roundrobin;SMA;88.702505947;33;0.01;39.264;0.00572928357269349
684;roundrobin;SMA;100.517784999;218;0.04;34.138;0.0262853423085934
631;roundrobin;seadec;106.829953052;87;0.006;31.210;0.0240361194750053
701;roundrobin;ssa;98.916824208;317;0.031;35.159;0.0369276456170677
646;roundrobin;SMA;105.840736564;215;0.043;32.257;0.0262853423085934
726;roundrobin;ssa;96.714465266;554;0.041;36.494;0.0639327156526897
791;roundrobin;ssa;89.857231178;109;0.038;39.587;0.0189752485931269
692;roundrobin;ssa;101.485941216;331;0.074;34.764;0.0377148729094167
655;roundrobin;SMA;105.895437528;35;0.008;32.838;0.00572928357269349
709;roundrobin;SMA;99.836119475;221;0.048;35.564;0.0262853423085934
806;roundrobin;SMA;89.180699476;371;0.108;40.393;0.0400802183599336
735;roundrobin;ssa;99.240263779;242;0.119;37.040;0.034465109395276
700;roundrobin;ssa;103.751149328;572;0.074;35.128;0.0657184273159393
717;roundrobin;ssa;101.928265824;327;0.051;36.114;0.0369276456170677
708;roundrobin;seadec;104.633266400;104;0.053;35.516;0.0200421445003984
725;roundrobin;ssa;103.750456072;488;0.108;36.453;0.0468428353029938
716;roundrobin;SMA;105.269223907;418;0.007;36.063;0.0423559013427496
815;roundrobin;ssa;94.490276819;431;0.089;41.159;0.0450325086617828
670;roundrobin;ssa;111.546050788;434;0.051;33.550;0.0450325086617828
733;roundrobin;SMA;104.647053874;21;0.055;36.848;0.0044156703260322
724;roundrobin;SMA;106.181535466;376;0.024;36.345;0.0385801680617862
741;roundrobin;ssa;105.669756156;296;0.065;37.515;0.0354027676498525
732;roundrobin;SMA;107.098267215;236;0.032;36.793;0.0294444332989678
750;roundrobin;ssa;104.888476173;448;0.107;37.984;0.0464705153781347
679;roundrobin;ssa;113.915440037;542;0.03;33.933;0.0639327156526897
759;roundrobin;SMA;105.065234875;40;0.022;38.425;0.00572928357269349
694;roundrobin;seadec;112.766768015;139;0.041;34.926;0.0196202016385114
830;roundrobin;ssa;97.399024518;328;0.009;41.942;0.0369276456170677
749;roundrobin;ssa;107.238308272;336;0.025;37.877;0.0377148729094167
740;roundrobin;ssa;108.315477182;450;0.014;37.450;0.0464705153781347
703;roundrobin;seadec;113.170820322;163;0.05;35.235;0.0200366493973128
757;roundrobin;SMA;107.996776553;12;0.025;38.357;0.00312822529954525
748;roundrobin;ssa;110.083466833;492;0.029;37.852;0.0468428353029938
774;roundrobin;ssa;107.589040519;298;0.037;38.988;0.0354027676498525
718;roundrobin;ssa;114.252716586;506;0.026;36.140;0.0472776063296307
765;roundrobin;ssa;109.606315939;438;0.03;38.731;0.0464705153781347
756;roundrobin;SMA;110.796734970;181;0.003;38.332;0.027678078136308
839;roundrobin;ssa;103.434110684;425;0.041;42.286;0.0450325086617828
773;roundrobin;ssa;111.247596957;510;0.018;38.951;0.0472776063296307
764;roundrobin;ssa;112.089664125;270;0.085;38.701;0.0351769567303275
727;roundrobin;ssa;117.147168299;290;0.067;36.561;0.0354027676498525
742;roundrobin;seadec;116.401649695;62;0.02;37.535;0.00929623085818988
781;roundrobin;ssa;112.769128762;299;0.002;39.254;0.0354027676498525
854;roundrobin;ssa;104.125873938;529;0.013;43.223;0.0656320663227048
772;roundrobin;ssa;113.676512338;547;0.036;38.933;0.0639327156526897
751;roundrobin;SMA;116.598733204;365;0.074;38.058;0.0400802183599336
783;roundrobin;ssa;113.731176822;431;0.035;39.299;0.0450325086617828
780;roundrobin;SMA;114.569780504;26;0.003;39.252;0.0044156703260322
789;roundrobin;seadec;113.889191135;164;0.085;39.523;0.0200366493973128
766;roundrobin;SMA;116.124154174;40;0.021;38.752;0.00572928357269349
788;roundrobin;ssa;116.296378565;328;0.075;39.438;0.0369276456170677
797;roundrobin;ssa;115.346660323;316;0.113;39.989;0.0369276456170677
798;roundrobin;ssa;116.710976351;335;0.15;40.139;0.0377148729094167
796;roundrobin;ssa;117.641055546;323;0.086;39.876;0.0369276456170677
805;roundrobin;ssa;117.090056205;430;0.01;40.285;0.0450325086617828
863;roundrobin;ssa;109.591999794;429;0.034;43.955;0.0450325086617828
807;roundrobin;seadec;116.991281939;79;0.044;40.437;0.0240361194750053
878;roundrobin;seadec;108.941841256;163;0.057;44.595;0.0200366493973128
804;roundrobin;ssa;119.037759580;534;0.003;40.275;0.0656320663227048
813;roundrobin;ssa;117.865356020;285;0.078;41.007;0.0351994025147571
822;roundrobin;ssa;117.481556620;599;0.056;41.619;0.0658004472335592
812;roundrobin;SMA;119.336817483;232;0.088;40.929;0.0294444332989678
775;roundrobin;ssa;123.659902051;477;0.03;39.018;0.0463158279553995
821;roundrobin;seadec;118.539254755;133;0.006;41.563;0.0194549251238626
831;roundrobin;seadec;117.684918381;60;0.032;41.974;0.00853866866997741
846;roundrobin;SMA;117.190761801;197;0.072;42.768;0.0260920139484302
820;roundrobin;seadec;119.895890802;135;0.047;41.557;0.0194549251238626
829;roundrobin;SMA;119.428886116;11;0.005;41.933;0.00312822529954525
855;roundrobin;SMA;116.985529454;186;0.062;43.285;0.027678078136308
790;roundrobin;ssa;126.027890481;276;0.026;39.549;0.0351994025147571
837;roundrobin;SMA;120.493787119;364;0.006;42.175;0.0400802183599336
828;roundrobin;ssa;121.321598609;255;0.028;41.928;0.034465109395276
845;roundrobin;ssa;121.835688729;249;0.169;42.696;0.034465109395276
836;roundrobin;ssa;122.950504136;259;0.003;42.169;0.0351769567303275
799;roundrobin;ssa;128.520369937;508;0.035;40.174;0.0472776063296307
887;roundrobin;ssa;117.808504501;486;0.075;45.042;0.0468428353029938
870;roundrobin;ssa;119.803370453;336;0.009;44.172;0.0377148729094167
853;roundrobin;seadec;122.247156611;68;0.004;43.210;0.00929623085818988
844;roundrobin;ssa;124.472522807;309;0.052;42.527;0.0360930160445306
814;roundrobin;seadec;127.656134098;131;0.063;41.070;0.0194549251238626
861;roundrobin;SMA;122.982510233;362;0.031;43.712;0.0400802183599336
902;roundrobin;ssa;118.752026910;512;0.086;46.094;0.0482841409439691
852;roundrobin;ssa;125.104554540;118;0.052;43.206;0.0189752485931269
911;roundrobin;SMA;118.963029563;207;0.061;46.490;0.0260920139484302
823;roundrobin;ssa;129.649541813;560;0.077;41.696;0.0650104625049824
869;roundrobin;ssa;124.471884801;460;0.042;44.163;0.0462637861154206
860;roundrobin;seadec;125.944213893;74;0.059;43.681;0.00929623085818988
838;roundrobin;SMA;129.506868217;386;0.07;42.245;0.0385801680617862
877;roundrobin;SMA;125.278138565;377;0.105;44.538;0.0385801680617862
847;roundrobin;SMA;129.454662007;170;0.084;42.852;0.0303277073168743
868;roundrobin;SMA;126.580367659;5;0.019;44.121;0.00312822529954525
879;roundrobin;ssa;125.577662885;425;0.023;44.618;0.0450325086617828
926;roundrobin;ssa;120.510013913;260;0.054;47.377;0.0351769567303275
876;roundrobin;SMA;127.518026198;193;0.031;44.433;0.027678078136308
885;roundrobin;ssa;126.761579173;300;0.034;44.951;0.0354027676498525
884;roundrobin;SMA;128.177052159;193;0.084;44.917;0.027678078136308
935;roundrobin;ssa;122.299820227;538;0.312;47.980;0.0656320663227048
893;roundrobin;seadec;127.709515456;51;0.049;45.354;0.00853866866997741
862;roundrobin;ssa;131.372766504;304;0.209;43.921;0.0360930160445306
950;roundrobin;seadec;121.670299727;99;0.127;48.701;0.0200421445003984
892;roundrobin;ssa;129.471677345;113;0.069;45.305;0.0189752485931269
959;roundrobin;seadec;121.919562844;149;0.012;49.021;0.0196202016385114
901;roundrobin;ssa;129.147711987;475;0.021;46.008;0.0463158279553995
974;roundrobin;SMA;120.818348642;378;0.034;50.101;0.0385801680617862
900;roundrobin;SMA;130.129539333;399;0.015;45.987;0.0386866425310276
983;roundrobin;SMA;120.864211911;202;0.029;50.565;0.0260920139484302
909;roundrobin;ssa;130.620847815;569;0.003;46.291;0.0650104625049824
894;roundrobin;ssa;132.499128481;477;0.019;45.373;0.0463158279553995
908;roundrobin;SMA;131.063464599;220;0.099;46.288;0.0262853423085934
916;roundrobin;seadec;131.843483436;64;0.19;46.869;0.00929623085818988
998;roundrobin;ssa;121.912997550;559;0.002;51.419;0.0650104625049824
917;roundrobin;ssa;132.115293005;496;0.015;46.884;0.0472776063296307
871;roundrobin;ssa;138.579463399;473;0.049;44.221;0.0463158279553995
924;roundrobin;SMA;132.626999973;416;0.134;47.290;0.0423559013427496
925;roundrobin;seadec;132.826534855;152;0.033;47.323;0.0200366493973128
886;roundrobin;SMA;137.961443049;201;0.016;44.967;0.0260920139484302
895;roundrobin;SMA;138.069869652;34;0.022;45.395;0.00572928357269349
933;roundrobin;seadec;133.777969815;130;0.001;47.610;0.0194549251238626
932;roundrobin;ssa;134.218254954;331;0.072;47.609;0.0377148729094167
910;roundrobin;seadec;137.238479693;62;0.138;46.429;0.00929623085818988
903;roundrobin;ssa;138.302837136;450;0.003;46.097;0.0464705153781347
941;roundrobin;SMA;134.086136346;42;0.13;48.406;0.00572928357269349
940;roundrobin;SMA;134.725437588;213;0.085;48.276;0.0262853423085934
918;roundrobin;ssa;139.108294896;555;0.013;46.897;0.0639327156526897
919;roundrobin;ssa;139.109917277;571;0.029;46.926;0.0657184273159393
949;roundrobin;ssa;135.732674907;517;0.057;48.574;0.0482841409439691
927;roundrobin;seadec;138.948384901;147;0.01;47.387;0.0196202016385114
948;roundrobin;ssa;136.596747185;429;0.031;48.517;0.0450325086617828
934;roundrobin;SMA;138.532160151;418;0.058;47.668;0.0423559013427496
957;roundrobin;seadec;136.605540138;56;0.028;49.002;0.00853866866997741
956;roundrobin;SMA;137.453444733;377;0.085;48.974;0.0385801680617862
965;roundrobin;seadec;137.371955936;84;0.253;49.501;0.0240361194750053
964;roundrobin;seadec;138.404072214;131;0.038;49.248;0.0194549251238626
973;roundrobin;seadec;137.940141205;157;0.02;50.067;0.0200366493973128
972;roundrobin;SMA;138.614913220;34;0.046;50.047;0.00572928357269349
981;roundrobin;SMA;138.785447458;377;0;50.470;0.0385801680617862
942;roundrobin;ssa;143.673365495;457;0.008;48.414;0.0462637861154206
943;roundrobin;ssa;144.232606389;460;0.012;48.426;0.0462637861154206
980;roundrobin;ssa;139.905563737;253;0.025;50.470;0.034465109395276
951;roundrobin;SMA;143.865058797;1;0.007;48.708;0.00312822529954525
958;roundrobin;seadec;144.466048152;91;0.007;49.009;0.0200421445003984
966;roundrobin;SMA;143.319347758;27;0.072;49.573;0.0044156703260322
989;roundrobin;ssa;140.319230507;440;0.019;51.038;0.0464705153781347
988;roundrobin;SMA;140.582736316;416;0.125;51.019;0.0423559013427496
967;roundrobin;seadec;144.274819087;71;0.075;49.648;0.00929623085818988
997;roundrobin;seadec;141.091963581;147;0.007;51.417;0.0196202016385114
996;roundrobin;seadec;141.347421574;87;0.037;51.410;0.0240361194750053
982;roundrobin;ssa;145.212653626;502;0.066;50.536;0.0472776063296307
991;roundrobin;SMA;145.056584281;200;0.061;51.243;0.0260920139484302
975;roundrobin;ssa;149.863441907;492;0.011;50.112;0.0468428353029938
990;roundrobin;SMA;148.772917870;391;0.144;51.182;0.0386866425310276
999;roundrobin;SMA;148.760783776;19;0.136;51.555;0.0044156703260322
