0;random;SMA;.854074148;;1.007;1.007;0.0423559013427496
1;random;ssa;1.148448186;;0.055;1.062;0.0450325086617828
2;random;ssa;1.254217727;;0.88;1.942;0.0351994025147571
5;random;SMA;1.078952212;;0.163;2.598;0.0303277073168743
4;random;seadec;1.734816647;;0.199;2.435;0.0196202016385114
6;random;SMA;.846860403;;0.718;3.316;0.0427559244477954
3;random;ssa;2.354222000;;0.294;2.236;0.0656320663227048
7;random;SMA;1.611877077;;0.612;3.928;0.00312822529954525
8;random;ssa;1.109822722;;2.705;6.633;0.034465109395276
9;random;SMA;1.041310822;;0.238;6.871;0.0294444332989678
0;random;SMA;.663382155;;1.007;1.007;0.0423559013427496
2;random;ssa;.843649878;;0.88;1.942;0.0189752485931269
5;random;SMA;.698048738;;0.163;2.598;0.0044156703260322
7;random;ssa;1.132043985;;0.612;3.928;0.0377148729094167
9;random;SMA;.770174808;;0.238;6.871;0.0262853423085934
11;random;seadec;.669562799;;1.575;8.855;0.0194549251238626
12;random;seadec;.908842292;;0.084;8.939;0.0196202016385114
14;random;ssa;1.078521140;;0.225;9.177;0.0639327156526897
15;random;seadec;.917853481;;0.39;9.567;0.00929623085818988
17;random;ssa;1.035211367;;0.238;11.779;0.0658004472335592
18;random;seadec;.892348411;;1.404;13.183;0.0200366493973128
20;random;ssa;1.029232828;;3.24;16.699;0.0482841409439691
21;random;ssa;1.182453322;;0.49;17.189;0.0450325086617828
25;random;SMA;.935285562;;0.804;21.531;0.0262853423085934
30;random;ssa;.979590398;;1.204;28.080;0.0377148729094167
34;random;seadec;.898405053;;0.676;30.391;0.0200366493973128
35;random;ssa;1.016321923;;0.148;30.539;0.0472776063296307
38;random;SMA;.877039421;;0.041;31.474;0.0294444332989678
39;random;ssa;1.034434093;;0.394;31.868;0.0650104625049824
40;random;ssa;1.113187771;;3.202;35.070;0.034465109395276
41;random;ssa;1.141807334;;0.514;35.584;0.0377148729094167
45;random;SMA;.739265220;;0.185;36.683;0.0303277073168743
46;random;SMA;.891788145;;2.369;39.052;0.0262853423085934
47;random;ssa;1.025158272;;1.014;40.066;0.0189752485931269
52;random;ssa;.899392185;;1.412;42.173;0.0650104625049824
54;random;SMA;.684601124;;0.941;43.365;0.00572928357269349
56;random;ssa;1.021615325;;1.022;46.161;0.0462637861154206
59;random;seadec;.934231237;;0.31;46.792;0.0200366493973128
61;random;ssa;1.206331066;;1.217;48.284;0.0472776063296307
63;random;SMA;.896421080;;1.444;51.475;0.0386866425310276
65;random;ssa;.876939176;;2.275;55.681;0.034465109395276
66;random;ssa;1.107190624;;0.21;55.891;0.0369276456170677
71;random;seadec;.908412264;;1.879;61.735;0.0200366493973128
74;random;SMA;.909232650;;1.793;64.362;0.00572928357269349
75;random;SMA;.763161584;;0.206;64.568;0.0260920139484302
78;random;seadec;.709295094;;0.891;67.293;0.0196202016385114
81;random;SMA;.706302844;;0.209;71.322;0.0386866425310276
82;random;ssa;1.027459666;;0.784;72.106;0.0650104625049824
84;random;SMA;.785941690;;1.593;74.860;0.0400802183599336
85;random;ssa;.999414194;;1.421;76.281;0.0377148729094167
86;random;ssa;1.026343003;;0.188;76.469;0.0656320663227048
89;random;SMA;.886947037;;0.121;78.728;0.0400802183599336
92;random;SMA;.893640882;;2.214;82.087;0.0294444332989678
93;random;ssa;1.235041229;;0.141;82.228;0.0472776063296307
95;random;SMA;.742684707;;1.186;83.535;0.0303277073168743
96;random;ssa;1.148038541;;0.727;84.262;0.0377148729094167
98;random;ssa;1.112824663;;0.509;85.063;0.0369276456170677
99;random;ssa;1.036331450;;1.342;86.405;0.0657184273159393
100;random;ssa;1.028977995;;0.029;86.434;0.0658004472335592
101;random;SMA;.904868141;;0.085;86.519;0.0423559013427496
103;random;ssa;1.124343820;;0.045;86.615;0.034465109395276
106;random;seadec;.897389772;;2.188;91.033;0.0200421445003984
107;random;SMA;.753253832;;1.265;92.298;0.0386866425310276
110;random;ssa;1.031053337;;0.64;96.244;0.0650104625049824
111;random;seadec;.725210516;;0.375;96.619;0.00853866866997741
114;random;ssa;1.367779811;;0.574;99.270;0.0468428353029938
115;random;SMA;1.130207997;;0.191;99.461;0.00572928357269349
116;random;seadec;.885087430;;0.363;99.824;0.0196202016385114
117;random;SMA;.714728810;;2.483;102.307;0.027678078136308
118;random;ssa;1.120915002;;0.718;103.025;0.0369276456170677
119;random;SMA;.888541352;;1.12;104.145;0.0303277073168743
121;random;ssa;1.108217036;;0.501;106.154;0.0369276456170677
122;random;ssa;.989216464;;1.083;107.237;0.0468428353029938
123;random;ssa;1.207772968;;0.614;107.851;0.0468428353029938
124;random;SMA;.677005645;;0.7;108.551;0.0303277073168743
126;random;ssa;.870593184;;1.636;110.373;0.0656320663227048
128;random;ssa;1.139413159;;1.655;113.816;0.0354027676498525
130;random;SMA;.926549400;;0.511;114.411;0.0260920139484302
131;random;ssa;.958521204;;0.936;115.347;0.0464705153781347
132;random;SMA;.887070243;;3.737;119.084;0.0400802183599336
133;random;ssa;1.018965374;;0.365;119.449;0.0360930160445306
134;random;SMA;.758223454;;0.745;120.194;0.0294444332989678
139;random;SMA;.874195524;;0.134;122.822;0.00312822529954525
141;random;seadec;.894027180;;0.665;124.843;0.0200421445003984
143;random;ssa;1.105260349;;0.317;126.776;0.0351994025147571
144;random;ssa;.998633591;;6.29;133.066;0.0463158279553995
146;random;SMA;.689430443;;0.009;134.050;0.0303277073168743
145;random;seadec;.904760500;;0.975;134.041;0.0200421445003984
148;random;ssa;1.016252775;;0.255;136.032;0.0189752485931269
6;random;ssa;145.185423422;;0.718;3.316;0.0468428353029938
1;random;SMA;149.176795057;;0.055;1.062;0.0260920139484302
26;random;seadec;125.484647721;;1.766;23.297;0.0196202016385114
36;random;SMA;119.084871713;;0.282;30.821;0.0400802183599336
13;random;ssa;142.820687327;;0.013;8.952;0.0377148729094167
149;random;ssa;1.087401927;;5.378;141.410;0.0351994025147571
44;random;seadec;114.645838011;;0.711;36.498;0.0240361194750053
28;random;ssa;126.444169277;;1.504;26.817;0.0472776063296307
57;random;seadec;105.767757262;;0.176;46.337;0.0196202016385114
42;random;ssa;118.888078316;;0.183;35.767;0.0472776063296307
62;random;ssa;104.162537445;;1.747;50.031;0.0464705153781347
51;random;SMA;115.075809187;;0.14;40.761;0.00572928357269349
69;random;SMA;95.717925069;;1.085;59.778;0.0294444332989678
58;random;SMA;110.688164143;;0.145;46.482;0.0044156703260322
73;random;SMA;94.196116387;;0.343;62.569;0.0423559013427496
67;random;ssa;101.363938951;;1.545;57.436;0.0482841409439691
79;random;SMA;89.903883515;;0.801;68.094;0.0427559244477954
154;random;ssa;1.151210919;;2.359;151.710;0.0377148729094167
87;random;seadec;81.117124641;;1.612;78.081;0.00853866866997741
70;random;ssa;100.827722928;;0.078;59.856;0.0189752485931269
157;random;seadec;.734089957;;0.62;154.647;0.0240361194750053
109;random;SMA;63.892640091;;2.866;95.604;0.0385801680617862
77;random;SMA;95.372545449;;1.821;66.402;0.0294444332989678
137;random;SMA;36.793062505;;0.17;122.454;0.0262853423085934
80;random;ssa;92.616359353;;3.019;71.113;0.0656320663227048
159;random;SMA;.703242285;;1.738;158.723;0.027678078136308
147;random;ssa;25.229341696;;1.727;135.777;0.0463158279553995
91;random;ssa;85.454457568;;0.165;79.873;0.034465109395276
8;random;ssa;165.316502768;;2.705;6.633;0.0657184273159393
120;random;seadec;59.562480811;;1.508;105.653;0.00929623085818988
156;random;ssa;8.666644149;;1.162;154.027;0.0639327156526897
138;random;ssa;42.891038043;;0.234;122.688;0.0650104625049824
150;random;seadec;24.025473813;;0.837;142.247;0.00853866866997741
19;random;ssa;161.895709708;;0.276;13.459;0.0377148729094167
163;random;SMA;.883441077;;0.296;164.844;0.0386866425310276
162;random;seadec;1.795555814;;1.49;164.548;0.0194549251238626
160;random;SMA;5.473134418;;2.948;161.671;0.0303277073168743
166;random;ssa;.897100757;;0.052;166.636;0.0656320663227048
24;random;ssa;157.626441348;;1.184;20.727;0.034465109395276
164;random;ssa;2.866708238;;0.894;165.738;0.0650104625049824
167;random;seadec;.692530291;;2.325;168.961;0.0200421445003984
31;random;seadec;151.044544112;;0.087;28.167;0.0240361194750053
37;random;seadec;148.491680126;;0.612;31.433;0.00929623085818988
168;random;SMA;1.472263067;;0.357;169.318;0.027678078136308
170;random;SMA;.640766907;;0.06;171.220;0.00572928357269349
169;random;SMA;1.479857443;;1.842;171.160;0.0303277073168743
173;random;ssa;1.054997908;;0.383;173.152;0.0482841409439691
174;random;ssa;.984750318;;0.546;173.698;0.0468428353029938
175;random;ssa;.873198026;;0.74;174.438;0.0482841409439691
49;random;ssa;145.345116687;;0.148;40.427;0.0464705153781347
176;random;ssa;2.186445013;;0.358;174.796;0.0482841409439691
177;random;ssa;2.355992405;;0.144;174.940;0.0468428353029938
55;random;SMA;141.299934788;;1.774;45.139;0.0262853423085934
179;random;ssa;.915721676;;0.565;177.211;0.0482841409439691
68;random;ssa;129.374850016;;1.257;58.693;0.0482841409439691
180;random;SMA;1.666519735;;7.171;184.382;0.0294444332989678
182;random;SMA;.861334772;;0.661;185.544;0.0044156703260322
181;random;SMA;1.634659656;;0.501;184.883;0.0262853423085934
83;random;ssa;121.142073614;;1.161;73.267;0.0463158279553995
184;random;SMA;.661309838;;0.424;186.920;0.00572928357269349
183;random;SMA;1.485393609;;0.952;186.496;0.0262853423085934
94;random;SMA;112.565779969;;0.121;82.349;0.027678078136308
185;random;ssa;.897567947;;0.7;187.620;0.0351769567303275
186;random;SMA;.668427326;;0.931;188.551;0.0427559244477954
187;random;seadec;.893380193;;0.392;188.943;0.00929623085818988
4;random;SMA;201.654876097;;0.199;2.435;0.0427559244477954
188;random;ssa;1.235064952;;1.386;190.329;0.0472776063296307
189;random;seadec;.926365693;;0.37;190.699;0.0240361194750053
16;random;seadec;192.718057810;;1.974;11.541;0.0240361194750053
190;random;ssa;1.202156834;;0.691;191.390;0.0468428353029938
23;random;SMA;185.192380108;;0.268;19.543;0.0262853423085934
191;random;SMA;.877084080;;1.201;192.591;0.0303277073168743
29;random;SMA;178.598412186;;0.059;26.876;0.0423559013427496
104;random;ssa;112.660023710;;1.414;88.029;0.0464705153781347
192;random;SMA;.652964418;;1.715;194.306;0.0400802183599336
112;random;seadec;103.778173662;;0.699;97.318;0.00853866866997741
127;random;seadec;89.013378634;;1.788;112.161;0.0240361194750053
33;random;ssa;178.250155933;;0.974;29.715;0.0650104625049824
193;random;ssa;1.055644909;;1.9;196.206;0.0472776063296307
194;random;SMA;.915219761;;0.234;196.440;0.0044156703260322
48;random;ssa;169.479000733;;0.213;40.279;0.0657184273159393
53;random;SMA;167.996812337;;0.251;42.424;0.0400802183599336
195;random;SMA;1.479849410;;2.185;198.625;0.027678078136308
197;random;SMA;.661583016;;0.601;200.781;0.0385801680617862
136;random;ssa;84.269008350;;0.912;122.284;0.0450325086617828
3;random;SMA;214.045880984;;0.294;2.236;0.0044156703260322
64;random;ssa;159.049851969;;1.931;53.406;0.0658004472335592
151;random;SMA;64.194600804;;0.047;142.294;0.0303277073168743
199;random;SMA;1.760746658;;0.167;201.698;0.0044156703260322
76;random;SMA;147.983161085;;0.013;64.581;0.0260920139484302
155;random;SMA;54.455838025;;1.155;152.865;0.0385801680617862
198;random;ssa;2.429809622;;0.75;201.531;0.0468428353029938
10;random;ssa;211.564322967;;0.409;7.280;0.0351769567303275
201;random;ssa;2.397719336;;0.055;203.958;0.0360930160445306
200;random;ssa;2.521092798;;2.205;203.903;0.0462637861154206
165;random;ssa;43.027017510;;0.846;166.584;0.0482841409439691
90;random;ssa;135.496907403;;0.98;79.708;0.0354027676498525
22;random;ssa;201.328681291;;2.086;19.275;0.0658004472335592
203;random;seadec;2.676695501;;0.583;205.268;0.0200366493973128
202;random;SMA;3.399718931;;0.727;204.685;0.00312822529954525
102;random;ssa;131.200176453;;0.051;86.570;0.0351994025147571
178;random;ssa;36.193585969;;1.706;176.646;0.0369276456170677
205;random;ssa;1.737668758;;3.539;209.005;0.0639327156526897
108;random;seadec;125.705070527;;0.44;92.738;0.0200421445003984
27;random;ssa;201.482878044;;2.016;25.313;0.0464705153781347
208;random;ssa;1.993176107;;0.999;214.695;0.0656320663227048
32;random;ssa;201.143496272;;0.574;28.741;0.0351994025147571
210;random;ssa;1.024174966;;0.646;216.211;0.0482841409439691
209;random;ssa;2.272273790;;0.87;215.565;0.0472776063296307
211;random;ssa;1.764387700;;1.351;217.562;0.0650104625049824
125;random;ssa;120.301169213;;0.186;108.737;0.0472776063296307
206;random;ssa;9.982475199;;4.009;213.014;0.0464705153781347
43;random;ssa;199.280935950;;0.02;35.787;0.0482841409439691
212;random;ssa;.939676169;;4.461;222.023;0.0656320663227048
50;random;SMA;195.068717754;;0.194;40.621;0.0262853423085934
60;random;SMA;189.034457304;;0.275;47.067;0.00312822529954525
135;random;ssa;109.511016853;;1.178;121.372;0.0482841409439691
72;random;SMA;174.062568560;;0.491;62.226;0.0294444332989678
142;random;seadec;104.995344564;;1.616;126.459;0.0200421445003984
88;random;seadec;157.493253301;;0.526;78.607;0.0200421445003984
153;random;SMA;82.207770828;;4.693;149.351;0.00572928357269349
213;random;SMA;1.486392721;;3.45;225.473;0.0260920139484302
161;random;seadec;68.912833124;;1.387;163.058;0.0200366493973128
97;random;SMA;152.022315329;;0.292;84.554;0.0386866425310276
105;random;SMA;148.317044858;;0.816;88.845;0.0262853423085934
215;random;SMA;1.470457766;;2.254;228.188;0.0260920139484302
113;random;seadec;138.918266331;;1.378;98.696;0.0194549251238626
172;random;ssa;61.093470421;;0.946;172.769;0.0650104625049824
129;random;SMA;123.672849461;;0.084;113.900;0.0262853423085934
204;random;seadec;26.715676499;;0.198;205.466;0.0200421445003984
216;random;seadec;.893810852;;2.205;230.393;0.0196202016385114
140;random;SMA;113.553011247;;1.356;124.178;0.0400802183599336
217;random;SMA;1.489504346;;0.274;230.667;0.0386866425310276
152;random;SMA;93.209777779;;2.364;144.658;0.0044156703260322
218;random;ssa;1.204355440;;1.346;232.013;0.0468428353029938
219;random;ssa;.932572189;;0.749;232.762;0.0360930160445306
220;random;SMA;.768152166;;0.588;233.350;0.00572928357269349
214;random;ssa;8.824198188;;0.461;225.934;0.0354027676498525
221;random;seadec;.653528849;;2.537;235.887;0.0194549251238626
222;random;SMA;1.062140215;;0.8;236.687;0.00312822529954525
224;random;SMA;.673289984;;0.327;238.490;0.0303277073168743
225;random;SMA;.875453249;;0.082;238.572;0.0385801680617862
158;random;ssa;88.008000807;;2.338;156.985;0.0468428353029938
226;random;ssa;1.099117642;;0.561;239.133;0.0354027676498525
171;random;SMA;73.237046746;;0.603;171.823;0.0303277073168743
227;random;seadec;.673022497;;2.129;241.262;0.00929623085818988
228;random;seadec;.646928567;;0.568;241.830;0.0194549251238626
229;random;SMA;.661178163;;2.33;244.160;0.0400802183599336
230;random;seadec;.881104470;;0.073;244.233;0.00853866866997741
231;random;ssa;.908927944;;1.637;245.870;0.0482841409439691
232;random;seadec;1.099046660;;0.739;246.609;0.0240361194750053
196;random;ssa;49.920641419;;1.555;200.180;0.0468428353029938
234;random;ssa;1.022316601;;0.19;247.347;0.0656320663227048
233;random;ssa;3.296108446;;0.548;247.157;0.0351994025147571
207;random;ssa;39.108750781;;0.682;213.696;0.0354027676498525
235;random;SMA;1.484197044;;2.605;249.952;0.0400802183599336
237;random;SMA;1.470076666;;0.402;252.008;0.0400802183599336
238;random;ssa;.978157977;;0.77;252.778;0.0463158279553995
223;random;ssa;16.511512860;;1.476;238.163;0.0351994025147571
239;random;seadec;.901234177;;0.88;253.658;0.0200366493973128
240;random;seadec;1.068118516;;0.125;253.783;0.0200421445003984
236;random;seadec;3.477285137;;1.654;251.606;0.0196202016385114
241;random;SMA;.704444435;;1.074;254.857;0.0400802183599336
242;random;seadec;1.484883910;;0.149;255.006;0.0200366493973128
243;random;seadec;.893398480;;0.62;255.626;0.0200421445003984
244;random;SMA;.868042641;;4.522;260.148;0.0427559244477954
247;random;SMA;.851071382;;0.616;261.397;0.0303277073168743
246;random;SMA;1.778911217;;0.283;260.781;0.0423559013427496
245;random;ssa;2.169935701;;0.35;260.498;0.0658004472335592
248;random;SMA;1.074014685;;3.445;264.842;0.027678078136308
249;random;SMA;.953452819;;0.345;265.187;0.00312822529954525
253;random;seadec;.689328287;;0.219;267.859;0.0240361194750053
250;random;ssa;2.605766398;;1.996;267.183;0.0472776063296307
251;random;ssa;2.198610583;;0.362;267.545;0.0482841409439691
254;random;SMA;.886581507;;0.926;268.785;0.027678078136308
252;random;ssa;2.220280315;;0.095;267.640;0.0351769567303275
256;random;ssa;1.008808092;;0.123;270.607;0.0639327156526897
255;random;seadec;1.493628553;;1.699;270.484;0.00929623085818988
257;random;seadec;.896778395;;0.37;270.977;0.0194549251238626
258;random;ssa;.904583155;;0.542;271.519;0.0377148729094167
259;random;SMA;1.466230374;;2.878;274.397;0.0385801680617862
260;random;ssa;2.653742611;;0.117;274.514;0.0657184273159393
261;random;ssa;1.035785722;;2.555;277.069;0.0468428353029938
262;random;ssa;1.047744819;;0.121;277.190;0.0656320663227048
264;random;ssa;1.042742534;;0.034;277.375;0.0482841409439691
263;random;SMA;1.450810976;;0.151;277.341;0.00572928357269349
266;random;SMA;.987910412;;0.177;277.868;0.0400802183599336
265;random;seadec;1.682216584;;0.316;277.691;0.00929623085818988
267;random;ssa;1.009408036;;2.358;280.226;0.0657184273159393
269;random;ssa;1.204791738;;0.204;282.065;0.0468428353029938
270;random;SMA;1.462465049;;0.374;282.439;0.0262853423085934
271;random;ssa;1.038483351;;1.296;283.735;0.0462637861154206
268;random;ssa;3.870760112;;1.635;281.861;0.0377148729094167
272;random;SMA;1.041256222;;1.281;285.016;0.0260920139484302
273;random;seadec;.963329150;;0.184;285.200;0.00929623085818988
274;random;ssa;1.005276346;;1.836;287.036;0.034465109395276
275;random;ssa;1.162536550;;0.24;287.276;0.0464705153781347
276;random;SMA;.877033201;;0.684;287.960;0.0427559244477954
277;random;SMA;.886313737;;4.456;292.416;0.0294444332989678
278;random;SMA;1.046336064;;1.42;293.836;0.00312822529954525
279;random;ssa;1.220401829;;0.152;293.988;0.0369276456170677
280;random;seadec;.924167275;;4.367;298.355;0.0200366493973128
282;random;seadec;.984151570;;0.535;301.237;0.0194549251238626
281;random;ssa;3.936809447;;2.347;300.702;0.0377148729094167
283;random;SMA;.881614010;;2.838;304.075;0.00572928357269349
284;random;ssa;1.022179143;;0.55;304.625;0.0639327156526897
285;random;seadec;.942029193;;1.269;305.894;0.00929623085818988
286;random;seadec;.900930371;;0.57;306.464;0.0240361194750053
287;random;ssa;2.745316985;;2.839;309.303;0.0650104625049824
288;random;ssa;3.131142707;;1.158;310.461;0.0351994025147571
289;random;ssa;1.158230608;;2.048;312.509;0.0377148729094167
290;random;SMA;.832168173;;0.306;312.815;0.0385801680617862
291;random;SMA;.848205004;;0.608;313.423;0.0044156703260322
292;random;ssa;1.010630527;;1.711;315.134;0.0639327156526897
293;random;ssa;1.126006917;;2.035;317.169;0.0464705153781347
294;random;SMA;.894358207;;1.087;318.256;0.0400802183599336
295;random;ssa;.954609978;;0.765;319.021;0.0650104625049824
296;random;ssa;1.030366651;;2.689;321.710;0.0639327156526897
297;random;ssa;.923579910;;0.117;321.827;0.0377148729094167
298;random;SMA;.991988242;;0.037;321.864;0.0427559244477954
299;random;ssa;1.198635936;;2.795;324.659;0.0468428353029938
300;random;ssa;.880322535;;1.347;326.006;0.0351769567303275
301;random;SMA;1.468346102;;0.422;326.428;0.0294444332989678
302;random;ssa;1.221870208;;0.956;327.384;0.0462637861154206
303;random;ssa;1.102434724;;0.56;327.944;0.034465109395276
304;random;ssa;.973792589;;0.192;328.136;0.0351994025147571
306;random;SMA;1.661466507;;0.509;328.951;0.00572928357269349
305;random;ssa;2.457502864;;0.306;328.442;0.0657184273159393
307;random;SMA;1.709638980;;0.177;329.128;0.027678078136308
308;random;SMA;.652421811;;1.161;330.289;0.0386866425310276
309;random;SMA;.896928878;;0.019;330.308;0.0303277073168743
311;random;ssa;1.827444140;;0.76;332.608;0.034465109395276
310;random;ssa;4.052983891;;1.54;331.848;0.0377148729094167
312;random;ssa;1.740550471;;1.777;334.385;0.0482841409439691
314;random;seadec;.970292279;;0.828;335.450;0.0200421445003984
313;random;ssa;2.770327466;;0.237;334.622;0.0650104625049824
317;random;SMA;.933494397;;0.131;336.202;0.00312822529954525
315;random;SMA;1.703183294;;0.495;335.945;0.00312822529954525
316;random;SMA;1.771535537;;0.126;336.071;0.0423559013427496
318;random;SMA;2.406742666;;0.267;336.469;0.0385801680617862
320;random;seadec;1.494416869;;1.608;338.605;0.00853866866997741
322;random;SMA;.679765011;;0.019;339.788;0.0427559244477954
321;random;ssa;1.009701617;;1.164;339.769;0.0658004472335592
325;random;seadec;.736490259;;0.086;341.199;0.0200366493973128
326;random;ssa;1.016349165;;0.381;341.580;0.0657184273159393
324;random;ssa;1.752229704;;0.619;341.113;0.0472776063296307
327;random;seadec;1.017760459;;0.298;341.878;0.00853866866997741
323;random;ssa;3.238686549;;0.706;340.494;0.0351994025147571
319;random;ssa;6.955766948;;0.528;336.997;0.0463158279553995
328;random;SMA;.906359684;;2.543;344.421;0.00312822529954525
329;random;seadec;.913105146;;0.191;344.612;0.0240361194750053
331;random;ssa;1.017238156;;0.279;344.980;0.0189752485931269
330;random;SMA;1.458003484;;0.089;344.701;0.0294444332989678
333;random;ssa;1.126902941;;0.146;346.281;0.0377148729094167
332;random;ssa;2.198938101;;1.155;346.135;0.0658004472335592
334;random;ssa;.981568259;;2.535;348.816;0.0360930160445306
335;random;SMA;.656354918;;1.667;350.483;0.0262853423085934
336;random;SMA;1.013754682;;0.789;351.272;0.0423559013427496
337;random;ssa;.967781836;;0.435;351.707;0.0450325086617828
339;random;ssa;.967035136;;0.059;352.793;0.0351994025147571
340;random;ssa;1.017653598;;0.187;352.980;0.0482841409439691
338;random;SMA;1.484220942;;1.027;352.734;0.0400802183599336
343;random;SMA;1.114384845;;0.262;356.805;0.0044156703260322
342;random;ssa;2.003397375;;3.043;356.543;0.0464705153781347
344;random;ssa;.899027155;;1.749;358.554;0.0189752485931269
345;random;SMA;1.572234992;;0.415;358.969;0.00572928357269349
341;random;ssa;7.349632512;;0.52;353.500;0.0468428353029938
346;random;SMA;1.580018923;;0.752;359.721;0.0260920139484302
347;random;SMA;1.074481195;;2.365;362.086;0.0303277073168743
348;random;ssa;1.181545218;;0.426;362.512;0.0463158279553995
349;random;SMA;.667676837;;0.502;363.014;0.0303277073168743
350;random;ssa;1.090907587;;1.748;364.762;0.034465109395276
352;random;SMA;1.715257018;;0.319;366.562;0.0423559013427496
351;random;ssa;2.215950378;;1.481;366.243;0.0351994025147571
353;random;ssa;1.125427542;;0.728;367.290;0.0369276456170677
354;random;ssa;1.246118103;;0.686;367.976;0.0472776063296307
355;random;ssa;1.242186500;;0.724;368.700;0.0472776063296307
356;random;seadec;3.118993162;;1.095;369.795;0.00853866866997741
357;random;seadec;1.499539279;;1.531;371.326;0.00853866866997741
358;random;ssa;1.227730990;;0.892;372.218;0.0450325086617828
359;random;ssa;2.584540708;;0.072;372.290;0.0482841409439691
361;random;ssa;.961454364;;1.352;374.159;0.0377148729094167
360;random;ssa;2.607380497;;0.517;372.807;0.0657184273159393
362;random;SMA;.661229033;;1.391;375.550;0.0262853423085934
363;random;ssa;.854051267;;0.694;376.244;0.0657184273159393
364;random;seadec;.881219719;;1.6;377.844;0.0200421445003984
365;random;ssa;1.592866639;;0.116;377.960;0.0189752485931269
366;random;ssa;1.000044349;;1.897;379.857;0.0656320663227048
368;random;SMA;.962155835;;0.007;381.783;0.0262853423085934
367;random;SMA;1.458123521;;1.919;381.776;0.0260920139484302
370;random;seadec;.818206344;;0.589;384.749;0.0194549251238626
369;random;SMA;1.525966289;;2.377;384.160;0.027678078136308
371;random;ssa;1.031390619;;0.143;384.892;0.0450325086617828
372;random;SMA;1.558079348;;0.08;384.972;0.0400802183599336
373;random;seadec;.889088399;;1.674;386.646;0.0194549251238626
375;random;seadec;.901597474;;0.171;387.851;0.00853866866997741
374;random;SMA;1.565701362;;1.034;387.680;0.0260920139484302
376;random;ssa;2.002005287;;0.522;388.373;0.0360930160445306
377;random;ssa;3.086542215;;0.303;388.676;0.0351994025147571
378;random;seadec;.784365984;;3.796;392.472;0.00929623085818988
380;random;ssa;1.014195231;;0.316;395.402;0.0189752485931269
379;random;ssa;1.696443390;;2.614;395.086;0.0189752485931269
382;random;SMA;1.456636532;;1.995;397.970;0.027678078136308
383;random;seadec;1.075891536;;0.944;398.914;0.0194549251238626
384;random;ssa;2.429823802;;0.06;398.974;0.0657184273159393
386;random;SMA;.743245292;;0.065;400.889;0.0423559013427496
385;random;ssa;1.110285271;;1.85;400.824;0.0369276456170677
381;random;ssa;6.256500057;;0.573;395.975;0.0464705153781347
387;random;SMA;.727449157;;1.086;401.975;0.0260920139484302
388;random;ssa;1.029737561;;0.02;401.995;0.0462637861154206
389;random;SMA;.965314306;;0.584;402.579;0.0423559013427496
390;random;ssa;2.440027232;;0.892;403.471;0.0657184273159393
391;random;ssa;1.099515155;;3.773;407.244;0.0354027676498525
392;random;ssa;.920592751;;0.56;407.804;0.0650104625049824
393;random;seadec;.890871885;;0.815;408.619;0.00853866866997741
394;random;ssa;1.088263330;;2.361;410.980;0.0351769567303275
395;random;ssa;.882194753;;2.314;413.294;0.034465109395276
396;random;ssa;.891281167;;0.942;414.236;0.0639327156526897
397;random;seadec;.673311246;;0.973;415.209;0.0196202016385114
398;random;seadec;1.494731816;;0.878;416.087;0.0200366493973128
400;random;SMA;1.114158991;;0.178;418.212;0.0423559013427496
401;random;ssa;2.323916682;;0.084;418.296;0.0658004472335592
399;random;ssa;3.910622612;;1.947;418.034;0.0369276456170677
402;random;seadec;1.625316487;;3.262;421.558;0.0196202016385114
403;random;ssa;1.182327096;;0.694;422.252;0.0468428353029938
405;random;ssa;1.081246114;;0.554;422.872;0.0482841409439691
404;random;ssa;1.832593841;;0.066;422.318;0.0189752485931269
406;random;ssa;2.585952133;;3.703;426.575;0.0657184273159393
407;random;ssa;.936976766;;2.308;428.883;0.0377148729094167
408;random;ssa;1.087929093;;0.393;429.276;0.034465109395276
409;random;SMA;.886770097;;1.108;430.384;0.0423559013427496
410;random;SMA;.885119401;;1.318;431.702;0.0260920139484302
411;random;SMA;.861237963;;0.925;432.627;0.00572928357269349
413;random;SMA;.885813045;;0.516;433.621;0.00572928357269349
412;random;ssa;1.723023143;;0.478;433.105;0.0650104625049824
414;random;seadec;.760976603;;0.599;434.220;0.00853866866997741
415;random;seadec;.924024249;;0.257;434.477;0.0200421445003984
416;random;ssa;1.171907509;;0.123;434.600;0.0450325086617828
417;random;SMA;.745124995;;1.693;436.293;0.0427559244477954
418;random;ssa;1.017490024;;0.054;436.347;0.0189752485931269
419;random;ssa;1.874996811;;0.011;436.358;0.0360930160445306
420;random;seadec;.920323987;;1.213;437.571;0.00853866866997741
421;random;SMA;.868737234;;0.474;438.045;0.0303277073168743
422;random;seadec;1.698924371;;0.811;438.856;0.0194549251238626
424;random;SMA;.884540843;;0.559;439.728;0.00572928357269349
423;random;SMA;1.705622869;;0.313;439.169;0.00572928357269349
425;random;seadec;.775895232;;0.444;440.172;0.0196202016385114
427;random;seadec;1.055312955;;1.281;441.644;0.00853866866997741
426;random;ssa;2.486869184;;0.191;440.363;0.0657184273159393
428;random;SMA;1.549661976;;0.118;441.762;0.00572928357269349
431;random;ssa;2.132239306;;0.381;442.527;0.0464705153781347
430;random;ssa;2.738010742;;0.233;442.146;0.0658004472335592
429;random;ssa;3.308915525;;0.151;441.913;0.0657184273159393
432;random;seadec;1.274272402;;1.614;444.141;0.00853866866997741
433;random;SMA;1.516195318;;0.096;444.237;0.0294444332989678
434;random;ssa;1.088820564;;2.923;447.160;0.0464705153781347
435;random;SMA;.950499892;;1.113;448.273;0.0427559244477954
436;random;SMA;.712608219;;1.209;449.482;0.0044156703260322
438;random;SMA;.766957792;;0.012;449.724;0.00312822529954525
437;random;seadec;.884857993;;0.23;449.712;0.00929623085818988
440;random;ssa;.958273333;;1.01;451.779;0.0463158279553995
441;random;SMA;1.014228557;;0.147;451.926;0.0303277073168743
439;random;ssa;2.364102931;;1.045;450.769;0.0656320663227048
442;random;ssa;1.018653087;;3.395;455.321;0.0450325086617828
443;random;SMA;.686182319;;1.297;456.618;0.0427559244477954
444;random;ssa;.983210524;;0.736;457.354;0.0369276456170677
445;random;ssa;1.163885012;;1.736;459.090;0.0450325086617828
447;random;seadec;.657840783;;0.589;462.488;0.00929623085818988
448;random;ssa;1.010066336;;2.786;465.274;0.0189752485931269
449;random;ssa;1.888929693;;0.087;465.361;0.0369276456170677
446;random;ssa;6.639943158;;2.809;461.899;0.0462637861154206
450;random;ssa;.904346995;;3.592;468.953;0.0360930160445306
451;random;SMA;.954774025;;0.553;469.506;0.00312822529954525
453;random;SMA;.885044957;;4.509;474.530;0.0400802183599336
452;random;ssa;5.804430856;;0.515;470.021;0.0450325086617828
454;random;ssa;1.028417489;;0.636;475.166;0.0657184273159393
455;random;seadec;1.498801295;;0.293;475.459;0.0240361194750053
458;random;SMA;.869184644;;0.532;478.348;0.0262853423085934
457;random;SMA;1.527948511;;0.992;477.816;0.0386866425310276
459;random;ssa;.928894744;;0.409;478.757;0.0472776063296307
456;random;ssa;3.691359090;;1.365;476.824;0.0369276456170677
460;random;SMA;1.611143129;;0.039;478.796;0.00312822529954525
462;random;seadec;1.760341914;;0.4;479.668;0.00853866866997741
461;random;ssa;3.390828618;;0.472;479.268;0.0360930160445306
463;random;ssa;2.731870507;;0.132;479.800;0.0351769567303275
466;random;SMA;1.006171029;;0.189;481.265;0.0400802183599336
468;random;SMA;.746166778;;0.206;481.823;0.0260920139484302
464;random;ssa;2.431792132;;1.162;480.962;0.0656320663227048
469;random;ssa;.968416224;;0.376;482.199;0.0354027676498525
465;random;SMA;2.933704503;;0.114;481.076;0.0262853423085934
471;random;ssa;.961709934;;0.21;482.642;0.0639327156526897
472;random;seadec;.897857093;;0.291;482.933;0.0200421445003984
467;random;seadec;3.231409677;;0.352;481.617;0.0240361194750053
473;random;ssa;2.005401041;;0.601;483.534;0.0360930160445306
474;random;ssa;.902217398;;1.179;484.713;0.0360930160445306
470;random;ssa;3.814816922;;0.233;482.432;0.0377148729094167
475;random;SMA;.866798361;;1.413;486.126;0.0044156703260322
476;random;seadec;1.494569267;;0.303;486.429;0.00929623085818988
477;random;SMA;.950552057;;0.599;487.028;0.0303277073168743
478;random;SMA;1.486929587;;1.718;488.746;0.0423559013427496
479;random;seadec;.729467102;;1.012;489.758;0.0200421445003984
481;random;seadec;.894049209;;0.885;490.822;0.0200366493973128
480;random;ssa;2.139392160;;0.179;489.937;0.0472776063296307
482;random;SMA;.867012057;;0.537;491.359;0.00572928357269349
484;random;seadec;.887924370;;0.874;493.094;0.0240361194750053
485;random;seadec;.933593433;;0.097;493.191;0.0240361194750053
486;random;seadec;.678586059;;0.603;493.794;0.00853866866997741
488;random;ssa;.954038982;;0.095;494.923;0.0657184273159393
487;random;SMA;1.491029514;;1.034;494.828;0.0427559244477954
483;random;ssa;7.320678548;;0.861;492.220;0.0468428353029938
490;random;ssa;1.094109762;;0.37;498.685;0.034465109395276
489;random;seadec;1.637284693;;3.392;498.315;0.00853866866997741
492;random;seadec;.741851080;;1.235;499.972;0.0240361194750053
491;random;ssa;2.042966586;;0.052;498.737;0.0351994025147571
494;random;SMA;.860504126;;0.055;501.447;0.00572928357269349
496;random;ssa;1.028921444;;0.032;502.613;0.0656320663227048
493;random;ssa;2.827777008;;1.42;501.392;0.0656320663227048
498;random;SMA;.690637635;;0.161;504.459;0.0386866425310276
495;random;ssa;2.970033118;;1.134;502.581;0.0351769567303275
497;random;ssa;1.726041276;;1.685;504.298;0.0639327156526897
499;random;SMA;.919942815;;2.532;506.991;0.0044156703260322
500;random;ssa;.998190928;;0.312;507.303;0.0462637861154206
501;random;seadec;.739686569;;1.123;508.426;0.0194549251238626
503;random;seadec;.898036730;;0.97;510.803;0.0196202016385114
502;random;ssa;2.016621356;;1.407;509.833;0.0463158279553995
505;random;SMA;.728606454;;0.052;510.923;0.0044156703260322
504;random;SMA;.909916602;;0.068;510.871;0.0044156703260322
507;random;seadec;.724470291;;0.293;513.469;0.0196202016385114
508;random;SMA;.868415921;;0.706;514.175;0.0386866425310276
506;random;ssa;2.609465788;;2.253;513.176;0.0657184273159393
509;random;SMA;1.463812130;;1.923;516.098;0.027678078136308
511;random;SMA;1.008161331;;0.923;518.251;0.027678078136308
514;random;SMA;1.328344500;;0.092;518.856;0.0386866425310276
510;random;ssa;3.852342220;;1.23;517.328;0.0369276456170677
517;random;SMA;.870920029;;0.816;519.955;0.027678078136308
515;random;ssa;2.024025096;;0.217;519.073;0.0463158279553995
518;random;ssa;1.089144350;;1.799;521.754;0.0351994025147571
512;random;ssa;6.455121416;;0.057;518.308;0.0464705153781347
520;random;ssa;.854184942;;1.621;523.681;0.0657184273159393
521;random;ssa;1.009099473;;0.345;524.026;0.0189752485931269
522;random;ssa;.953205562;;0.474;524.500;0.0656320663227048
523;random;SMA;.891638778;;1.598;526.098;0.0400802183599336
516;random;ssa;8.676997408;;0.066;519.139;0.0351994025147571
513;random;ssa;9.731421279;;0.456;518.764;0.0468428353029938
525;random;seadec;.722638795;;0.19;528.240;0.0196202016385114
524;random;SMA;1.481381814;;1.952;528.050;0.00572928357269349
526;random;ssa;1.179694267;;0.68;528.920;0.0462637861154206
527;random;SMA;.871047401;;1.537;530.457;0.0423559013427496
529;random;ssa;1.177475858;;1.134;532.105;0.0463158279553995
519;random;ssa;12.166816706;;0.306;522.060;0.0464705153781347
530;random;seadec;.893653804;;1.699;533.804;0.0240361194750053
532;random;SMA;.892127266;;0.102;535.227;0.0386866425310276
531;random;seadec;1.072083216;;1.321;535.125;0.0194549251238626
533;random;seadec;.887013386;;0.241;535.468;0.0200366493973128
534;random;SMA;.650194276;;0.585;536.053;0.0427559244477954
528;random;ssa;7.566453311;;0.514;530.971;0.0472776063296307
537;random;ssa;.951032150;;0.049;537.073;0.0658004472335592
538;random;ssa;1.029449110;;0.26;537.333;0.0189752485931269
536;random;ssa;1.847798116;;0.503;537.024;0.034465109395276
539;random;seadec;.881698222;;0.733;538.066;0.0194549251238626
541;random;SMA;.698447274;;0.025;538.874;0.00572928357269349
542;random;ssa;1.848388759;;0.135;539.009;0.0351994025147571
543;random;seadec;1.038374711;;1.3;540.309;0.0240361194750053
535;random;ssa;7.170721939;;0.468;536.521;0.0463158279553995
547;random;SMA;1.046638676;;0.21;542.871;0.0427559244477954
548;random;SMA;.699412845;;0.343;543.214;0.0303277073168743
546;random;SMA;1.455527579;;0.645;542.661;0.0262853423085934
549;random;seadec;.689135445;;1.129;544.343;0.0240361194750053
550;random;ssa;.869813319;;0.477;544.820;0.0650104625049824
540;random;ssa;7.544338371;;0.783;538.849;0.0468428353029938
551;random;seadec;.739546159;;0.695;545.515;0.00853866866997741
552;random;SMA;.653622561;;0.704;546.219;0.0262853423085934
545;random;ssa;6.360104685;;0.734;542.016;0.0657184273159393
553;random;ssa;1.162483562;;1;547.219;0.0450325086617828
544;random;ssa;7.924747102;;0.973;541.282;0.0450325086617828
556;random;SMA;.993222135;;1.063;549.123;0.0044156703260322
555;random;ssa;2.801328210;;0.497;548.060;0.0650104625049824
557;random;ssa;.930158141;;0.814;549.937;0.0650104625049824
554;random;ssa;3.575529980;;0.344;547.563;0.0650104625049824
558;random;seadec;.898209354;;0.475;550.412;0.00853866866997741
559;random;seadec;.898639664;;0.254;550.666;0.0196202016385114
560;random;SMA;1.459574704;;0.267;550.933;0.0260920139484302
561;random;seadec;1.475179305;;1.793;552.726;0.0240361194750053
562;random;SMA;.709605358;;1.735;554.461;0.0427559244477954
563;random;seadec;2.256996360;;0.366;554.827;0.0200421445003984
564;random;SMA;.854029993;;2.445;557.272;0.00312822529954525
565;random;SMA;.646601203;;1.578;558.850;0.0400802183599336
567;random;SMA;.878697358;;0.123;559.151;0.027678078136308
566;random;SMA;1.483710100;;0.178;559.028;0.00312822529954525
568;random;ssa;1.893082274;;1.518;560.669;0.0377148729094167
569;random;seadec;1.484730742;;2.67;563.339;0.0200421445003984
570;random;SMA;.876424839;;0.855;564.194;0.0385801680617862
571;random;ssa;.865497908;;1.594;565.788;0.0639327156526897
573;random;SMA;.749238442;;0.023;567.795;0.0400802183599336
572;random;SMA;1.131216619;;1.984;567.772;0.0386866425310276
575;random;SMA;1.491887525;;0.155;569.544;0.0260920139484302
576;random;SMA;1.513991298;;1.035;570.579;0.00312822529954525
577;random;SMA;.898823073;;1.225;571.804;0.0262853423085934
578;random;seadec;.889656486;;0.17;571.974;0.0240361194750053
579;random;ssa;.871978988;;0.063;572.037;0.0658004472335592
580;random;SMA;.937755926;;1.963;574.000;0.0262853423085934
574;random;ssa;7.079515198;;1.594;569.389;0.0468428353029938
581;random;ssa;1.063862448;;1.145;575.145;0.034465109395276
583;random;SMA;1.091307472;;0.537;577.572;0.0260920139484302
582;random;ssa;3.683348216;;1.89;577.035;0.0360930160445306
585;random;SMA;1.105962398;;2.506;581.102;0.0386866425310276
586;random;SMA;1.437065452;;2.638;583.740;0.0044156703260322
584;random;ssa;6.951455204;;1.024;578.596;0.0463158279553995
587;random;seadec;2.152288821;;0.271;584.011;0.00853866866997741
588;random;SMA;1.068330829;;1.975;585.986;0.0423559013427496
589;random;ssa;1.094011872;;0.74;586.726;0.0351769567303275
591;random;SMA;.876228186;;0.036;587.730;0.0294444332989678
590;random;ssa;1.065553361;;0.968;587.694;0.0482841409439691
592;random;ssa;.954433249;;0.145;587.875;0.0464705153781347
593;random;ssa;1.096249750;;2.954;590.829;0.0354027676498525
594;random;SMA;1.466396600;;3.624;594.453;0.0400802183599336
595;random;SMA;1.043267019;;1.959;596.412;0.00312822529954525
596;random;SMA;.699251990;;1.057;597.469;0.0427559244477954
597;random;SMA;.731954632;;0.828;598.297;0.0294444332989678
598;random;ssa;.944391848;;1.877;600.174;0.0658004472335592
599;random;seadec;1.058628108;;2.022;602.196;0.0194549251238626
600;random;seadec;.893316289;;1.668;603.864;0.0194549251238626
601;random;SMA;.860591461;;0.796;604.660;0.0427559244477954
602;random;SMA;1.470961828;;0.505;605.165;0.0385801680617862
603;random;ssa;1.160843058;;1.056;606.221;0.0464705153781347
604;random;ssa;1.206601490;;0.436;606.657;0.0464705153781347
605;random;seadec;.886223807;;2.259;608.916;0.00929623085818988
606;random;ssa;1.847234246;;0.708;609.624;0.0351994025147571
607;random;SMA;.877356665;;1.224;610.848;0.0303277073168743
608;random;seadec;1.477775195;;1.22;612.068;0.00853866866997741
609;random;SMA;.862846114;;2.158;614.226;0.00572928357269349
611;random;ssa;.881748301;;0.529;615.605;0.0650104625049824
610;random;ssa;2.000784657;;0.85;615.076;0.0463158279553995
612;random;seadec;1.057514519;;0.603;616.208;0.00929623085818988
614;random;ssa;.953137146;;0.071;618.298;0.0464705153781347
615;random;ssa;1.069289109;;0.027;618.325;0.0482841409439691
613;random;ssa;1.323318811;;2.019;618.227;0.0468428353029938
617;random;SMA;1.462719102;;1.045;620.819;0.027678078136308
618;random;ssa;.931742397;;1.708;622.527;0.034465109395276
619;random;SMA;.870844917;;1.038;623.565;0.00572928357269349
616;random;ssa;6.444024207;;1.449;619.774;0.0462637861154206
620;random;ssa;1.108501626;;1.543;625.108;0.0369276456170677
621;random;SMA;1.046221697;;0.038;625.146;0.00572928357269349
622;random;SMA;.875219290;;0.571;625.717;0.00572928357269349
623;random;SMA;1.024179420;;0.159;625.876;0.0260920139484302
624;random;ssa;.955828761;;0.054;625.930;0.0464705153781347
626;random;seadec;.652640447;;0.461;627.726;0.00929623085818988
625;random;ssa;2.356498537;;1.335;627.265;0.0450325086617828
627;random;ssa;2.129839906;;0.079;627.805;0.0650104625049824
628;random;ssa;.993822005;;1.16;628.965;0.0639327156526897
629;random;SMA;1.068807296;;0.709;629.674;0.0423559013427496
631;random;seadec;.910445582;;0.16;632.054;0.0240361194750053
633;random;ssa;1.044618434;;0.111;632.346;0.0482841409439691
632;random;SMA;1.470628537;;0.181;632.235;0.0260920139484302
634;random;SMA;.657191958;;0.578;632.924;0.0303277073168743
630;random;ssa;2.437529074;;2.22;631.894;0.0639327156526897
635;random;SMA;.812226878;;2.611;635.535;0.0400802183599336
636;random;SMA;.861245282;;0.746;636.281;0.0044156703260322
637;random;SMA;1.495234639;;1.939;638.220;0.0423559013427496
638;random;ssa;1.045278294;;0.429;638.649;0.0482841409439691
639;random;ssa;1.185964461;;0.177;638.826;0.0482841409439691
640;random;SMA;.998225778;;0.225;639.051;0.0294444332989678
641;random;SMA;.912972784;;1.449;640.500;0.0386866425310276
642;random;ssa;.984173568;;1.828;642.328;0.0657184273159393
643;random;ssa;1.070262064;;2.358;644.686;0.034465109395276
644;random;ssa;.893027117;;0.778;645.464;0.0360930160445306
645;random;seadec;.944449943;;0.934;646.398;0.00929623085818988
646;random;SMA;.698831287;;1.59;647.988;0.0262853423085934
647;random;SMA;.848233917;;0.199;648.187;0.00312822529954525
649;random;ssa;.995818498;;0.614;648.869;0.0472776063296307
648;random;ssa;2.666831351;;0.068;648.255;0.0482841409439691
650;random;SMA;.964738137;;2.167;651.036;0.0044156703260322
651;random;SMA;.873157705;;0.372;651.408;0.00572928357269349
652;random;ssa;.872659135;;0.041;651.449;0.0656320663227048
653;random;ssa;1.066649875;;0.931;652.380;0.034465109395276
655;random;SMA;.750139720;;0.732;653.171;0.00572928357269349
654;random;ssa;1.738321074;;0.059;652.439;0.0657184273159393
656;random;seadec;1.331554862;;1.285;654.456;0.0240361194750053
657;random;seadec;.730675778;;2.245;656.701;0.0194549251238626
658;random;SMA;1.662315631;;0.157;656.858;0.0400802183599336
659;random;ssa;1.921330111;;0.435;657.293;0.0650104625049824
660;random;SMA;1.330599657;;2.602;659.895;0.027678078136308
661;random;SMA;.691700013;;0.781;660.676;0.0386866425310276
662;random;ssa;1.030372244;;1.398;662.074;0.0464705153781347
663;random;SMA;.885712350;;0.084;662.158;0.0386866425310276
664;random;ssa;1.031219833;;0.578;662.736;0.0377148729094167
665;random;ssa;1.180316078;;2.311;665.047;0.0462637861154206
667;random;ssa;1.878906809;;0.074;665.670;0.0354027676498525
669;random;SMA;1.091145056;;0.595;666.839;0.0400802183599336
666;random;ssa;2.702001411;;0.549;665.596;0.0656320663227048
671;random;ssa;1.184057733;;0.089;668.538;0.0650104625049824
673;random;SMA;.917389871;;0.173;668.814;0.0044156703260322
668;random;ssa;4.115080556;;0.574;666.244;0.0377148729094167
674;random;ssa;1.075531572;;0.08;668.894;0.0639327156526897
675;random;ssa;1.115550603;;0.312;669.206;0.0354027676498525
672;random;SMA;2.266910058;;0.103;668.641;0.027678078136308
676;random;SMA;1.466440936;;0.387;669.593;0.0044156703260322
677;random;SMA;.865800507;;2.349;671.942;0.0262853423085934
670;random;ssa;5.934353903;;1.61;668.449;0.0450325086617828
678;random;SMA;.645102019;;1.539;673.481;0.0260920139484302
681;random;SMA;.956551370;;0.026;676.000;0.0294444332989678
680;random;SMA;1.723845534;;0.289;675.974;0.0386866425310276
679;random;ssa;2.161758951;;2.204;675.685;0.0639327156526897
682;random;ssa;1.004273875;;3.067;679.067;0.0639327156526897
683;random;ssa;.855231073;;1.361;680.428;0.0657184273159393
684;random;SMA;.872246540;;0.702;681.130;0.0262853423085934
685;random;seadec;1.062562139;;2.184;683.314;0.0200421445003984
687;random;seadec;.941186587;;0.021;683.433;0.0240361194750053
686;random;ssa;1.193605770;;0.098;683.412;0.0360930160445306
688;random;seadec;.881996283;;0.935;684.368;0.0194549251238626
689;random;SMA;1.490837023;;0.366;684.734;0.0044156703260322
691;random;SMA;.974939141;;0.24;685.471;0.0262853423085934
692;random;ssa;.920776264;;1.06;686.531;0.0377148729094167
690;random;ssa;2.804805629;;0.497;685.231;0.034465109395276
693;random;seadec;.701746185;;5.99;692.521;0.0194549251238626
694;random;seadec;.728582894;;0.386;692.907;0.0196202016385114
695;random;SMA;.943928452;;0.481;693.388;0.0260920139484302
696;random;seadec;1.470647510;;0.672;694.060;0.00929623085818988
697;random;SMA;1.114948090;;0.998;695.058;0.0303277073168743
701;random;ssa;1.099308159;;0.153;695.703;0.0369276456170677
703;random;seadec;.678544540;;0.851;696.571;0.0200366493973128
698;random;ssa;2.489534459;;0.194;695.252;0.0464705153781347
699;random;ssa;2.254227499;;0.286;695.538;0.0351769567303275
700;random;ssa;2.622166707;;0.012;695.550;0.0657184273159393
705;random;SMA;.670833209;;0.217;697.587;0.00572928357269349
704;random;ssa;1.016701431;;0.799;697.370;0.0656320663227048
702;random;ssa;3.744608243;;0.017;695.720;0.0464705153781347
706;random;seadec;.682973854;;1.255;698.842;0.0200421445003984
707;random;ssa;1.996577656;;0.857;699.699;0.0462637861154206
708;random;seadec;.904212613;;1.237;700.936;0.0200421445003984
709;random;SMA;1.450102908;;0.643;701.579;0.0262853423085934
710;random;seadec;.893320010;;1.813;703.392;0.0240361194750053
711;random;ssa;1.164044363;;0.665;704.057;0.0450325086617828
713;random;ssa;1.080291675;;0.03;705.514;0.0351769567303275
714;random;ssa;1.852774311;;0.275;705.789;0.0351994025147571
715;random;seadec;.887604826;;0.985;706.774;0.00853866866997741
712;random;ssa;2.575409967;;1.427;705.484;0.0482841409439691
717;random;ssa;1.120510875;;0.127;707.680;0.0369276456170677
716;random;SMA;1.579647372;;0.779;707.553;0.0423559013427496
718;random;ssa;1.845303912;;0.462;708.142;0.0472776063296307
720;random;SMA;.690088639;;0.257;715.499;0.0294444332989678
719;random;seadec;1.473930297;;7.1;715.242;0.0200421445003984
721;random;SMA;1.443826338;;1.176;716.675;0.0262853423085934
722;random;SMA;.853301304;;2.452;719.127;0.00312822529954525
723;random;SMA;.655355131;;0.352;719.479;0.0400802183599336
724;random;SMA;.882153583;;0.218;719.697;0.0385801680617862
725;random;ssa;.970665884;;2.617;722.314;0.0468428353029938
726;random;ssa;2.442023325;;1.289;723.603;0.0639327156526897
728;random;ssa;1.162132204;;0.589;726.845;0.0464705153781347
730;random;SMA;.865580428;;1.313;728.793;0.00312822529954525
727;random;ssa;3.735020769;;2.653;726.256;0.0354027676498525
729;random;ssa;3.235529804;;0.635;727.480;0.0351994025147571
734;random;SMA;.749059466;;0.273;735.338;0.0044156703260322
732;random;SMA;1.706211368;;0.217;734.880;0.0294444332989678
733;random;SMA;1.717794265;;0.185;735.065;0.0044156703260322
735;random;ssa;.894386814;;0.714;736.052;0.034465109395276
737;random;ssa;1.826326629;;0.051;737.615;0.0650104625049824
738;random;ssa;1.030662328;;0.753;738.368;0.0639327156526897
739;random;SMA;.892491809;;0.195;738.563;0.027678078136308
742;random;seadec;.670299264;;0.24;739.269;0.00929623085818988
731;random;ssa;6.435491657;;5.87;734.663;0.0462637861154206
736;random;ssa;3.561404633;;1.512;737.564;0.0354027676498525
743;random;seadec;.890223334;;0.878;740.147;0.00929623085818988
741;random;ssa;2.309347608;;0.099;739.029;0.0354027676498525
740;random;ssa;2.621945860;;0.367;738.930;0.0464705153781347
744;random;SMA;1.117152800;;0.831;740.978;0.0294444332989678
745;random;SMA;.880917022;;0.204;741.182;0.00312822529954525
746;random;SMA;.954939108;;1.728;742.910;0.0262853423085934
747;random;seadec;.680805419;;0.518;743.428;0.00853866866997741
748;random;ssa;1.982713639;;0.965;744.393;0.0468428353029938
751;random;SMA;.874677547;;0.48;747.270;0.0400802183599336
750;random;ssa;2.022103838;;0.44;746.790;0.0464705153781347
752;random;seadec;.871024153;;1.53;748.800;0.0200366493973128
749;random;ssa;3.897312549;;1.957;746.350;0.0377148729094167
753;random;seadec;1.776069024;;0.074;748.874;0.0196202016385114
755;random;ssa;1.241772271;;0.658;749.673;0.0462637861154206
754;random;ssa;2.126666527;;0.141;749.015;0.0354027676498525
756;random;SMA;.847007650;;0.715;750.388;0.027678078136308
757;random;SMA;.878842076;;1.473;751.861;0.00312822529954525
758;random;seadec;.933557030;;0.354;752.215;0.00853866866997741
759;random;SMA;.881282912;;2.79;755.005;0.00572928357269349
760;random;ssa;.930601350;;1.893;756.898;0.0369276456170677
761;random;ssa;1.071009125;;0.6;757.498;0.034465109395276
762;random;ssa;.852541435;;0.67;758.168;0.0472776063296307
763;random;seadec;.886154492;;0.449;758.617;0.0200421445003984
765;random;ssa;1.002541301;;0.286;759.719;0.0464705153781347
766;random;SMA;.865003056;;0.299;760.018;0.00572928357269349
767;random;SMA;.866853218;;0.448;760.466;0.00312822529954525
764;random;ssa;3.057805116;;0.816;759.433;0.0351769567303275
769;random;SMA;.665501027;;0.974;763.219;0.00572928357269349
768;random;ssa;1.991493808;;1.779;762.245;0.0450325086617828
770;random;SMA;1.493508420;;1.245;764.464;0.0427559244477954
771;random;SMA;.863936504;;2.965;767.429;0.00312822529954525
774;random;ssa;1.098046019;;0.048;768.687;0.0354027676498525
775;random;ssa;1.208303144;;0.077;768.764;0.0463158279553995
776;random;SMA;.942877544;;0.552;769.316;0.0423559013427496
772;random;ssa;2.160987535;;1.007;768.436;0.0639327156526897
773;random;ssa;2.115480903;;0.203;768.639;0.0472776063296307
777;random;seadec;.934268732;;2.086;771.402;0.0194549251238626
778;random;SMA;.692358953;;0.411;771.813;0.00312822529954525
779;random;ssa;2.040189937;;3.349;775.162;0.0189752485931269
780;random;SMA;1.686502079;;0.563;775.725;0.0044156703260322
782;random;SMA;.972031695;;0.105;776.398;0.00572928357269349
781;random;ssa;3.634315534;;0.568;776.293;0.0354027676498525
785;random;ssa;2.090349287;;0.747;777.637;0.0463158279553995
786;random;ssa;1.079608856;;1.066;778.703;0.0450325086617828
784;random;SMA;3.781145205;;0.347;776.890;0.0427559244477954
787;random;ssa;1.942636454;;0.615;779.318;0.0189752485931269
783;random;ssa;5.894800889;;0.145;776.543;0.0450325086617828
788;random;ssa;2.018860618;;1.089;780.407;0.0369276456170677
789;random;seadec;1.719468316;;3.439;783.846;0.0200366493973128
792;random;seadec;.715907663;;0.091;784.846;0.0200421445003984
791;random;ssa;1.001423948;;0.523;784.755;0.0189752485931269
790;random;ssa;2.073252675;;0.386;784.232;0.0351994025147571
793;random;seadec;.901042882;;0.934;785.780;0.00929623085818988
794;random;SMA;.895691092;;0.074;785.854;0.0044156703260322
795;random;ssa;1.906938321;;0.708;786.562;0.0377148729094167
796;random;ssa;.919438859;;1.834;788.396;0.0369276456170677
797;random;ssa;1.094017220;;0.063;788.459;0.0369276456170677
798;random;ssa;.995388996;;0.605;789.064;0.0377148729094167
799;random;ssa;1.057439476;;0.816;789.880;0.0472776063296307
801;random;seadec;.922999403;;0.12;790.628;0.0200421445003984
800;random;ssa;1.203414611;;0.628;790.508;0.0463158279553995
802;random;seadec;.655483507;;0.41;791.038;0.0240361194750053
803;random;SMA;1.073891025;;0.094;791.132;0.0385801680617862
804;random;ssa;2.030408982;;0.627;791.759;0.0656320663227048
806;random;SMA;1.620686469;;0.318;792.691;0.0400802183599336
807;random;seadec;.649886553;;2.385;795.076;0.0240361194750053
808;random;ssa;1.119899802;;0.461;795.537;0.034465109395276
809;random;ssa;1.265524216;;0.025;795.562;0.0468428353029938
810;random;seadec;.751852537;;1.279;796.841;0.0200366493973128
805;random;ssa;5.736427754;;0.614;792.373;0.0450325086617828
811;random;ssa;.963573953;;1.605;798.446;0.0639327156526897
812;random;SMA;.672112043;;2.278;800.724;0.0294444332989678
814;random;seadec;.884449665;;0.888;803.131;0.0194549251238626
813;random;ssa;1.901722809;;1.519;802.243;0.0351994025147571
815;random;ssa;1.979062742;;1.014;804.145;0.0450325086617828
817;random;SMA;1.541083897;;0.698;805.973;0.0262853423085934
816;random;ssa;2.688042968;;1.13;805.275;0.0639327156526897
818;random;SMA;1.544975503;;1.043;807.016;0.0294444332989678
820;random;seadec;.827288757;;0.84;811.569;0.0194549251238626
821;random;seadec;.947781416;;0.057;811.626;0.0194549251238626
819;random;ssa;2.274552954;;3.713;810.729;0.0482841409439691
822;random;ssa;1.010393099;;1.626;813.252;0.0658004472335592
824;random;ssa;.811387012;;0.073;814.640;0.0189752485931269
825;random;seadec;.944988961;;0.796;815.436;0.0194549251238626
823;random;ssa;2.736529012;;1.315;814.567;0.0650104625049824
826;random;SMA;.853761319;;1.316;816.752;0.0303277073168743
827;random;SMA;.966218349;;0.696;817.448;0.0400802183599336
829;random;SMA;.859435894;;0.001;817.527;0.00312822529954525
828;random;ssa;.962551867;;0.078;817.526;0.034465109395276
832;random;ssa;.994029904;;0.009;818.876;0.0472776063296307
831;random;seadec;1.505335899;;0.351;818.867;0.00853866866997741
833;random;SMA;.920667912;;0.548;819.424;0.00572928357269349
834;random;ssa;1.106367106;;0.358;819.782;0.0377148729094167
836;random;ssa;1.076344312;;0.5;820.750;0.0351769567303275
835;random;ssa;3.282258566;;0.468;820.250;0.0650104625049824
830;random;ssa;6.267876086;;0.989;818.516;0.0369276456170677
838;random;SMA;1.547948800;;1.234;822.980;0.0385801680617862
837;random;SMA;3.412507065;;0.996;821.746;0.0400802183599336
841;random;SMA;.982160479;;0.658;826.312;0.0262853423085934
840;random;ssa;1.879939093;;2.325;825.654;0.0351994025147571
839;random;ssa;5.721295175;;0.349;823.329;0.0450325086617828
842;random;ssa;.961588765;;3.505;829.817;0.0658004472335592
843;random;seadec;.717035643;;2.42;832.237;0.00853866866997741
844;random;ssa;1.006338632;;0.213;832.450;0.0360930160445306
845;random;ssa;2.189454521;;0.213;832.663;0.034465109395276
846;random;SMA;1.741330982;;0.472;833.135;0.0260920139484302
848;random;SMA;.899799300;;0.365;835.136;0.027678078136308
850;random;seadec;.900649035;;0.04;835.199;0.00929623085818988
847;random;SMA;1.622342676;;1.636;834.771;0.0303277073168743
849;random;ssa;2.186182713;;0.023;835.159;0.0464705153781347
852;random;ssa;.847466030;;0.247;837.678;0.0189752485931269
851;random;SMA;1.483142490;;2.232;837.431;0.0385801680617862
853;random;seadec;.744616515;;1.146;838.824;0.00929623085818988
854;random;ssa;.883381125;;0.577;839.401;0.0656320663227048
856;random;SMA;.930983316;;0.345;839.754;0.0044156703260322
855;random;SMA;1.838055917;;0.008;839.409;0.027678078136308
857;random;SMA;1.011982687;;2.884;842.638;0.0423559013427496
859;random;SMA;.828581029;;0.237;843.859;0.0294444332989678
858;random;ssa;1.117345653;;0.984;843.622;0.0463158279553995
860;random;seadec;.905372359;;0.188;844.047;0.00929623085818988
861;random;SMA;.986888174;;3.313;847.360;0.0400802183599336
862;random;ssa;1.097550711;;1.268;848.628;0.0360930160445306
863;random;ssa;1.149894377;;0.94;849.568;0.0450325086617828
864;random;ssa;.959778941;;0.942;850.510;0.034465109395276
865;random;SMA;.945704594;;0.152;850.662;0.027678078136308
867;random;seadec;.873997603;;0.627;855.412;0.0200366493973128
866;random;ssa;1.979975234;;4.123;854.785;0.0472776063296307
868;random;SMA;1.574157547;;0.337;855.749;0.00312822529954525
869;random;ssa;1.198970292;;0.884;856.633;0.0462637861154206
871;random;ssa;1.180531960;;0.372;857.267;0.0463158279553995
870;random;ssa;3.910181990;;0.262;856.895;0.0377148729094167
872;random;SMA;.917011835;;3.467;860.734;0.027678078136308
873;random;ssa;1.203366956;;0.384;861.118;0.0463158279553995
874;random;SMA;.898658475;;0.36;861.478;0.0260920139484302
876;random;SMA;.941818435;;0.886;862.490;0.027678078136308
875;random;ssa;2.459694307;;0.126;861.604;0.0650104625049824
878;random;seadec;.906448687;;0.361;864.081;0.0200366493973128
877;random;SMA;1.472197436;;1.23;863.720;0.0385801680617862
879;random;ssa;1.161950403;;0.26;864.341;0.0450325086617828
880;random;ssa;1.715132972;;1.294;865.635;0.0189752485931269
881;random;ssa;2.575547547;;2.925;868.560;0.0472776063296307
882;random;SMA;.704146245;;2.504;871.064;0.0400802183599336
884;random;SMA;.859841835;;0.02;872.516;0.027678078136308
883;random;SMA;1.473346262;;1.432;872.496;0.0386866425310276
885;random;ssa;.992163128;;1.435;873.951;0.0354027676498525
886;random;SMA;.687009832;;1.647;875.598;0.0260920139484302
888;random;ssa;1.164668846;;0.008;876.819;0.0463158279553995
887;random;ssa;2.006658256;;1.213;876.811;0.0468428353029938
890;random;SMA;.866792966;;0.452;879.348;0.0385801680617862
889;random;ssa;1.987957547;;2.077;878.896;0.0354027676498525
891;random;ssa;1.101795844;;0.588;879.936;0.0377148729094167
892;random;ssa;1.859758437;;0.267;880.203;0.0189752485931269
893;random;seadec;.866988881;;1.584;881.787;0.00853866866997741
894;random;ssa;1.180751954;;0.877;882.664;0.0463158279553995
895;random;SMA;.891474726;;1.954;884.618;0.00572928357269349
897;random;ssa;.844500973;;0.121;885.942;0.0482841409439691
896;random;ssa;1.191096318;;1.203;885.821;0.0468428353029938
898;random;ssa;1.180863522;;1.101;887.043;0.0351994025147571
899;random;ssa;1.780316701;;2.172;889.215;0.0658004472335592
900;random;SMA;1.510867922;;1.431;890.646;0.0386866425310276
901;random;ssa;1.172237639;;1.56;892.206;0.0463158279553995
902;random;ssa;2.523117978;;0.621;892.827;0.0482841409439691
905;random;seadec;.686619967;;0.014;895.319;0.00853866866997741
904;random;SMA;.968573522;;0.396;895.305;0.00312822529954525
907;random;ssa;.826596562;;0.269;896.359;0.0472776063296307
909;random;ssa;1.013832635;;0.268;896.760;0.0650104625049824
910;random;seadec;1.506895961;;2.005;898.765;0.00929623085818988
903;random;ssa;6.497974946;;2.082;894.909;0.0464705153781347
911;random;SMA;1.539146665;;1.158;899.923;0.0260920139484302
908;random;SMA;5.520352428;;0.133;896.492;0.0262853423085934
912;random;SMA;1.729508116;;1.128;901.051;0.00572928357269349
906;random;ssa;7.690006067;;0.771;896.090;0.0468428353029938
914;random;SMA;.969852703;;1.081;902.369;0.027678078136308
913;random;ssa;2.331772349;;0.237;901.288;0.0369276456170677
916;random;seadec;.913884505;;0.131;903.012;0.00929623085818988
915;random;SMA;1.536264479;;0.512;902.881;0.0260920139484302
918;random;ssa;.942880558;;1.262;904.529;0.0639327156526897
920;random;SMA;.862547008;;0.366;905.212;0.027678078136308
919;random;ssa;1.746568441;;0.317;904.846;0.0657184273159393
921;random;SMA;.715079446;;0.553;905.765;0.0386866425310276
922;random;SMA;.660049205;;0.535;906.300;0.0385801680617862
917;random;ssa;7.388229985;;0.255;903.267;0.0472776063296307
923;random;ssa;1.747267981;;4.579;910.879;0.0650104625049824
924;random;SMA;.867865530;;1.87;912.749;0.0423559013427496
925;random;seadec;.977097194;;2.503;915.252;0.0200366493973128
928;random;seadec;.894150822;;0.02;915.881;0.0200421445003984
927;random;seadec;1.491883026;;0.284;915.861;0.0196202016385114
926;random;ssa;2.996327979;;0.325;915.577;0.0351769567303275
930;random;ssa;2.161228738;;0.145;917.027;0.0369276456170677
932;random;ssa;1.119446439;;0.073;918.162;0.0377148729094167
933;random;seadec;.992087662;;0.08;918.242;0.0194549251238626
934;random;SMA;.939503544;;0.278;918.520;0.0423559013427496
931;random;seadec;1.617266756;;1.062;918.089;0.0200421445003984
935;random;ssa;2.646622149;;0.118;918.638;0.0656320663227048
937;random;SMA;.630450887;;0.068;921.681;0.00572928357269349
936;random;ssa;1.012030782;;2.975;921.613;0.0639327156526897
929;random;ssa;6.821953661;;1.001;916.882;0.0462637861154206
938;random;ssa;1.766939142;;0.732;922.413;0.0658004472335592
940;random;SMA;.723951458;;0.256;923.822;0.0262853423085934
941;random;SMA;.924264425;;1.363;925.185;0.00572928357269349
939;random;ssa;2.805667733;;1.153;923.566;0.034465109395276
944;random;ssa;.922360982;;0.73;930.014;0.0650104625049824
945;random;ssa;1.977665209;;2.943;932.957;0.0464705153781347
942;random;ssa;6.906389128;;3.918;929.103;0.0462637861154206
943;random;ssa;6.862578226;;0.181;929.284;0.0462637861154206
947;random;SMA;1.286248156;;1.442;935.817;0.0385801680617862
946;random;ssa;2.814853059;;1.418;934.375;0.0657184273159393
949;random;ssa;.951124614;;0.348;936.226;0.0482841409439691
948;random;ssa;5.839242309;;0.061;935.878;0.0450325086617828
950;random;seadec;.708289977;;5.838;942.064;0.0200421445003984
951;random;SMA;1.450685398;;0.044;942.108;0.00312822529954525
952;random;ssa;1.058304462;;1.468;943.576;0.0351769567303275
953;random;ssa;1.187601721;;1.338;944.914;0.0463158279553995
954;random;SMA;1.468748027;;0.661;945.575;0.027678078136308
956;random;SMA;.723693736;;0.246;947.063;0.0385801680617862
957;random;seadec;.732098382;;0.211;947.274;0.00853866866997741
955;random;SMA;1.484151940;;1.242;946.817;0.00312822529954525
958;random;seadec;.905179119;;0.08;947.354;0.0200421445003984
959;random;seadec;.925684372;;0.169;947.523;0.0196202016385114
960;random;seadec;.913702333;;0.546;948.069;0.0200421445003984
961;random;SMA;.845216956;;0.396;948.465;0.0303277073168743
963;random;SMA;1.295889689;;0.161;949.308;0.0400802183599336
962;random;ssa;1.741899961;;0.682;949.147;0.0656320663227048
964;random;seadec;.874697362;;0.894;950.202;0.0194549251238626
966;random;SMA;.847960109;;0.534;952.412;0.0044156703260322
965;random;seadec;1.468777753;;1.676;951.878;0.0240361194750053
967;random;seadec;.994544482;;0.469;952.881;0.00929623085818988
968;random;SMA;.856731470;;0.707;953.588;0.0262853423085934
969;random;SMA;.867206061;;1.344;954.932;0.0294444332989678
970;random;SMA;1.076624701;;0.094;955.026;0.0294444332989678
971;random;ssa;1.056996899;;0.499;955.525;0.0462637861154206
972;random;SMA;.649987804;;0.909;956.434;0.00572928357269349
973;random;seadec;1.062277663;;0.257;956.691;0.0200366493973128
974;random;SMA;1.084522610;;2.052;958.743;0.0385801680617862
976;random;SMA;.676294261;;0.431;959.210;0.0262853423085934
975;random;ssa;1.984936450;;0.036;958.779;0.0468428353029938
977;random;ssa;1.025341172;;0.536;959.746;0.0472776063296307
978;random;ssa;1.196378204;;0.261;960.007;0.0462637861154206
979;random;SMA;.635070374;;0.633;960.640;0.0044156703260322
980;random;ssa;.966183128;;1.358;961.998;0.034465109395276
981;random;SMA;1.737334550;;0.079;962.077;0.0385801680617862
982;random;ssa;1.935687496;;0.204;962.281;0.0472776063296307
983;random;SMA;.868484764;;4.089;966.370;0.0260920139484302
984;random;SMA;1.968641401;;2.432;968.802;0.0303277073168743
985;random;seadec;1.521622719;;1.028;969.830;0.0194549251238626
986;random;SMA;1.473485095;;2.206;972.036;0.0423559013427496
987;random;SMA;1.058323335;;0.41;972.446;0.0294444332989678
988;random;SMA;.874673724;;2.267;974.713;0.0423559013427496
990;random;SMA;.873041757;;1.129;976.835;0.0386866425310276
991;random;SMA;1.174763788;;1.246;978.081;0.0260920139484302
994;random;ssa;.892701131;;0.525;979.386;0.034465109395276
992;random;ssa;2.134605518;;0.571;978.652;0.0656320663227048
993;random;ssa;2.127979599;;0.209;978.861;0.0639327156526897
989;random;ssa;6.000650335;;0.993;975.706;0.0464705153781347
995;random;SMA;.860297783;;1.585;980.971;0.0044156703260322
996;random;seadec;1.504620284;;0.087;981.058;0.0240361194750053
997;random;seadec;1.549494791;;1.538;982.596;0.0196202016385114
999;random;SMA;1.502564091;;0.026;983.559;0.0044156703260322
998;random;ssa;2.528750239;;0.937;983.533;0.0650104625049824
