0.89 0.89 0.75 0.57
0.94 0.86 1 0.59
1 0.86 0.75 0.64
0.56 0.56 0.2 0.25
0.43 0.5 0.34 0.31
0.7 0.55 0 0.55
0.67 0.38 0 0.09
0 0.67 0 0.17
0.67 0.65 0 0.09
0.6 0.4 0 0.13
0.5 0.38 0 0.42
0.5 0.13 0 0.03
0.34 0.43 0 -123456789
0.15 0.64 0 0.03
0.38 0.38 0 -123456789
0.47 0.29 0 -123456789
0 0.17 0 -123456789
0.5 0.43 0 -123456789
0 0.13 0 -123456789
0.69 0.34 0 -123456789
0.9 0.67 0 -123456789
0.86 0.55 0 -123456789
0 0.34 0 -123456789
0.47 0.58 0 -123456789
0.54 0.5 0 -123456789
0.73 0.63 0 -123456789
0.12 0.3 0 0.13
0.72 0.67 0 0.13
1 0.67 0 0.03
0.5 0.15 0 0.13
0.74 0.6 0 0.03
0.63 0.5 0 -123456789
0 0.29 0 -123456789
0.7 0.67 0 -123456789
0.69 0.5 0 -1.23457e+08
0.72 0.5 0 -1.23457e+08
0 0.67 0 -123456789
0.38 0.25 0 -123456789
0.5 0.38 0 -123456789
0 0.63 0 -123456789
0.71 0.63 0 -123456789
0.67 0.43 0 -123456789
0.45 0.34 0 -123456789
0.77 0.34 0 -123456789
0.42 0.45 0 -123456789
0.43 0.23 0 -123456789
0.48 0.3 0 -123456789
0.73 0.27 0 -123456789
0.72 0.58 0 -123456789
0.43 0.56 0 -123456789
0 0.34 0 -123456789
0.25 0.5 0 -123456789
0 0 0 -123456789
0.9 0.58 0 -123456789
0.73 0.58 0 -123456789
0.63 0.34 0 -123456789
0.43 0.5 0 -123456789
0.8 0.58 0 -123456789
0.36 0 0 -123456789
0.71 0.69 0 -123456789
0.72 0.67 0 -123456789
0.28 0.72 0 -123456789
0.67 0 0 -123456789
0.5 0.34 0 -123456789
0.5 0.15 0 -123456789
0.5 0.29 0 -123456789
0.63 0 0 -123456789
0.32 0.34 0 -123456789
0.25 0.46 0 -123456789
0.19 0 0.2 -123456789
0 0.34 0 -123456789
0 0 0 -123456789
0.45 0.25 0.1 -123456789
0.19 0.15 0 -123456789
0.24 0.38 0 -123456789
0.5 0.34 0 -123456789
0.8 0.5 0 -123456789
0.58 0.38 0 -123456789
0.94 0.5 0 -123456789
0.72 0.72 0 -123456789
0.58 0.34 0 -123456789
0.67 0.34 0 -123456789
0.63 0.63 0 -123456789
0.79 0.5 0 -123456789
0.67 0.58 0 -123456789
0.72 0.43 0 -123456789
0.39 0.3 0 -123456789
0.43 0.58 0 -123456789
0.38 0.38 0 -123456789
0 0.38 0 0
0.5 0.15 0 -123456789
0.75 0.64 0 -123456789
0.17 0.38 0 -123456789
0.88 0.67 0 -123456789
0.88 0.84 0 -123456789
0.64 0.5 0 -123456789
0.73 0.5 0 -123456789
0.75 0.5 0 -123456789
0.4 0.34 0 -123456789
0.5 0.43 0 -123456789
0.5 0.34 0 -123456789
0 0.34 0 -123456789
0.47 0.38 0 -123456789
0.67 0.5 0 -123456789
0.43 0.34 0 -123456789
0.77 0.67 0 -123456789
0.72 0 0 -123456789
0.44 0.4 0 -123456789
0.78 0.4 0 -123456789
0.67 0.63 0 -123456789
0.7 0.34 0 -123456789
0.65 0 0 -123456789
0.22 0.56 0 0.58
0.73 0.4 0 -123456789
0.48 0.4 0 -123456789
0.48 0.34 0 -123456789
0.12 0.3 0 -123456789
0.69 0.72 0 -123456789
0.75 0.45 0 -123456789
0.55 0 0 -123456789
0.67 0.38 0 -123456789
0.5 0.38 0 -123456789
0.46 0.43 0 -123456789
0.67 0.72 0 -123456789
0.67 0 0 -123456789
0 0.4 0 -123456789
0 0 0 -123456789
0.5 0 0 -123456789
0 0.34 0 -123456789
0.5 0.43 0 -123456789
0 0.38 0 -123456789
0.72 0.37 0 -123456789
0.5 0.43 0 -123456789
0.41 0.6 0 -123456789
0.34 0.34 0 -123456789
0.77 0.63 0 -123456789
0 0.58 0 -123456789
0.9 0.5 0 -123456789
0.5 0.38 0 -123456789
0.7 0.4 0 -123456789
0.64 0 0 -123456789
0.94 0.63 0 -123456789
0.8 0.72 0 -123456789
0.72 0.4 0 -123456789
0.4 0.63 0 -123456789
0.74 0.5 0 -123456789
0.07 0.29 0 -123456789
0.38 0.4 0 -123456789
0.74 0 0 -123456789
0 0.63 0 -123456789
0.43 0.4 0 -123456789
0.67 0.72 0 -123456789
0.72 0.45 0 -123456789
0.46 0.58 0 -123456789
-123456789 0.25 0 -123456789
0.5 0.34 0 -123456789
0.45 0.38 0 -123456789
0.43 0.25 0 -123456789
0.43 0.58 0 -123456789
0.2 0.34 0 -123456789
0.5 0 0 -123456789
0 0 0 0.06
0 0.67 0 0.14
0.67 0.67 0 -123456789
0.77 0.58 0 -123456789
0.72 0.65 0 -123456789
0.58 0.62 0 -123456789
0 0.38 0 -123456789
0.72 0.4 0 -123456789
0.91 0.84 0 -123456789
0.74 0.63 0 -123456789
0.67 0.58 0 -123456789
0.95 1 0 -123456789
0.79 1 0 -123456789
1 0.72 0 -123456789
0.7 0.43 0 -123456789
0.7 0.5 0 -1.23457e+08
1 0.63 0 -123456789
0.74 0.58 0 -123456789
0.63 0.58 0 -123456789
0.46 0.25 0 -123456789
0 0.34 0 -123456789
0.29 0.29 0 -123456789
0.17 0.65 0.2 -123456789
0.55 0 0 -123456789
0.7 0 0 -123456789
0.72 0.43 0 -123456789
0.8 0.67 0 -123456789
0.8 0.63 0 -123456789
0.05 0.34 0 -123456789
0.5 0.34 0 -123456789
0.46 0.34 0 -123456789
0.5 0.23 0 -123456789
0.45 0.15 0 -123456789
0 0.2 0 0.13
0.67 0 0 0.2
0 0.4 0 -123456789
0.73 0.63 0 -123456789
-123456789 0.64 0 -123456789
0.34 0.72 0 -123456789
0 0.43 0 -123456789
0.4 0.3 0.12 -123456789
0.74 0.34 0 -123456789
0.42 0.2 0 -123456789
0.78 0.25 0 -123456789
0 0.5 0 -123456789
0.77 0.63 0 -123456789
0.67 0.15 0 -123456789
0 0.5 0 -123456789
0.94 0.56 0 -123456789
0.75 0 0 -123456789
0.67 0.67 0 -123456789
0.63 0.34 0 -123456789
0.75 0.34 0 -123456789
0 0.34 0 -123456789
0.8 0.63 0 0
0.18 0 0 -123456789
0.76 0.5 0 -123456789
0.75 0 0 -123456789
0.43 0.56 0 -123456789
0.72 0.4 0 -123456789
0.58 0.43 0 -123456789
0 0.38 0 -123456789
0.42 0 0 -123456789
0.69 0.58 0 -123456789
0.67 0.5 0 -123456789
-123456789 0.5 0 -123456789
0.75 0.63 0 -123456789
0.72 0.72 0 -123456789
0.78 0.58 0 -123456789
0.75 0.8 0 -123456789
0.75 0.67 0 -123456789
0.63 0.5 0 -123456789
0.6 0.38 0 -123456789
0.43 0.34 0 -123456789
0.64 0.5 0 -123456789
0.18 0.5 0 -123456789
0.5 0.5 0 -123456789
0.58 0.5 0 -123456789
0.43 0.63 0 -123456789
0.79 0.56 0 -123456789
0.7 0 0 -123456789
0.75 0.4 0 -123456789
0.67 0.34 0 -123456789
0.75 0.34 0 -123456789
0.5 0 0 -123456789
0.58 0.63 0 0
0.73 0.67 0 -123456789
1 0.34 0 -123456789
0.78 0.7 0 -123456789
0 0.25 0 -123456789
0.67 0.38 0 -123456789
0.73 0.67 0 -123456789
0.73 0 0 -123456789
0.38 0.25 0 -123456789
0.68 0.7 0 -123456789
0.72 0.45 0 -123456789
0 0.42 0 -123456789
0.43 0.25 0 -123456789
0 0.13 0 -123456789
0 0.25 0 -123456789
0.42 0.17 0 -123456789
0 0.25 0 -123456789
-123456789 0.29 0 0.09
0.39 0.5 0 -1.23457e+08
0.71 0.63 0 -123456789
-123456789 0.34 0 -123456789
0 0.56 0 -123456789
0.15 0.29 0 -123456789
0.67 0.58 0 -123456789
0.77 0 0 -123456789
1 0.58 0 -123456789
0.75 0.75 0 -123456789
0.74 0.58 0 -123456789
0.69 0.5 0 -123456789
0.79 0.43 0 -123456789
0.67 0.58 0 -123456789
0.7 0.6 0.25 -123456789
0.29 0.4 0 -123456789
0.24 0.3 0 -123456789
0.48 0.43 0 -123456789
0.7 0.58 0 -123456789
0.84 0.67 0 -123456789
0 0.8 0 -123456789
0.8 0 0 -123456789
0.67 0.5 0 -123456789
0.7 0.34 0 -123456789
0.17 0.45 0 -123456789
0.9 0.5 0 -123456789
0.67 0.67 0 -123456789
0.93 0.72 0 -123456789
0.67 0.45 0 -123456789
0 0.29 0 -123456789
0.63 0.34 0 -123456789
0.44 0.43 0 -123456789
0.8 0 0 -123456789
0.71 0.67 0 -123456789
0.63 0 0 -123456789
0.74 0.67 0 -123456789
0.71 0.29 0 -123456789
0 0.34 0 -123456789
0.69 0.5 0 -123456789
0.63 0.63 0 -123456789
0.7 0.63 0 -123456789
0.71 0.5 0 -123456789
0.73 0.38 0 -123456789
0.9 0.4 0 -123456789
0.73 0.56 0 -123456789
0.67 0 0 -123456789
0.63 0.54 0 -123456789
0.95 0.63 0 -123456789
0.69 0.5 0 0
0.73 0 0 -123456789
-123456789 0.5 0 -123456789
0.72 0.38 0 0
0.72 0.84 0 -123456789
0.73 0.8 0 -123456789
0.63 0.67 0 -123456789
0.43 0.43 0 -123456789
0 0.25 0 -123456789
0.08 0.4 0 -123456789
0.46 0.5 0 -123456789
0.4 0.4 0 -123456789
-123456789 0.77 0 -123456789
1 0.63 0 -123456789
0.94 0.72 0 0.45
0.75 0.43 0 0.3
0.77 0.6 0 0.42
0.73 0.4 0 -123456789
-123456789 0.62 0 0.31
0.73 0.6 0 0.25
1 0.92 0 0.31
0.75 0.63 0 0.38
0.67 0.34 0 0.38
0.5 0.34 0 0.46
0.48 0.43 0 0.15
1 0.84 0 0.25
0.92 1 0 -123456789
1 0.85 0 -123456789
0.95 0.89 0 -123456789
0.95 0.84 0 -123456789
0.88 0.86 0 -123456789
0.9 0.84 0 -123456789
0.93 0.58 0 -123456789
1 0.84 0 -123456789
0.94 0.84 0 0
0.93 1 0 -123456789
-123456789 0.92 0 -123456789
0.94 0.75 0 -123456789
1 0.86 0 -123456789
1 0.84 0 0.04
0.94 1 0 -123456789
1 0.84 0 -123456789
0.93 0.84 0 -123456789
1 0.84 0 -123456789
0.94 0.84 0 -123456789
1 0.75 0 -123456789
0.94 0.75 0 -123456789
0.94 1 0 -123456789
1 1 0 -123456789
0.93 1 0 -123456789
0.91 1 0 -123456789
0.94 0.84 0 -123456789
0.94 0.88 0 -123456789
0.93 0.84 0 -123456789
0.89 0.73 0 -123456789
1 0.75 0 -123456789
0.93 0.67 0 -123456789
0.88 0.75 0 -123456789
0.94 0.72 0 -123456789
1 0.84 0 -123456789
0.94 1 0 -123456789
1 0.84 0 -123456789
0.87 0.84 0 -123456789
0.94 0.84 0 -123456789
0.93 0.8 0 -123456789
1 0.86 0 -123456789
0.89 0.84 0 -123456789
1 0.84 0 -123456789
0.93 0.84 0 -123456789
0.94 0.86 0 -123456789
0.94 1 0 -123456789
1 0.88 0 -123456789
1 1 0 -123456789
0.79 0.86 0 -123456789
0.88 0.84 0 -123456789
0.92 0.84 0 -123456789
0.94 0.75 0 -123456789
1 0.88 0 -123456789
0.94 0.86 0 -123456789
0.95 0.72 0 -123456789
1 0.86 0 -123456789
0.94 0.84 0 -123456789
1 0.86 0 -123456789
0.94 0.84 0 -123456789
0.95 0.84 0 -123456789
0.95 0.5 0 0.06
0.94 1 0 -123456789
1 0.84 0 -123456789
0.93 0.86 0 -123456789
0.93 0.84 0 -123456789
-123456789 1 0 -123456789
0.95 0.86 0 -123456789
0.95 0.84 0 -123456789
1 1 0 -123456789
1 0.58 0 -123456789
0.94 1 0 -123456789
0.87 1 0 -123456789
0.93 0.75 0 -123456789
0.95 0.78 0 -123456789
0.94 1 0 -123456789
0.94 0.84 0 -123456789
1 0.72 0 -123456789
1 1 0 -123456789
0.95 0.86 0 -123456789
0.95 0.78 0 -123456789
0.87 0.78 0 -123456789
0.95 1 0 -123456789
0.87 1 0 -123456789
1 0.8 0 -123456789
0.89 0.86 0 -123456789
1 0.84 0 -123456789
0.94 1 0 -123456789
1 0.84 0 -123456789
1 0.84 0 -123456789
0.82 0.86 0 -123456789
1 0.86 0 -123456789
0.95 0.84 0 -123456789
0.93 0.84 0 -123456789
0.94 1 0 -123456789
0.93 0.86 0 -123456789
0.94 0.75 0 -123456789
0.93 0.86 0 -123456789
1 1 0 0.09
0.95 0.84 0 0.13
0.94 0.86 0 0.03
0.93 1 0 0.13
0.9 1 0 0.03
0.94 0.84 0 0.03
1 0.67 0 0.13
0.87 0.75 0 0.09
1 0.84 0 0.13
0.86 0.86 0 0.13
0.77 1 0 0.09
0.95 0.88 0 0.13
0.93 0.67 0 0.09
1 0.84 0 0.13
0.86 0.8 0 0.13
0.95 0.72 0 0.05
0.94 1 0.2 0.1
0.93 0.84 0 0.13
1 1 0 0.03
0.95 1 0 0.06
1 0.75 0 0.13
0.92 0.78 0 0.02
1 0.86 0 0.13
1 0.84 0 0.12
0.87 1 0 0
1 0.63 0 0.03
1 0.86 0 0.13
1 0.75 0 0.04
0.93 0.9 0 0.13
1 0.86 0 0.13
0.94 1 0 0.04
0.94 0.86 0 0.16
1 0.84 0 0.09
1 1 0.34 0.2
0.93 1 0 -123456789
0.87 0.84 0 0.13
0.93 0.86 0 0.13
1 0.72 0 0.03
1 0.84 0 0.13
0.94 1 0 0.09
0.94 0.86 0 0.2
0.94 1 0 0.04
1 0.84 0.25 0.13
1 0.86 0 0.13
1 0.84 0 0.13
0.73 0.63 0 0.09
0.91 1 0 0.25
1 0.86 0 0.42
1 1 0 0.61
0.89 0.86 0 0.3
0.85 1 0 0.31
1 0.86 0 0.38
0.93 0.86 0 -123456789
0.91 1 0 0.38
0.93 1 0 0.31
0.86 0.88 0 0.38
0.94 0.72 0 0.38
1 0.67 0 0.46
0.87 0.84 0 0.38
0.89 0.84 0 0.25
0.94 0.75 0 0.38
1 1 0 0.5
0.93 0.86 0 0.25
0.95 1 0 0.42
0.9 0.86 0 0.31
-123456789 0.93 0 0.42
0.91 0.72 0 0.42
0.95 0.84 0 0.25
0.89 0.89 0 0.42
0.94 0.72 0 0.25
0.93 1 0 0.38
0.86 0.84 0 0.38
0.82 0.88 0 0.53
0.94 0.84 0 0.61
1 0.84 0 0.4
0.94 0.84 0 0.61
0.88 0.88 0 0.75
0.92 1 0 0.57
0.91 1 0 0.55
1 0.72 0 0.59
0.95 0.84 0 0.72
0.93 0.86 0 0.57
1 0.72 0 0.45
0.95 0.86 0 0.57
0.87 0.84 0 0.57
0.86 0.84 0 0.57
1 0.84 0 0.63
1 0.72 0 0.63
0.95 0.78 0 0.57
0.94 0.84 0 0.48
0.82 0.67 0 0.63
0.94 0.84 0 0.52
0.87 0.86 0 0.57
1 0.84 0 0.5
0.88 1 0 0.63
1 0.67 0 0.63
1 0.86 0 0.59
0.94 0.72 0 0.4
0.93 1 0 0.61
0.89 0.75 0 0.59
0.86 1 0 0.63
0.95 0.86 0 0.64
1 1 0 0.5
0.87 0.75 0 0.57
0.94 0.84 0 0.55
0.93 1 0 0.63
0.94 1 0 0.25
0.9 0.86 0 0.57
0.95 0.75 0 0.57
0.93 0.67 0 0.57
0.95 1 0 0.55
0.86 0.9 0 0.57
0.86 0.84 0 0.59
1 1 0 0.63
0.95 0.84 0 0.52
0.94 0.72 0 0.63
0.89 0.86 0 0.25
1 0.84 0 0.45
0.91 0.86 0 0.65
0.85 1 0 0.57
1 1 0 0.65
1 0.88 0 0.55
0.89 1 0 0.59
0.85 1 0 0.63
0.93 0.84 0 0.61
0.94 0.86 0 0.5
0.93 0.88 0 0.57
0.93 0.78 0.25 0.47
0.94 0.86 0.25 0.61
0.94 1 0.34 0.57
0.88 0.86 0.34 0.39
1 0.84 0.34 0.59
0.93 0.72 0.34 0.64
0.94 1 0.25 0.57
0.93 0.86 0.25 0.55
0.9 0.84 0.25 0.53
1 0.67 0.25 0.53
0.93 0.72 0.34 0.55
0.82 0.86 0.34 0.45
0.94 0.72 0.5 0.57
1 0.84 0.25 0.57
1 0.78 0 0.59
0.89 0.86 0.34 0.5
0.93 0.86 0.2 0.59
1 1 0.25 0.48
1 0.86 0.25 0.55
1 0.86 0.2 0.63
0.94 0.72 0.34 0.42
1 0.72 0.25 0.57
0.93 0.78 0.34 0.66
