0.95 0.84 0.67 0.57
0.94 0.86 0.67 0.37
0.93 0.86 0.84 0.55
0.95 0.86 0.5 0.64
1 0.67 1 0.53
0.72 0.58 0.75 0.7
0.95 0.5 0.75 0.5
0.91 1 0.34 0.52
0.95 0.88 0.34 0.33
0.73 0.5 0.25 0.42
1 0.58 0 0.63
0.93 1 0.4 0.61
0.94 0.86 0.34 0.25
0.82 0.72 0.5 0.38
0.95 0.72 0.25 0.38
1 0.75 0 0.31
0.94 0.67 1 -123456789
0.93 1 1 0.31
0.87 1 1 0.5
0.71 0.58 0.75 0.38
0.15 0.5 0.34 0.42
0.94 0.88 0.5 0.61
0.89 0.88 0.25 0.57
0.92 0.75 0.25 0.5
0.89 0.86 0.25 0.38
0.71 0.58 0.34 0.25
0.88 0.72 0.5 0.38
0.86 0.84 0.34 0.25
1 0.75 0.5 0.63
0.89 0.8 0.34 0.64
0.94 0.84 0.67 0.5
0.95 1 0.67 0.48
0.63 0.43 1 0.3
1 0.63 0.67 0.63
0.92 0 0.75 0.57
0.95 0.84 1 0.57
0.95 0.84 0.25 0.38
0.94 0.86 0.2 0.38
0.88 0.84 0.2 0.38
0.91 0.84 1 0.38
0.82 0.86 0.6 0.38
0.94 0.84 0.5 -1.23457e+08
0.95 0.84 0.67 -1.23457e+08
0 0.56 1 -1.23457e+08
1 0 0.6 0.21
0.88 0.75 0.75 0.61
0.88 0.84 0.5 0.63
0.9 0.72 0.25 0.33
0.91 1 0.17 0.25
0.88 1 0 0.63
0.75 0.91 0.75 0.75
0.5 1 0.6 0.45
0.95 0.58 0.75 0.57
0.92 0.67 0.8 0.63
0.93 1 1 0.38
1 0.84 0.75 0.62
0.91 1 0.4 0.55
0.9 0.75 0.5 0.55
0.88 1 0.4 0.57
0.94 0.92 0.8 0.38
0.93 1 0.75 0.21
0.95 0.88 0.67 0.33
0.89 0.84 1 0.38
0.6 0.63 0.8 0.38
0.72 0.67 0.75 0.38
0.7 0.84 0.75 0.42
1 0.85 0.34 -123456789
0.9 1 0.25 0.13
0.67 1 0.25 0.13
0.6 0.8 0.34 0.25
0.87 1 0.25 0.15
0.84 0.67 0.84 0.42
0.91 0 0.25 0.3
0.78 0.86 0.4 0.13
0.74 0.86 0.25 0.38
0.91 0.5 0 0.25
0.92 0.72 0.4 0.03
0.79 0.84 0.4 0.03
0.93 0.84 0.34 0.03
0.86 0.86 0.75 0.13
1 1 0.67 0.13
1 0.84 0.75 0.03
0.9 0.84 0.6 0.05
0.93 0.86 0.75 0.38
0.88 1 0.67 0.38
0.77 1 0.67 0.38
0.34 0.72 0.25 0.03
0.88 0.6 0.2 0.13
0.56 0.88 0.25 0.13
0.65 0.45 0 0.03
1 0.58 0.88 0.03
0.94 0.86 0.67 0.15
0.91 0.84 1 0.42
1 1 0.75 0.61
0.91 0.86 0.75 0.59
0.94 0.67 0.34 0.5
1 0.72 0.25 0.48
1 0.67 0.25 0.38
0.75 0.63 0.67 0.25
0.73 0.5 0.5 0.09
0.89 0.6 0.17 -123456789
0.93 0.86 0.5 0.61
0.94 0.86 1 0.45
0.72 0.86 0.75 0.59
0.76 1 0.34 0.57
0.94 0.8 0.34 0.5
1 0.75 0.34 0.63
0.95 0.84 0.75 0.39
1 0.86 0.75 0.38
0.95 0.86 0.67 0.38
0.86 0.78 1 0.53
0.77 0.67 0.25 0.55
0.32 0.67 0.34 0.31
0.5 1 0.25 0.38
0.7 0.84 0.25 0.47
0.88 0.84 0.67 0.5
0.9 1 1 0.57
0.82 0.58 1 0.57
0.93 0.5 0.67 0.57
0.95 1 0.5 0.5
1 0.86 0.75 0.39
0.94 1 0 0.53
1 0.84 0.4 0.48
0.95 0.86 0.25 0.57
1 1 0.25 0.42
0.93 0.84 0.5 0.15
0.95 0.84 0.5 0.63
0.85 1 0.67 0.3
0.95 0.86 0.5 0.5
0.75 0.84 0.75 0.55
0.75 0.78 0.67 0.63
0.88 0.86 0.6 0.64
0.95 0.86 0.6 0.61
0.89 1 0.75 0.57
0.93 0.56 0.25 0.45
0.95 0.58 0.34 0.59
0.95 1 0 0.55
1 0.84 0 0.34
-123456789 0.93 0.75 0.31
-123456789 0.92 0.67 0.25
-123456789 0.67 0.34 0.63
-123456789 0.93 0.34 0.37
-123456789 0.88 0.5 0.57
-123456789 0.9 0.67 0.18
-123456789 0.82 0.5 0.55
-123456789 0.34 0.75 0.59
-123456789 1 0.75 0.5
-123456789 1 0.5 0.15
-123456789 0.82 0.6 -123456789
-123456789 0.6 0.75 0.61
-123456789 0.88 0.25 0.48
-123456789 0.86 0.25 0.38
-123456789 0.82 1 0.61
-123456789 0.88 0.75 0.52
-123456789 0.72 0.67 0.42
-123456789 0.6 0.75 0.57
-123456789 0.58 0.25 0.55
-123456789 0.84 0.34 0.57
-123456789 0.88 0.34 -1.23457e+08
-123456789 0.88 0.93 -123456789
-123456789 0.6 1 0.25
-123456789 0.43 0.34 0.25
-123456789 0.75 0.25 0.33
-123456789 0.89 0.34 0.09
-123456789 0.58 0.75 0.33
-123456789 0.94 0.67 0.38
-123456789 0.86 0.25 0.13
-123456789 0.84 0 0.09
-123456789 0.75 0.8 0.38
-123456789 0.73 0.5 0.66
-123456789 0.94 0.5 0.63
-123456789 0.55 0.34 0.53
-123456789 0.93 0.25 0.55
-123456789 0.86 0.2 0.34
-123456789 0.93 0.34 0.13
-123456789 0.88 0.34 0.03
-123456789 1 0.67 0.38
-123456789 0.67 1 0.5
-123456789 0.88 0.6 0.42
-123456789 0.93 0.25 0.65
-123456789 0.86 0.25 0.57
-123456789 1 1 0.33
-123456789 1 0.67 0.38
-123456789 0.93 0.5 0.57
-123456789 1 0.8 -123456789
-123456789 0.67 0.67 0.57
-123456789 0.84 0.25 0.38
-123456789 1 0 0.63
-123456789 0.85 0.75 0.5
-123456789 0.67 0.6 0.64
-123456789 0.93 0.25 0.25
-123456789 0.92 0.34 0.53
-123456789 0.93 0.67 0.4
-123456789 0.89 0.75 0.52
-123456789 0.59 0.25 0.57
-123456789 0.87 0.34 0.75
-123456789 0.93 0.25 0.38
-123456789 0.6 1 0.63
-123456789 0.67 0.5 0.45
-123456789 0.15 0.6 0.59
-123456789 0.86 0.4 0.3
-123456789 0.75 0.25 0.42
-123456789 0.7 0.75 0.33
-123456789 0.93 1 0.38
-123456789 0.86 0.34 0.31
-123456789 1 0.67 0.38
-123456789 0.94 0.75 -123456789
-123456789 0.86 0.75 0.48
-123456789 0.58 1 0.38
-123456789 0.88 0.25 0.63
-123456789 0.89 0.6 0.38
-123456789 0.86 0.5 0.38
-123456789 0.93 0.6 0.33
-123456789 0.86 1 0.25
-123456789 1 0.6 0.21
-123456789 0.67 0.67 0.38
-123456789 0.85 0.25 0.25
-123456789 0.88 0.34 0.38
-123456789 0.85 0.75 0.38
-123456789 0.6 0.34 0.03
-123456789 0.84 0.34 -1.23457e+08
-123456789 1 1 0.61
-123456789 0.6 0.6 0.48
-123456789 0.89 0.75 0.45
-123456789 0.86 0.25 0.17
-123456789 1 0.25 0.38
-123456789 0.84 0.67 0.45
-123456789 0.75 1 0.25
-123456789 0.86 1 0.53
-123456789 0.87 0.75 0.4
-123456789 0.88 0.75 0.57
-123456789 0.95 1 0.55
-123456789 0.93 0.75 -1.23457e+08
-123456789 0.5 0.34 0.65
-123456789 0.93 1 0.55
-123456789 1 0.75 0.35
-123456789 0.89 1 0.38
-123456789 0.84 0.67 0.38
-123456789 0.78 0.5 0.2
-123456789 0.86 0.67 0.25
-123456789 1 0.67 0.31
-123456789 0.92 0.5 0.12
-123456789 0.67 0.6 0.33
-123456789 0.65 0.25 0.5
-123456789 0.8 0.34 0.31
-123456789 0.92 0.5 0.63
-123456789 0.86 0.75 0.59
-123456789 0.86 0.75 0.57
-123456789 1 0.67 0.59
-123456789 0.93 0.6 0.48
-123456789 0.9 1 0.55
-123456789 0.93 0.75 0.63
-123456789 0.62 1 0.57
-123456789 0.86 1 0.54
-123456789 0.92 0.67 0.39
-123456789 0.93 0.34 0.57
-123456789 0.89 0.34 0.25
-123456789 0.91 0.4 0.63
-123456789 1 1 0.57
-123456789 0.58 0.75 0.57
-123456789 1 1 0.48
-123456789 0.92 0.67 0.59
-123456789 0.91 0.25 0.61
-123456789 1 0 0.29
-123456789 1 1 0.25
-123456789 1 0.6 0.42
-123456789 0.84 0.5 0.55
-123456789 0.93 0.8 0.64
-123456789 0.86 0.6 0.57
-123456789 0.72 0.4 0.61
-123456789 0.94 0.6 0.34
-123456789 1 0.34 0.33
-123456789 0.84 0.25 0.64
-123456789 0.78 0.72 0.52
-123456789 0 0.25 0.5
-123456789 0.84 0.34 0.48
-123456789 0.6 0.75 0.31
-123456789 0.93 0.75 0.63
-123456789 0.94 0.75 0.69
-123456789 0.56 0.4 0.57
-123456789 0.9 0.34 0.42
-123456789 0.93 1 0.42
-123456789 0.45 0.34 0.57
-123456789 0.87 0.34 0.38
-123456789 0.59 0 0.34
-123456789 0.31 1 0.31
-123456789 0.86 0.34 0.53
-123456789 0.94 0.34 -123456789
-123456789 0.93 0.75 0.38
-123456789 0.75 0.75 0.25
-123456789 0.89 0.67 0.25
-123456789 0.92 0.84 0.52
-123456789 0.78 0.67 0.61
-123456789 1 0.6 0.7
-123456789 0.8 0.6 0.5
-123456789 0.86 0.6 0.61
-123456789 0.63 0.75 0.57
-123456789 0.9 0.5 0.57
-123456789 1 0.25 0.34
-123456789 0.84 1 0.38
-123456789 0.56 0.75 0.57
-123456789 1 0.5 0.63
-123456789 1 0.34 0.42
-123456789 0.88 0.5 0.5
-123456789 0.56 0.75 0.63
-123456789 0.84 0.34 0.57
-123456789 1 0.34 0.38
-123456789 0.92 0.75 0.63
-123456789 0.92 0.75 0.59
-123456789 0.94 0.75 0.57
-123456789 0.88 0.75 0.61
-123456789 0.72 0.25 0.57
-123456789 0.86 0.2 0.45
-123456789 0.92 0.67 0.57
-123456789 0.84 0.6 0.38
-123456789 0.86 0.8 0.48
-123456789 0.87 0.58 0.57
-123456789 0.58 0.5 0.48
-123456789 0.88 0.5 0.38
-123456789 0.86 0 0.55
-123456789 0.86 0.6 0.45
-123456789 0.67 0.34 0.53
-123456789 0.93 0.34 0.33
-123456789 0.86 1 0.53
-123456789 0.84 0.5 0.21
-123456789 0.84 0.75 0.57
-123456789 0.89 0.6 0.61
-123456789 0.56 1 0.57
-123456789 0.88 0.8 0.64
-123456789 1 0.8 0.5
-123456789 0.85 0.75 0.63
-123456789 0.84 1 0.6
-123456789 0.8 0.25 0.57
-123456789 1 0.25 0.35
-123456789 0.88 0.75 0.38
-123456789 0.7 0.75 0.33
-123456789 0 0.34 0.38
-123456789 0.93 0.67 0.57
-123456789 1 0.67 0.47
-123456789 0.93 0.75 0.17
-123456789 0.86 1 0.38
-123456789 0.92 1 0.55
-123456789 0.84 0.75 0.57
-123456789 0.93 0.75 0.63
-123456789 0.88 0.6 0.57
-123456789 0.86 0.75 0.63
-123456789 0.67 1 0.63
-123456789 0.63 0.67 0.57
-123456789 0.85 0.2 0.55
-123456789 1 0.25 0.53
-123456789 0.92 0.75 0.59
-123456789 0.93 0.86 0.3
-123456789 0.93 0.67 0.34
-123456789 0.86 0.5 0.48
-123456789 0.6 0.75 0.64
-123456789 0.86 0.5 0.57
-123456789 0.88 0.25 0.25
-123456789 0.84 0 0.42
-123456789 0.93 1 0.25
-123456789 1 0.75 0.33
-123456789 0.67 0.8 0.5
-123456789 0.86 0.34 0.57
-123456789 0.93 0.2 0.5
-123456789 0.93 0.6 0.38
-123456789 0.67 0.34 0.38
-123456789 0.93 0.17 0.38
-123456789 0.93 0.2 0.61
-123456789 0.75 1 0.25
-123456789 1 1 0.61
-123456789 1 0.67 0.63
-123456789 0.84 0.67 0.75
-123456789 0.56 0.25 0.61
-123456789 1 0.75 0.57
-123456789 0.93 1 0.38
-123456789 0.72 0.75 0.5
-123456789 0.64 0.2 0.38
-123456789 0.84 0.25 0.25
-123456789 0.63 0.84 0.55
-123456789 1 1 0.35
-123456789 1 0.75 0.55
-123456789 0.56 0.75 0.5
-123456789 1 0.25 0.48
-123456789 1 0.34 0.35
-123456789 0.85 0 0.5
-123456789 0.58 0.34 0.5
-123456789 0.85 0.2 0.57
-123456789 0.8 1 0.74
-123456789 1 0.75 0.15
-123456789 0.93 0.75 0.63
-123456789 0.93 0.6 0.48
-123456789 0.63 1 0.59
-123456789 0 0.25 0.59
-123456789 1 0.34 0.38
-123456789 0.93 0.75 0.55
-123456789 0.84 0.75 0.4
-123456789 0.67 0.75 0.55
-123456789 0.63 0.75 0.57
-123456789 0.87 0.75 0.48
-123456789 0.87 0.75 0.61
-123456789 0.75 0.34 0.31
-123456789 0.58 0 0.38
-123456789 0.93 0.34 0.38
-123456789 0.82 0.25 0.53
-123456789 0.75 0.75 0.33
-123456789 0.6 1 0.48
-123456789 0.93 0.4 0.39
-123456789 1 0 0.55
-123456789 0.9 0.67 0.57
-123456789 0.89 0.6 0.31
-123456789 0.82 1 0.63
-123456789 0.75 0.75 0.63
-123456789 0.92 0.75 0.59
-123456789 0.78 0.5 0.31
-123456789 0.72 0 0.61
-123456789 0.93 0.17 0.55
-123456789 0.88 0.75 0.52
-123456789 0.91 0.75 0.42
-123456789 1 0.6 0.5
-123456789 0.6 0.2 0.63
-123456789 0.8 0.17 0.5
-123456789 1 0.75 0.31
-123456789 1 0.75 0.22
-123456789 0.6 0.75 0.31
-123456789 0.93 0.75 0.33
-123456789 1 0.34 0.03
-123456789 1 0.34 0.09
-123456789 0.89 0.75 0.03
-123456789 0.93 0.75 0
-123456789 0.93 0.75 0.38
-123456789 0.9 1 0.3
-123456789 0.93 0.6 0.31
-123456789 0.67 0.6 0.38
-123456789 0.72 0.5 0.57
-123456789 1 0.4 0.38
-123456789 1 0.5 0.21
-123456789 1 0.75 0.25
-123456789 1 0.6 0.38
-123456789 0.75 1 0.53
-123456789 1 1 0.3
-123456789 0.86 0.6 0.66
-123456789 0.88 0.75 0.53
-123456789 0.65 0.75 0.53
-123456789 1 0.34 0.42
-123456789 0.86 1 0.55
-123456789 0.92 0.6 0.5
-123456789 1 0.6 0.25
-123456789 0.91 0.75 0.61
-123456789 0.86 0.4 0.5
-123456789 0.7 0.34 0.5
-123456789 0.77 0.34 0.57
-123456789 0.91 0.75 0.55
-123456789 0.92 1 0.64
-123456789 1 0.75 0.38
-123456789 0.87 0.75 0.17
-123456789 0.93 0.6 0.47
-123456789 0.86 1 0.59
-123456789 0.65 0.25 0.57
-123456789 0.93 0.17 0.25
-123456789 0.85 1 0.47
-123456789 1 0.5 0.57
-123456789 0.84 0.75 0.5
-123456789 0.88 0.75 0.52
-123456789 0.6 0.67 0.57
-123456789 0.86 0.4 0.39
-123456789 0.72 0.25 0.18
-123456789 0.75 1 0.25
-123456789 0.88 0.6 0.38
-123456789 0.73 0.8 0.45
-123456789 0.55 0.25 0.57
-123456789 0.88 0.75 0.48
-123456789 0.88 1 0.37
-123456789 1 1 0.38
-123456789 0.86 0.75 0.44
-123456789 0.63 1 0.38
-123456789 0.82 0.5 0.15
-123456789 0.78 0 0.03
-123456789 0.45 0 0
-123456789 1 0.4 -123456789
-123456789 0.7 0.6 -1.23457e+08
-123456789 0.93 0.5 0.4
-123456789 0.9 0.25 0.13
-123456789 0.92 0 0.25
-123456789 0.93 0.75 0.38
-123456789 0.72 1 0.25
-123456789 0.86 0.25 0.45
-123456789 0.88 0.4 0.38
-123456789 0.59 0.34 0.63
-123456789 0.9 0.25 0.38
-123456789 1 0.6 0.31
-123456789 0.8 1 0.42
-123456789 0.62 0.67 0.42
-123456789 0.94 0.29 0.13
-123456789 0.7 0.67 0.13
-123456789 0.92 0.25 -123456789
-123456789 0.92 0.34 0.25
-123456789 0.85 0.6 0.57
-123456789 0.67 1 0.52
-123456789 0.93 0.25 0.38
-123456789 0.89 0.75 0.31
-123456789 0.64 0.6 0.39
-123456789 0.86 0.8 0.45
-123456789 1 0.75 0.59
-123456789 0.93 0.5 0.5
-123456789 0.88 0 0.55
-123456789 0.85 0.6 0.25
-123456789 0.7 1 0.55
-123456789 0 0.6 0.57
-123456789 0.93 0.2 0.63
-123456789 0.7 0.6 0.49
-123456789 0.84 0.72 0.38
-123456789 0.86 0.6 0.45
-123456789 0.85 0.34 0.63
-123456789 0.88 0.34 0.38
-123456789 0.92 0 0.59
-123456789 0.6 1 0.71
-123456789 1 0.4 0.55
-123456789 0.84 0.25 0.42
-123456789 0.93 1 0.57
-123456789 0.9 0.8 0.38
-123456789 0.64 0.75 0.63
-123456789 0.93 0.75 0.69
-123456789 1 0.5 0.63
-123456789 0.84 0.5 0.61
-123456789 0.92 0.25 0.3
-123456789 1 1 0.3
-123456789 0.67 0.34 0.25
-123456789 0.88 0.34 0.24
-123456789 1 0 0.33
-123456789 1 1 0.38
-123456789 1 0.75 0.42
-123456789 0.56 0.67 0.38
-123456789 0.78 0.25 0.09
-123456789 1 0.25 0.1
-123456789 0.67 0.75 0.09
-123456789 0 1 0.38
-123456789 0.91 0.25 0.61
-123456789 0.93 0.25 0.46
-123456789 0.93 0.67 0.38
-123456789 0.59 0.6 0.18
-123456789 0.93 0.6 0.55
-123456789 1 0.25 0.61
-123456789 0.93 0.25 0.52
-123456789 0.93 0.75 0.57
-123456789 1 1 0.3
-123456789 0.9 0.63 0.63
-123456789 0.72 0.75 0.57
-123456789 0.67 0.34 0.5
-123456789 0.93 0.2 0.31
-123456789 0.93 1 0.38
-123456789 0.62 1 0.42
-123456789 0.94 0.25 0.09
-123456789 0.92 0.34 0.25
-123456789 0.72 1 0.38
-123456789 0.79 0.75 0.55
-123456789 0.84 0.6 0.48
-123456789 0.93 1 0.75
-123456789 0.91 0.25 0.57
-123456789 0.75 0.4 0.55
-123456789 0.93 0.6 0.53
-123456789 1 0.6 0.25
-123456789 0.93 0.75 0.2
-123456789 0.65 1 0.57
-123456789 1 0.6 0.42
-123456789 0.92 0.25 0.57
-123456789 0.86 0.34 0.15
-123456789 1 0.6 0.61
-123456789 1 0.5 0.57
-123456789 0.67 0.34 0.45
-123456789 0.92 0.34 0.38
-123456789 0.7 0.75 0.63
-123456789 1 0.67 0.5
-123456789 1 0.4 0.42
-123456789 0.91 0.6 0.61
-123456789 0.84 0.67 0.3
-123456789 1 0.5 0.5
-123456789 1 0.6 0.31
-123456789 0.86 1 0.33
-123456789 0.65 0.75 0.38
-123456789 0.94 0.67 0.61
-123456789 0.88 0.25 0.63
-123456789 0.88 0.34 0.57
-123456789 1 0.67 0.29
-123456789 0.75 0.6 0.38
-123456789 0.88 0.89 0.38
-123456789 0.86 1 0.31
-123456789 0.58 0.6 0.63
-123456789 0.87 0.25 0.55
-123456789 0.85 0.34 0.59
-123456789 0.93 0.67 0.31
-123456789 0.7 0.6 0.25
-123456789 0.92 0.75 0.38
-123456789 0.8 0.75 0.21
-123456789 0.92 1 0.39
-123456789 0.75 0.25 0.3
-123456789 0.56 0.6 0.25
-123456789 0 0.75 0.13
-123456789 0.92 1 0.31
-123456789 0.75 0.5 0.31
-123456789 0.88 0.75 0.33
-123456789 0.84 0.34 0.38
-123456789 0.75 0.34 0.42
-123456789 0.86 1 0.15
-123456789 1 0.8 0.38
-123456789 0.88 0.75 0.38
-123456789 0.62 1 0.38
-123456789 0.88 0.25 0.43
-123456789 0.92 0.4 0.21
-123456789 0.95 0.75 0.61
-123456789 0.6 0.75 0.55
-123456789 0.84 0.34 0.3
-123456789 0.9 0.8 0.61
-123456789 0.56 0.4 0.34
-123456789 0.92 0.2 0.25
-123456789 0.89 0.6 0.42
-123456789 0.67 0.67 0.31
-123456789 0.92 0.34 0.31
-123456789 1 1 0.63
-123456789 0.7 0.34 0.45
-123456789 0.86 0 0.2
-123456789 0.67 0.4 0.48
-123456789 0.91 0.25 0.38
-123456789 0.8 0.75 0.38
-123456789 0.69 1 0.38
-123456789 0.95 0.75 0.12
-123456789 0.92 0.67 0.38
-123456789 0.92 0.6 0.3
-123456789 1 0.34 0.38
-123456789 1 0 0.38
-123456789 1 0.8 0.25
-123456789 0.7 0.2 0.57
-123456789 0.85 0.2 0.25
-123456789 0.84 0.6 0.35
-123456789 0.63 0.8 0.31
-123456789 0.86 0.75 0.61
-123456789 0.93 1 0.53
-123456789 0.84 0.5 0.55
-123456789 0.92 0.34 0.55
-123456789 0.84 0.2 0.3
-123456789 0.8 0.67 0.63
-123456789 0.86 0.67 0.57
-123456789 0.93 0.84 0.59
-123456789 0.63 0.6 0.34
-123456789 1 0.5 0.59
-123456789 0.75 1 0.55
-123456789 0.93 0.25 0.5
-123456789 1 0.34 0.31
-123456789 0.92 0.75 0.59
-123456789 1 0.6 0.63
-123456789 0.65 0.75 0.52
-123456789 0 1 0.45
-123456789 0.86 1 0.57
-123456789 0.82 1 0.61
-123456789 0.84 1 0.57
-123456789 1 0.25 0.58
-123456789 0.93 0 0.61
-123456789 0.88 0.67 0.57
-123456789 1 1 0.57
-123456789 1 0.6 0.52
-123456789 0.85 0.75 0.53
-123456789 0.86 0.6 0.45
-123456789 0.58 0.34 0.57
-123456789 0.72 0.34 0.38
-123456789 0.89 0.75 0.63
-123456789 0.88 0.5 0.57
-123456789 0.72 0.34 0.63
-123456789 0.93 0.34 0.2
-123456789 0.69 0.25 0.09
-123456789 0.93 0.25 0.12
-123456789 0.59 0.34 0.38
-123456789 0.9 0.2 0.05
-123456789 0.75 0.17 0.38
-123456789 0.93 0.34 0.3
-123456789 0.67 0.75 0.38
-123456789 0.89 0.25 0.55
-123456789 0.93 0.34 0.5
-123456789 0.93 0.67 0.38
-123456789 0.65 0.75 0.5
-123456789 0.93 0.8 0.52
-123456789 0.86 0.25 0.63
-123456789 0.78 0.25 0.35
-123456789 1 0.75 0.39
-123456789 0.8 0.84 0.42
-123456789 0.91 0.25 0.6
-123456789 0.88 0.75 0.42
-123456789 0.67 0.75 0.31
-123456789 0.86 0.34 0.38
-123456789 1 1 0.13
-123456789 0.72 0.75 0.38
-123456789 0.88 0.67 0.38
-123456789 0.85 0.6 0.38
-123456789 0.58 0.5 0.47
-123456789 0.93 0.25 0.25
-123456789 1 0 0.38
-123456789 0.86 1 0.38
-123456789 0.77 0.25 0.25
-123456789 0.91 0.4 0.37
-123456789 0.88 1 0.15
-123456789 0.8 0.75 0.25
-123456789 0.59 0.4 0.38
-123456789 1 0.34 0.63
-123456789 1 0.75 0.63
-123456789 0.93 0.75 0.38
-123456789 0.93 0.86 0.64
-123456789 0.56 0.6 0.64
-123456789 0.92 0.75 0.52
-123456789 0.94 0.5 0.57
-123456789 0.59 0 0.31
-123456789 0.93 1 0.55
-123456789 0.93 0.75 0.5
-123456789 1 0.25 0.25
-123456789 0.79 0 0.5
-123456789 0.89 0.75 0.55
-123456789 1 0.67 0.59
-123456789 0.67 0.67 0.3
-123456789 0.87 0.25 0.61
-123456789 0.7 0.25 0.38
-123456789 0.5 0.34 0.61
-123456789 0 0.34 0.35
-123456789 0.6 0.84 0.13
-123456789 1 0.75 0.38
-123456789 0.87 0.2 0.38
-123456789 1 0.25 0.15
-123456789 0.88 0.75 0.03
-123456789 0.72 0.67 0.13
-123456789 1 0.34 0.2
-123456789 0.88 0.25 -123456789
-123456789 0.85 1 0.2
-123456789 0.92 0.75 0.37
-123456789 0.72 0.75 0.33
-123456789 1 0.2 0.53
-123456789 0.93 0.25 0.52
-123456789 0.9 0.75 0.25
-123456789 1 1 0.63
-123456789 0.57 0.6 0.59
-123456789 0.93 0.67 0.48
-123456789 0.93 0.5 0.55
-123456789 0.88 0.25 0.45
-123456789 0.67 0.75 0.31
-123456789 0.91 0.25 0.13
-123456789 0.78 0.25 0.39
-123456789 0 0.34 0.38
-123456789 1 0 0.2
-123456789 0.5 0.25 0.38
-123456789 0.93 0.5 0.09
-123456789 0.93 0.67 0.38
-123456789 0.86 1 0.42
-123456789 0.58 0.34 0.25
-123456789 0.93 0.2 0.15
-123456789 0.93 1 0.55
-123456789 0.72 0.34 0.45
-123456789 0.85 0.34 0.31
-123456789 1 0.6 0.61
-123456789 0.88 1 0.55
-123456789 0.7 0.25 0.42
-123456789 0.93 0 0.38
-123456789 0.93 0.6 0.38
-123456789 0.58 0.6 0.63
-123456789 1 0.34 0.39
-123456789 0.86 0.67 0.59
-123456789 0.88 1 0.53
-123456789 0.67 1 0.61
-123456789 1 0.67 0.57
-123456789 0.92 0.25 0.33
-123456789 0.7 0.8 0.61
-123456789 0.88 0.75 0.63
-123456789 0.92 0.67 0.31
-123456789 0.89 1 0.59
-123456789 0.73 0.67 0.57
-123456789 0.85 0.2 0.38
-123456789 0.86 0.8 0.22
-123456789 0.89 0.67 0.44
-123456789 0.89 1 0.53
-123456789 0.89 0.67 0.5
-123456789 0.63 0.6 0.57
-123456789 0.88 0 0.63
-123456789 1 0 0.72
-123456789 0.86 0.75 0.31
-123456789 0.67 0.75 0.25
-123456789 0.64 0.75 0.2
-123456789 0.92 0.67 0.57
-123456789 0.72 0.34 0.35
-123456789 0.93 0.34 0.38
-123456789 0.9 0 0.55
-123456789 0.88 0.75 0.55
-123456789 0.6 0.25 0.42
-123456789 0.93 0.4 0.38
-123456789 0.92 0.75 0.31
-123456789 0.88 0.67 0.62
-123456789 0.63 1 0.61
-123456789 0.89 0.5 0.55
-123456789 1 0.34 0.22
-123456789 1 0.4 0.31
-123456789 0.77 0.75 0.57
-123456789 1 1 0.53
-123456789 0.93 0.67 0.57
-123456789 0.7 0.75 0.52
-123456789 0.86 1 0.48
-123456789 0.84 0.67 0.53
-123456789 0.85 0.25 0.3
-123456789 0.85 0.2 0.25
-123456789 0.86 0.8 0.57
-123456789 0.85 0.67 0.61
-123456789 0.7 0.72 0.57
-123456789 0.82 0.4 0.3
-123456789 1 0.34 0.63
-123456789 0.86 0.67 0.59
-123456789 0.86 1 0.57
-123456789 0.72 0.75 0.64
-123456789 0.93 1 0.5
-123456789 0.86 0.6 0.57
-123456789 1 0.75 0.66
-123456789 0.88 0.5 0.69
-123456789 0.86 0.2 0.55
-123456789 0.92 1 0.5
-123456789 0.84 0.84 0.42
-123456789 1 1 0.38
-123456789 0.67 1 0.57
-123456789 0.85 1 0.74
-123456789 0.86 0.75 0.48
-123456789 0.94 0.34 0.45
-123456789 0.93 0.25 0.59
-123456789 0.92 0.25 0.33
-123456789 0.93 0.6 0.55
-123456789 0.85 0.75 0.64
-123456789 0.48 0.6 0.55
-123456789 1 0.34 0.63
-123456789 1 0.75 0.2
-123456789 1 1 0.38
-123456789 0.82 0.75 0.21
-123456789 0.63 0.75 0.3
-123456789 0.75 0 0.38
-123456789 0.92 0.25 0.38
-123456789 0.91 0.34 0.13
-123456789 1 1 0.63
-123456789 1 0.75 0.42
-123456789 0.85 0.75 0.6
-123456789 0.58 0.75 0.61
-123456789 0.92 0.25 0.63
-123456789 0.78 0.25 0.25
-123456789 0.95 0.75 0.38
-123456789 0.86 1 0.38
-123456789 0.65 0.34 0.38
-123456789 0.58 0.17 0.31
-123456789 0.85 0.25 0.38
-123456789 0.88 0.6 0.63
-123456789 0.67 0.75 0.35
-123456789 0.86 0.75 0.63
-123456789 0.93 0.34 0.59
-123456789 0.93 0 0.38
-123456789 0.92 0.8 0.61
-123456789 0.5 0.67 0.63
-123456789 0.92 0.25 0.33
-123456789 1 0.75 0.75
-123456789 0.56 0.25 0.38
-123456789 0.93 0.34 0.25
-123456789 0.95 0.75 0.38
-123456789 0.67 0.6 0.64
-123456789 0.86 0.75 0.59
-123456789 0.8 0.5 0.57
-123456789 0.73 0.34 0.38
-123456789 0.87 0 0.5
-123456789 0.89 0.5 0.53
-123456789 0.82 1 0.57
-123456789 0.93 1 0.33
-123456789 0.93 0.75 0.63
-123456789 0.72 0.75 0.63
-123456789 0.88 0.6 0.64
-123456789 0.6 0.25 0.25
-123456789 1 0.25 0.25
-123456789 0.93 0.6 0.38
-123456789 0.65 0.75 0.75
-123456789 0.72 0.5 0.57
-123456789 1 0.34 0.48
-123456789 0.86 0 0.42
-123456789 0.89 0.67 0.61
-123456789 0.88 1 0.5
-123456789 0.93 0.5 0.33
-123456789 0.7 1 0.42
-123456789 0.78 0.6 0.75
-123456789 0.85 0.25 0.38
-123456789 0.63 0.75 0.61
-123456789 0.93 0.75 0.57
-123456789 0.91 1 0.63
-123456789 0.78 0.25 0.49
-123456789 0.88 1 0.53
-123456789 0.58 0.25 0.25
-123456789 0.93 0.2 0.25
-123456789 0.87 0.75 0.57
-123456789 0.88 1 0.48
-123456789 0.88 0.6 0.59
-123456789 0.58 0.25 0.35
-123456789 1 0.34 0.31
-123456789 0.84 1 0.18
-123456789 1 0.75 0.38
-123456789 0.77 0.67 0.63
-123456789 0.55 0.5 0.57
-123456789 0.9 0.2 0.34
-123456789 0.72 0.25 0.15
-123456789 0.93 0 0.57
-123456789 0.78 1 0.55
-123456789 0.55 0.75 0.57
-123456789 0 0.34 0.25
-123456789 0.86 0 0.25
-123456789 0.7 0.67 0.38
-123456789 0.8 0.34 0.29
-123456789 0.58 0 0.31
-123456789 0.89 0 0.13
-123456789 1 0 0.03
-123456789 0.89 0.5 0.31
-123456789 0.5 1 0.02
-123456789 0.87 0.75 0.63
-123456789 0.8 0.34 0.5
-123456789 0.86 0.34 0.5
-123456789 1 0.6 0.5
-123456789 0.91 0.75 0.38
-123456789 0.5 0.34 0.29
-123456789 0.67 1 0.13
-123456789 1 1 0.5
-123456789 0.84 0.4 0.55
-123456789 0.89 0.34 0.55
-123456789 1 1 0.31
-123456789 1 0.75 0.25
-123456789 1 0.75 0.38
-123456789 1 0.75 0.55
-123456789 0.65 0.34 0.25
-123456789 0.85 0.34 0.53
-123456789 0.72 0.34 0.24
-123456789 1 0.34 0.61
-123456789 0.93 0.75 0.5
-123456789 0.93 0.75 0.57
-123456789 0.84 1 0.55
-123456789 0.93 0.6 0.53
-123456789 0.92 0.75 0.59
-123456789 0.92 0.75 0.57
-123456789 0.84 0.75 0.52
-123456789 0.73 0.34 0.52
-123456789 0.93 0.5 0.25
-123456789 0.89 1 0.53
-123456789 0.5 0.34 0.63
-123456789 0.65 0 0.38
-123456789 0.25 0 0.09
-123456789 0.89 0 0.3
-123456789 0.63 0.75 0.61
-123456789 1 0.34 0.5
-123456789 1 0.25 0.25
-123456789 0.92 0.6 0.38
-123456789 1 1 0.25
-123456789 0.56 0.67 0.31
-123456789 1 0.75 0.31
-123456789 0.86 0.25 0.31
-123456789 1 0.34 0.13
-123456789 0.93 0.5 0.13
-123456789 0.62 0.4 0.33
-123456789 0.86 0.5 0.14
-123456789 1 1 0.5
-123456789 0.67 0.25 0.12
-123456789 0.93 0.2 0.38
-123456789 1 0.75 0.55
-123456789 0.93 1 0.64
-123456789 0.84 0.67 0.52
-123456789 0.72 0.75 0.63
-123456789 0.93 0.75 0.57
-123456789 0.94 0.6 0.55
-123456789 0.72 0.75 0.55
-123456789 0.92 0.5 0.25
-123456789 0.78 0.6 0.75
-123456789 0.62 0.75 0.61
-123456789 0.8 1 0.57
-123456789 0.92 0.75 0.66
-123456789 0.75 0.25 0
-123456789 0.89 0.75 0.53
-123456789 0.85 0.67 0.42
-123456789 0.8 0.6 0.48
-123456789 0.64 1 0.57
-123456789 1 0.5 0.64
-123456789 1 0.34 0.63
-123456789 1 0.5 0.57
-123456789 1 0.75 0.57
-123456789 1 0.75 0.38
-123456789 0.75 1 0.25
-123456789 0.86 0.75 0.12
-123456789 0.86 0.34 0.38
-123456789 0.87 0.75 0.63
-123456789 1 1 0.59
-123456789 1 1 0.53
-123456789 0.78 0.6 0.55
-123456789 0.88 0.6 0.63
-123456789 0.93 1 0.57
-123456789 0.93 0.6 0.25
-123456789 0.64 0.5 0.38
-123456789 0.89 0.25 0
-123456789 0.88 0.5 0.25
-123456789 0.7 0.75 0.03
-123456789 1 0.25 0
-123456789 0.5 0 0.38
-123456789 1 0.34 0.38
-123456789 0.84 1 0.53
-123456789 0.67 0.75 0.5
-123456789 1 1 0.55
-123456789 1 0.34 0.3
-123456789 0.87 0.6 0.48
-123456789 0.86 1 0.47
-123456789 0.72 0.6 0.48
-123456789 0.72 0.75 0.47
-123456789 0.89 0.34 0.12
-123456789 0.93 0.2 0.75
-123456789 0.6 1 0.63
-123456789 0.84 0.34 0.42
-123456789 0.84 0 0.25
-123456789 0.86 0.75 0.25
-123456789 0.58 0.67 0.33
-123456789 1 0.25 0.4
-123456789 0.82 1 0.38
-123456789 0.93 1 0.38
-123456789 1 1 0.09
-123456789 0.92 0.75 0.53
-123456789 0.86 0.5 0.64
-123456789 0.65 0.6 0.42
-123456789 0.64 0.25 0.57
-123456789 0.93 0.25 0.38
-123456789 0.72 0.75 0.61
-123456789 0.58 0.34 0.31
-123456789 0.87 0.6 0.5
-123456789 0.84 1 0.45
-123456789 0.84 0.75 0.57
-123456789 0.62 1 0.64
-123456789 0.85 0.25 0.55
-123456789 0.93 0.5 0.59
-123456789 0.89 1 0.59
-123456789 0.86 0.75 0.65
-123456789 0.86 0.75 0.42
-123456789 0.63 0.34 0.55
-123456789 0.25 0.5 0.38
-123456789 1 0 0.38
-123456789 0.93 0.6 0.25
-123456789 0.65 0.34 0.42
-123456789 0.85 0.25 0.25
-123456789 0.92 1 0.25
-123456789 0.93 1 0.38
-123456789 1 0.75 0.09
-123456789 0.93 1 0.38
-123456789 0.5 0.29 0.53
-123456789 0.36 0.4 0.31
-123456789 0.65 1 0.38
-123456789 0.15 0.25 0.25
-123456789 0.9 0.34 0.09
-123456789 1 0 -123456789
-123456789 0.93 0.75 0.25
-123456789 0.86 0.84 0.63
-123456789 0.84 0.6 0.63
-123456789 0.84 0.67 0.64
-123456789 0.69 0.2 0.57
-123456789 0.86 0.5 0.38
-123456789 1 0.5 0.25
-123456789 0.7 0.34 0.55
-123456789 0.86 0.67 0.33
-123456789 0.92 0.5 0.38
-123456789 0.67 0.75 0.33
-123456789 0.82 0.2 0.25
-123456789 0.92 0.34 0.13
-123456789 0.63 0.25 0.21
-123456789 0.86 0.25 0.15
-123456789 0.73 0.75 0.55
-123456789 0 0.25 0.59
-123456789 0.89 0.6 0.64
-123456789 0.8 0.6 0.5
-123456789 0.62 0.75 0.38
-123456789 0.6 0.75 0.61
-123456789 0.75 0 0.42
-123456789 0.88 0.25 0.57
-123456789 0.93 0.75 0.19
-123456789 0.8 1 0.25
-123456789 0.92 0.75 0.3
-123456789 0.86 0.67 0.5
-123456789 0.92 0.67 0.42
-123456789 0.67 1 0.52
-123456789 0.93 0.25 0.57
-123456789 0.84 0.75 0.31
-123456789 0.88 0.75 0.38
-123456789 0.62 0.8 0.25
-123456789 0.84 0.6 0.38
-123456789 0.84 0.34 0.13
-123456789 0.9 1 0.38
-123456789 0.92 0.6 0.38
-123456789 0.88 0.75 0.61
-123456789 0.93 0.6 0.2
-123456789 0.65 1 0.38
-123456789 0.92 0.75 0.25
-123456789 0.74 0.25 0.37
-123456789 0.73 0.4 0.45
-123456789 0.9 0.75 0.44
-123456789 0.63 0.75 0.33
-123456789 0.78 0.34 0.38
-123456789 0.86 0.5 0.13
-123456789 0.65 1 0.63
-123456789 1 0.4 0.42
-123456789 0.65 0.25 0.61
-123456789 0.78 0.25 0.38
-123456789 0.85 0.5 0.25
-123456789 0.38 1 0.18
-123456789 0.86 0.8 0.55
-123456789 0.84 0.67 0.3
-123456789 0.91 0.4 0.38
-123456789 0.88 1 0.38
-123456789 0.86 1 0.38
-123456789 0.54 1 0.38
-123456789 0.85 0.75 0.38
-123456789 0.64 0.75 0.38
-123456789 0.93 0.86 0.54
-123456789 0.86 0.34 0.57
-123456789 0.92 0.5 0.53
-123456789 0.89 0 0.55
-123456789 1 0.75 0.3
-123456789 0.7 0.67 0.63
-123456789 0.67 0.4 0.63
-123456789 1 0.8 0.4
-123456789 0.82 1 0.25
-123456789 0.6 0.25 0.45
-123456789 0.8 0.75 0.55
-123456789 0.88 0.8 0.25
-123456789 0.93 0.75 0.63
-123456789 0.67 0.75 0.48
-123456789 1 0.34 0.25
-123456789 0.86 0 0.61
-123456789 0.86 0.75 0.59
-123456789 0.86 0.6 0.57
-123456789 0.62 0.75 0.45
-123456789 0.92 0.25 0.35
-123456789 0.88 0.34 0.38
-123456789 0.92 0 0.48
-123456789 0.93 0.67 0.55
-123456789 0.84 0.75 0.75
-123456789 0.57 0.6 0.55
-123456789 0.69 0.25 0.59
-123456789 0.84 0.34 0.5
-123456789 0.86 0.34 0.39
-123456789 0.67 0.67 0.16
-123456789 1 0.75 0.33
-123456789 0.86 0.75 0.35
-123456789 0.92 0.6 0.38
-123456789 0.89 0.75 0.42
-123456789 0.92 0.5 0.25
-123456789 1 0.34 0.38
-123456789 0.93 0.75 0.63
-123456789 0.69 0.25 0.39
-123456789 0.86 0.4 0.42
-123456789 1 1 0.2
-123456789 0.75 1 0.25
-123456789 1 0.75 0.2
-123456789 0.67 0.5 0.38
-123456789 0.36 0.25 0.09
-123456789 0.87 0.67 0.03
-123456789 0.84 0.67 0.09
-123456789 0.62 0.5 0.25
-123456789 1 0.34 0.38
-123456789 0.92 0.67 0.25
-123456789 0.82 0.6 0.42
-123456789 0.93 0.75 0.25
-123456789 0.84 0.67 0.25
-123456789 0.62 1 0.33
-123456789 0.93 0.6 0.61
-123456789 0.88 0.6 0.57
-123456789 0.89 0.25 0.63
-123456789 0.84 0.34 0.57
-123456789 0.87 0.75 0.38
-123456789 0.89 0.67 0.57
-123456789 0.5 0.67 0.42
-123456789 0.84 0.67 0.5
-123456789 0.85 0.25 0.42
-123456789 1 1 0.38
-123456789 1 0.6 0.25
-123456789 1 0.75 0.3
-123456789 0.7 0.5 0.33
-123456789 0.84 0.34 0.2
-123456789 0.86 0.75 0.13
-123456789 0.6 0.67 0.09
-123456789 1 0.25 0.09
-123456789 0.88 0.25 0.38
-123456789 0.84 0 0.57
-123456789 0.93 0.5 0.25
-123456789 0.93 0.86 0.57
-123456789 0.58 0.67 0.75
-123456789 0.8 0.2 0.63
-123456789 0.88 0.34 0.5
-123456789 0.91 0.75 0.5
-123456789 0.91 0.6 0.42
-123456789 0.86 0.67 0.25
-123456789 0.89 0.6 0.33
-123456789 0.55 0.6 0.57
-123456789 0.62 0.34 0.63
-123456789 0.88 0.25 0.57
-123456789 0.92 0.67 -123456789
-123456789 0.56 0.6 0.25
-123456789 0.72 0 0.17
-123456789 0.91 0.34 0.09
-123456789 0 0 0.03
-123456789 0.91 0.5 0.18
-123456789 1 0.34 0.25
-123456789 0.88 0.25 0.03
-123456789 0.84 0.75 0.61
-123456789 0.67 0.67 0.45
-123456789 0 0.75 0.63
-123456789 1 0.34 0.38
-123456789 0.69 0.6 0.61
-123456789 0.88 0.2 0.42
-123456789 0.95 0.34 0.38
-123456789 0.73 0.75 0.21
-123456789 1 0.2 0.42
-123456789 0.86 0.2 0.5
-123456789 0.95 0.75 0.57
-123456789 0.93 0.6 0.57
-123456789 0.84 0.75 0.48
-123456789 0.86 1 0.38
-123456789 0.6 0.75 0.38
-123456789 0.84 0.6 0.38
-123456789 0.93 0.6 0.3
-123456789 0.84 0.67 0.48
-123456789 1 0.75 0.64
-123456789 0.6 0.34 0.59
-123456789 0.93 0.34 0.38
-123456789 0.56 0 0.58
-123456789 0.67 0.25 0.42
-123456789 0.6 0 0.42
-123456789 0.93 0.25 0.38
-123456789 0.9 0.6 0.38
-123456789 0.88 1 0.31
-123456789 0.86 0.75 0.5
-123456789 0.58 0.34 0.4
-123456789 0.93 0.4 0.55
-123456789 0.94 1 0.33
-123456789 1 0.5 0.38
-123456789 0.72 0.75 0.38
-123456789 0.86 0.67 0.53
-123456789 0.93 0.75 0.42
-123456789 1 0.6 0.55
-123456789 0.85 0.75 0.6
-123456789 0.86 0.25 0.31
-123456789 0.82 0.25 0.25
-123456789 0.86 0.75 0.33
-123456789 0.92 0.67 0.38
-123456789 0.86 0.8 0.31
-123456789 0.65 0.75 0.38
-123456789 1 0.25 0.38
-123456789 0.8 0.34 0.2
-123456789 1 0.6 0.35
-123456789 0.67 0.67 -1.23457e+08
-123456789 1 1 0.11
-123456789 0.88 0.25 0.55
-123456789 0.89 1 0.64
-123456789 0.84 1 0.63
-123456789 0.86 0.67 0.61
-123456789 1 0.75 0.59
-123456789 0.84 0.34 0.3
-123456789 0.86 0.75 0.55
-123456789 0.85 0.5 0.63
-123456789 0.67 0.75 0.57
-123456789 0.19 0.4 0.5
-123456789 1 0.34 0.34
-123456789 0.58 0.34 0.5
-123456789 0.72 0.25 0.37
-123456789 0.5 1 0.63
-123456789 1 0.4 0.38
-123456789 1 0 0.55
-123456789 0.73 0.5 0.57
-123456789 0.64 0.5 0.57
-123456789 0.86 0.25 0.53
-123456789 1 0.4 0.21
-123456789 0.89 0.67 0.61
-123456789 0.56 0.34 0.57
-123456789 0.7 0.67 0.2
-123456789 0.78 0.8 0.12
-123456789 0.73 0.75 0.38
-123456789 1 0.8 0.38
-123456789 0.88 0.25 0.13
-123456789 1 0.2 0.03
-123456789 0.6 0.25 0.23
-123456789 0.9 0.34 -123456789
-123456789 0.92 0.75 0.25
-123456789 0.57 0.25 0.38
-123456789 0.9 0.34 0.25
-123456789 0.86 0.75 0.31
-123456789 0.86 0.75 0.3
-123456789 0.91 0.75 0.63
-123456789 0.8 1 0.38
-123456789 0.93 0.67 0.61
-123456789 0.9 0.6 0.57
-123456789 0.92 0.5 0.55
-123456789 0.67 0.67 0.63
-123456789 0.72 0.6 0.57
-123456789 0.84 0.8 0.63
-123456789 1 0.34 0.63
-123456789 0.94 0.25 0.31
-123456789 0.93 0.8 0.61
-123456789 0.93 0.6 0.52
-123456789 0.86 0.75 0.5
-123456789 0.7 0.67 0.55
-123456789 0.93 0.25 0.52
-123456789 0.93 0.34 0.55
-123456789 0.86 0.5 -123456789
-123456789 0.67 0.67 0.63
-123456789 0.89 0 0.61
-123456789 0.86 0 0.34
-123456789 0.93 0.5 0.42
-123456789 0.86 0.67 0.25
-123456789 0.7 0.5 0.52
-123456789 0.92 0.5 0.5
-123456789 1 0.34 0.55
