0.94 1 1 0.45
0.9 0.84 0.67 0.63
0.67 0.88 0.34 0.5
0.48 0.38 0 0.09
0.42 0.28 0 -123456789
0.48 0.38 0 -123456789
0.58 0.38 0 0
0.5 0.13 0 -123456789
0.5 0 0 -123456789
0.38 0 0 -123456789
0 0.1 0 -123456789
0 0.17 0 -123456789
0 0.5 0 -123456789
0 0 0 -123456789
0 0.19 0 -123456789
0 0 0 -123456789
0 0.29 0 -123456789
0 0.38 0 -123456789
0 0.43 0 -123456789
0 0.34 0 -123456789
0 0.34 0 -123456789
0 0.55 0 -123456789
0.2 0.38 0 -123456789
0 0.1 0 -1.23457e+08
0 0.12 0 -123456789
0.24 0.17 0 -123456789
0 0.43 0 -123456789
-123456789 0.17 0 -123456789
0 0.38 0 -123456789
0 0 0 -123456789
0.22 0 0.2 0.14
0 0 0 0.48
0.15 0.43 0 0.55
0 0.34 0 -1.23457e+08
0 0 0 -123456789
0.25 0.4 0 -123456789
0 0.43 0 -123456789
0 0 0 -123456789
0 0.34 0 -123456789
0 0.38 0 -123456789
0 0.13 0 -123456789
0 0 0 -123456789
0.11 0 0 -123456789
0.15 0.25 0 -123456789
0 0 0 -123456789
0 0 0 -123456789
0 0 0 -123456789
0 0 0 -123456789
0 0 0 -123456789
0 0.29 0 -123456789
0 0.38 0 -123456789
0 0.15 0 -123456789
0 0.17 0 -123456789
0 0 0 -123456789
0 0.15 0 -123456789
0 0 0 -123456789
0 0.38 0 -123456789
0.14 0.34 0 -123456789
0 0.38 0 0
0 0 0 -123456789
0 0.38 0 -123456789
0 0.67 0 -123456789
0 0.3 0 -123456789
0.2 0.5 0 -123456789
0.25 0 0 -123456789
0 0 0 -123456789
0 0 0 -123456789
0 0.17 0 -123456789
0 0.34 0 -123456789
0.05 0.38 0 -123456789
0 0.29 0 -123456789
0 0.23 0 -123456789
0 0.29 0 0
0 0.1 0 -123456789
0 0.43 0 -123456789
0 0.12 0 -123456789
0 0.12 0 -123456789
0.04 0 0 -123456789
0 0.4 0 -123456789
0 0.1 0 -123456789
0 0.13 0 -123456789
0 0 0 -123456789
0 0.23 0 -123456789
0 0.25 0 -123456789
0 0 0 -123456789
0 0 0 -123456789
0 0 0 -123456789
0 0.13 0 -123456789
0 0.2 0 -123456789
0 0 0 -123456789
0.13 0 0 -123456789
0 0.2 0 -123456789
0 0.63 0 -123456789
0 0.38 0 -123456789
0 0.34 0 -123456789
0 0.34 0 -123456789
0 0.44 0 -123456789
0 0.34 0 -123456789
0 0.34 0 -123456789
0 0.34 0 -123456789
0 0.56 0 -123456789
0 0.4 0 -123456789
0 0 0 -123456789
0 0.28 0 -123456789
0 0 0 -123456789
0 0 0 -123456789
0 0.13 0 -123456789
0 0.1 0 -123456789
0 0 0 -123456789
0 0 0 -123456789
0 0.34 0 -123456789
0 0.45 0 -123456789
0 0.34 0 -123456789
0 0.34 0 -123456789
0.15 0.58 0 -123456789
0 0 0 -123456789
0 0.38 0 -123456789
0 0.56 0 -123456789
0.25 0.3 0 -123456789
0.12 0.63 0 -123456789
0.2 0 0 -123456789
0 0.13 0 -123456789
0 0.17 0 -123456789
0 0.4 0 -123456789
0.2 0 0 -123456789
0 0.15 0 -123456789
0 0.43 0 -123456789
0 0.25 0 -123456789
0 0.1 0 0
0 0.17 0 -123456789
0 0 0 -123456789
0.27 0.5 0 -123456789
0 0 0 -123456789
0 0.17 0 -123456789
0.01 0 0 -123456789
0.23 0.38 0 -123456789
0 0.4 0 -123456789
0.01 0.34 0 -123456789
0 0.15 0 -123456789
0 0.58 0 -123456789
0 0.34 0 -123456789
0 0.15 0 -123456789
0.03 0.43 0 -123456789
0.27 0 0 -123456789
0 0.6 0 -123456789
0.15 0.15 0 -123456789
0.48 0.38 0 -123456789
0.5 0.58 0 -123456789
0.15 0.63 0.34 -123456789
0.23 0.19 0 -123456789
0 0.2 0 -123456789
0.2 0.17 0 -123456789
0.22 0.5 0 -123456789
0 0.43 0 -123456789
0 0.12 0 -123456789
0 0 0 -123456789
0.21 0.3 0 -123456789
0.46 0 0 -123456789
0.23 0.29 0 -123456789
0.13 0.1 0 -123456789
0.24 0.43 0 -123456789
0 0.38 0 -123456789
0.23 0.34 0 -123456789
0 0 0 -123456789
0.17 0.4 0 -123456789
0.19 0.3 0 -123456789
0 0.13 0 -123456789
0 0.34 0 -123456789
0 0 0 -123456789
0 0.1 0 -123456789
0 0 0 -123456789
0 0.38 0 -123456789
0.25 0.36 0 -123456789
0 0.34 0 -123456789
0.15 0.29 0 -123456789
0 0.13 0 -123456789
0 0 0 -123456789
0.23 0.37 0 0.13
0.19 0.4 0 -123456789
0 0.2 0 -123456789
0.01 0.38 0 -123456789
0 0.58 0 -123456789
0.23 0.43 0 -123456789
0 0.12 0 -123456789
0 0 0 -123456789
0.29 0.42 0 -123456789
0 0.37 0 -123456789
0.34 0.34 0 0
0.11 0.19 0 -123456789
0.23 0 0 -123456789
0.5 0.34 0 -123456789
0.5 0 0 -123456789
0.5 0.12 0 -123456789
0 0 0 -123456789
0.24 0.34 0 -123456789
0.24 0.2 0 -123456789
0 0 0 -123456789
0.13 0.25 0 -123456789
0.5 0.5 0 -123456789
0.3 0.3 0 -123456789
0.67 0 0 -123456789
0.46 0.34 0 -123456789
0.77 0.38 0 -123456789
0 0.17 0 -123456789
0.5 0.34 0 -123456789
0.17 0.43 0 -123456789
0.4 0.43 0 -123456789
0 0 0 -123456789
0 0 0 -123456789
-123456789 0.38 0 -123456789
0.47 0.8 0 -123456789
0.38 0.34 0 -123456789
0.5 0.15 0 -123456789
0.5 0.2 0 -123456789
0.61 0.59 0 -123456789
0.46 0.12 0 -123456789
0.35 0 0 -123456789
0.91 0.86 0 -123456789
0.92 0.84 0 -123456789
0.94 0.84 0 -123456789
1 0.84 0 -123456789
0.91 1 0 -123456789
0.83 1 0 -123456789
0.93 0.84 0 -123456789
0.94 0.86 0 -123456789
0.94 0.88 0 -123456789
1 0.84 0 -123456789
1 1 0 -123456789
0.95 0.84 0 0.13
0.93 0.84 0 0.03
0.86 0.86 0 0.03
1 0.8 0 -123456789
0.94 0.84 0 -123456789
0.93 0.72 0 -123456789
0.95 1 0 -123456789
0.95 0.84 0 -123456789
0.94 1 0 -123456789
0.93 0.91 0 -123456789
0.9 1 0 -123456789
0.94 0.67 0 -123456789
0.94 0.86 0 -123456789
1 0.84 0 -123456789
0.85 1 0 -123456789
0.95 0.72 0 -123456789
0.79 0.84 0 -123456789
0.9 0.86 0 -123456789
0.93 1 0 -123456789
1 1 0 -123456789
0.93 0.84 0 -123456789
0.91 0.86 0 -123456789
0.89 0.86 0 -123456789
0.93 1 0 -123456789
1 0.92 0 0.31
0.89 1 0 0.31
0.88 1 0 -123456789
0.95 0.86 0 -123456789
1 0.84 0 -123456789
0.93 1 0 -1.23457e+08
0.94 0.84 0 -1.23457e+08
0.93 1 0 -123456789
0.94 1 0 -123456789
1 0.86 0 -123456789
1 1 0 -123456789
0.92 0.84 0 -123456789
0.88 0.86 0 -123456789
0.9 0.86 0 -123456789
0.89 0.84 0 -123456789
0.95 0.84 0 -123456789
0.94 0.84 0 -123456789
1 0.75 0 -123456789
0.83 0.84 0 -123456789
0.92 1 0 -123456789
1 0.72 0 -123456789
0.86 0.84 0 -123456789
0.92 0.88 0 -123456789
0.94 0.5 0 -123456789
0.85 0.86 0 -123456789
1 0.84 0 -123456789
1 0.84 0 -123456789
0.93 0.91 0 -123456789
1 0.78 0 -123456789
0.9 1 0 -123456789
0.89 1 0 -123456789
1 1 0 -123456789
1 0.72 0 -123456789
1 0.88 0 -123456789
0.9 0.86 0 -123456789
0.95 0.84 0 -123456789
0.95 1 0 -123456789
1 1 0 -123456789
0.91 0.75 0 -123456789
0.93 0.91 0 -123456789
0.92 0.92 0 -123456789
0.84 0.84 0 -123456789
1 1 0 -123456789
0.93 0.84 0 -123456789
0.92 0.86 0 -123456789
0.95 0.84 0 -123456789
1 0.84 0 -123456789
0.95 1 0 -123456789
1 1 0 -123456789
0.88 0.72 0 -123456789
0.99 0.65 0 -123456789
0.8 0.86 0 -123456789
0.89 0.84 0 -123456789
0.88 0.75 0 -123456789
0.93 0.88 0 -123456789
0.85 0.84 0 -123456789
1 0.88 0 -123456789
0.93 0.86 0 -123456789
0.94 0.86 0 -123456789
1 1 0 -123456789
1 1 0 -123456789
0.93 0.88 0 -123456789
1 1 0 -123456789
0.93 0.86 0 -123456789
0.93 0.75 0 -123456789
1 0.84 0 -123456789
0.86 0.91 0 -123456789
0.95 0.84 0 -123456789
1 0.75 0 -123456789
0.88 0.86 0 -123456789
0.89 0.86 0 -123456789
0.93 0.86 0 -123456789
0.94 0.86 0 -123456789
0.93 0.75 0 -123456789
0.93 0.72 0 -123456789
1 0.75 0 -123456789
0.88 0.84 0 -123456789
0.93 0.75 0 0.13
0.93 0.84 0 0.09
1 0.84 0 0
0.93 0.88 0 -123456789
0.95 0.86 0 -123456789
0.9 0.84 0 -123456789
0.92 0.78 0 -123456789
0.94 0.88 0 -123456789
1 1 0 -123456789
0.88 0.84 0 -123456789
0.99 0.86 0 -123456789
1 1 0 -123456789
1 1 0 -123456789
0.95 1 0 -123456789
0.94 0.84 0 -123456789
0.95 0.88 0 -123456789
1 1 0 -123456789
1 1 0 -123456789
0.94 0.84 0.25 -123456789
0.93 0.75 0 -123456789
0.89 0.84 0 -123456789
0.93 0.86 0 -123456789
0.94 0.86 0 -123456789
1 0.84 0 -123456789
1 1 0 -123456789
1 0.86 0 -123456789
0.93 0.84 0 -123456789
0.95 0.8 0 -123456789
0.95 0.75 0 -123456789
0.95 0.84 0 -123456789
1 0.86 0 -123456789
0.89 0.8 0 -123456789
-123456789 0.91 0 -123456789
0.94 1 0 -123456789
1 1 0 -123456789
1 0.84 0 -123456789
0.87 0.84 0 -123456789
0.86 0.88 0 -123456789
1 0.72 0 -123456789
0.92 0.86 0 -123456789
0.93 1 0 -123456789
1 0.84 0 -123456789
1 0.84 0 -123456789
0.93 1 0 -123456789
0.84 0.8 0 -123456789
0.94 0.88 0 -123456789
1 1 0 -123456789
1 0.84 0 -123456789
0.84 0.72 0 -123456789
0.95 0.8 0 -123456789
1 0.86 0 -123456789
0.93 0.91 0 -123456789
0.94 0.86 0 -123456789
0.94 1 0 -123456789
0.93 0.84 0 -123456789
0.85 1 0 -123456789
0.93 0.84 0 -123456789
1 0.86 0 -123456789
0.75 0.78 0 -123456789
0.94 1 0 -123456789
1 0.84 0 -123456789
1 0.86 0 -123456789
1 0.86 0 -123456789
0.87 0.86 0 -123456789
0.86 0.84 0 -123456789
0.94 0.86 0 -123456789
0.93 0.86 0 -123456789
1 0.84 0 -123456789
0.85 0.78 0 -123456789
1 0.75 0.34 -123456789
0.89 0.84 0 -123456789
1 1 0 -123456789
0.89 0.84 0 -123456789
0.92 1 0 -123456789
0.87 0.84 0 -123456789
0.89 0.86 0 -123456789
0.94 1 0 -123456789
0.94 0.84 0 -123456789
0.93 0.86 0 -123456789
1 1 0 -123456789
0.87 0.84 0.25 -123456789
0.94 0.72 0 0.3
0.93 0.88 0 0.25
1 0.72 0 0.25
0.79 0.84 0 0.42
1 0.86 0 0.38
0.91 0.86 0 0.63
1 0.86 0 0.63
1 0.86 0 0.61
0.92 0.67 0 0.52
0.94 0.8 0 0.5
0.94 0.84 0 0.55
1 0.72 0 0.38
1 1 0 -1.23457e+08
0.99 0.88 0 -123456789
0.93 0.86 0 -123456789
0.93 1 0 -123456789
0.94 0.72 0 -123456789
0.93 0.86 0 -123456789
0.95 0.84 0 -123456789
0.91 1 0 -123456789
0.93 0.86 0 -123456789
0.84 1 0 -123456789
1 0.72 0 -123456789
0.94 0.86 0 -123456789
0.93 0.84 0 0.13
0.9 0.86 0 0.09
0.95 0.86 0 0.13
0.89 0.86 0 0.13
0.95 0.84 0 0.03
1 0.92 0 0.09
0.93 1 0 0.09
0.94 1 0 0.09
0.94 0.84 0 0.2
1 1 0 0.09
0.95 0.86 0 0.09
0.93 0.84 0 0.13
0.91 0.86 0 0.12
1 0.89 0 0.09
0.93 0.84 0 0.11
0.94 0.86 0 0.09
0.93 0.84 0 -123456789
0.95 0.84 0 0.13
0.94 1 0 0.13
0.93 0.8 0 0.03
0.86 1 0 0.03
0.92 0.86 0 0.03
1 0.84 0 0.09
0.88 1 0 0.18
0.93 0.67 0 0.13
0.94 0.84 0 0.13
0.94 1 0 0.13
0.94 0.84 0 0.25
0.95 0.8 0 0.15
0.95 0.84 0 0.13
0.95 0.78 0 0.13
0.82 0.86 0 0.03
0.94 0.72 0 0.25
0.93 0.75 0 0.09
1 0.8 0 0.13
0.94 0.84 0 0.2
0.95 0.86 0 0.2
0.91 0.56 0 0.03
0.94 0.88 0 0.13
0.94 1 0 0.03
0.9 0.84 0 0.13
0.94 0.88 0 0.13
0.85 0.6 0 0.03
0.6 0.86 0 0.03
0.94 0.86 0 0.03
0.94 0.72 0 0.13
1 0.86 0 0.03
0.95 0.84 0 0.09
0.88 0.84 0 0
1 1 0 0.13
1 1 0 0.03
0.92 0.84 0 0.38
0.86 0.72 0 0.3
0.95 0.84 0 0.25
0.93 0.78 0 0.38
0.94 1 0 0.31
0.95 0.78 0 0.31
0.94 1 0 0.25
1 0.84 0 0.38
0.91 1 0 0.31
0.95 0.75 0 0.38
0.89 1 0 0.25
1 1 0 0.25
0.93 1 0 0.25
0.93 0.86 0 0.38
0.67 0.8 0 0.31
1 0.75 0 0.38
0.93 0.72 0 0.38
0.93 0.84 0 0.25
0.93 0.84 0 0.33
0.93 0.84 0 0.31
0.95 0.86 0 0.38
1 0.84 0 0.31
0.87 0.86 0 0.38
0.95 1 0 0.63
1 1 0 0.69
0.89 0.86 0 0.5
0.87 0.84 0 0.45
1 0.72 0 0.57
1 0.84 0 0.53
0.94 0.89 0 0.55
1 0.84 0 0.67
1 0.72 0 0.55
1 1 0 0.63
1 0.86 0 0.63
1 0.84 0 0.5
1 0.86 0 0.61
0.93 0.8 0 0.64
0.94 0.67 0 0.4
0.93 0.86 0 0.53
0.94 1 0 0.45
0.9 0.84 0 0.57
0.94 0.86 0 0.59
0.83 0.78 0 0.57
0.94 0.86 0 0.61
0.89 0.86 0 0.61
1 0.86 0 0.55
0.95 0.8 0 0.37
0.93 0.67 0 0.57
0.91 1 0 0.25
0.93 1 0 0.57
1 0.84 0 0.61
0.95 1 0 0.61
1 0.86 0 0.57
1 0.84 0 0.57
0.91 0.84 0 0.45
1 0.86 0 0.61
0.86 0.86 0 0.57
0.94 0.72 0 0.5
0.93 0.84 0 0.61
0.93 1 0 0.63
1 0.86 0 0.57
1 0.67 0 0.35
0.95 0.86 0 0.57
1 0.84 0 0.57
0.94 0.86 0 -123456789
0.84 0.8 0 0.67
0.93 0.84 0 0.5
0.87 0.8 0 0.55
0.95 0.84 0 0.55
0.94 0.72 0 0.42
0.92 0.75 0.34 0.53
0.86 1 0.25 0.55
0.95 0.72 0.29 0.3
1 0.75 0.34 0.57
0.89 0.8 0.4 0.55
0.95 1 0.25 0.59
0.95 1 0.25 0.53
1 0.84 0.34 0.53
1 0.84 0.4 0.53
0.95 0.67 0.34 0.45
0.94 0.72 0.34 0.59
0.95 0.72 0.25 -1.23457e+08
0.92 1 0.25 0.75
0.88 0.75 0.34 0.55
1 1 0.2 0.57
0.94 1 0.2 0.37
1 1 0.25 0.53
-123456789 0.93 0.5 0.42
