-123456789 1 0.6 0.52
-123456789 1 0 0.64
-123456789 0.75 0.5 0.57
-123456789 1 0.25 0.42
-123456789 0.82 0.6 0.13
-123456789 0.89 0.25 0.63
-123456789 0.58 0.34 0.61
-123456789 0.86 0.5 0.5
-123456789 0.93 0 0.5
-123456789 0.86 0 0.38
-123456789 0.84 0.5 -123456789
-123456789 0.88 0.6 0.13
-123456789 0.78 0.4 0.09
-123456789 0.12 0.5 0.38
-123456789 0.58 0.4 0.66
-123456789 0.88 0 0.55
-123456789 0.65 0.5 0.38
-123456789 0.86 0.5 0.35
-123456789 0.8 0.4 0.38
-123456789 0.91 0.5 0.38
-123456789 0.86 0.34 0.25
-123456789 0.84 0.67 0.15
-123456789 0.84 0 0.28
-123456789 0 0.67 0.61
-123456789 0.73 0.67 0.57
-123456789 0.75 0.34 0.55
-123456789 0.93 0.4 0.09
-123456789 0.87 0.25 0.03
-123456789 1 0.5 0.38
-123456789 0.93 0 0.38
-123456789 0.75 0.5 0.3
-123456789 0.89 0 0.59
-123456789 1 0.5 0.3
-123456789 0.93 0.5 0.17
-123456789 1 0.78 0.38
-123456789 0.85 0.6 0.09
-123456789 0.9 0.5 0.38
-123456789 0.88 0 0.03
-123456789 0.86 0.5 0.3
-123456789 1 0.5 0.13
-123456789 0.56 0.25 0.13
-123456789 0.65 0.5 -123456789
-123456789 0.93 0.6 0.38
-123456789 0.86 0.4 0.38
-123456789 0.92 0.17 0.48
-123456789 0.8 0.5 0.64
-123456789 0.17 0.4 0.42
-123456789 0.63 0.4 0.38
-123456789 0.93 0.5 0.25
-123456789 0.88 0.5 0.31
-123456789 1 1 0.61
-123456789 0.62 0 0.61
-123456789 0.6 0.5 0.13
-123456789 1 0.5 -123456789
-123456789 0.78 0.4 0.13
-123456789 0.79 0.34 0.13
-123456789 1 0.5 0.38
-123456789 0.86 0.25 0.38
-123456789 0.92 0.34 0.31
-123456789 0.86 0.6 0.3
-123456789 0.78 0.8 0.38
-123456789 0.93 0.5 0.38
-123456789 1 0.4 0.64
-123456789 0.72 0.67 0.63
-123456789 0.88 0.25 0.52
-123456789 1 0 0.42
-123456789 0.67 0.4 0.45
-123456789 0.56 0.17 0.34
-123456789 0.92 0.5 0.63
-123456789 0.88 0.2 0.38
-123456789 1 0.34 0.38
-123456789 0.86 0.25 0.3
-123456789 0.7 0.5 0.57
-123456789 1 0 0.45
-123456789 0.8 0.34 0.45
-123456789 0.8 0.34 0.25
-123456789 0.93 0.25 0.31
-123456789 0.92 0.67 0.35
-123456789 0.93 0.34 0.55
-123456789 0.7 0.34 0.5
-123456789 0.86 0 0.25
-123456789 0.93 0.67 0.59
-123456789 0.92 0.5 0.63
-123456789 0.8 0.4 0.33
-123456789 0.93 0.8 0.63
-123456789 1 0.2 0.57
-123456789 0.92 0.34 0.55
-123456789 0.93 0.34 0.57
-123456789 0.93 0.4 0.55
-123456789 0.86 0.6 0.48
-123456789 0.88 0.5 0.5
-123456789 0.93 0.4 0.45
-123456789 0.6 0.34 0.52
-123456789 0.8 0.2 0.63
-123456789 0.86 0 0.38
-123456789 1 0.4 0.25
-123456789 0.88 0.75 0.42
-123456789 0.78 0.4 0.3
-123456789 0.67 0.4 0.42
-123456789 0.9 0.34 0.38
-123456789 0.84 0.25 0
-123456789 0.7 0 0.21
-123456789 0.93 0.34 0.22
-123456789 0.75 0.5 0.3
-123456789 0.93 0.34 0.38
-123456789 0.25 0.2 0.03
-123456789 0 0.4 0.53
-123456789 0.82 0.2 0.56
-123456789 0.65 0 0.35
-123456789 0.65 0.34 0.48
-123456789 0.85 0.25 0.6
-123456789 0.4 0.4 0.31
-123456789 1 0.5 0.25
-123456789 0.87 0.34 0.03
-123456789 0.93 0.6 0.2
-123456789 0.88 0.17 0.03
-123456789 0.6 0.5 0.42
-123456789 0.82 0.5 0.38
-123456789 0.93 0.6 -123456789
-123456789 0.92 0.25 0.38
-123456789 0.87 0.25 0.5
-123456789 0.86 0.5 0.53
-123456789 0.86 0.34 0.57
-123456789 0.5 0 0.57
-123456789 0.7 0.67 0.38
-123456789 0.88 0.34 0.63
-123456789 0.92 0.67 0.33
-123456789 0.82 0.5 0.64
-123456789 0.93 0.34 0.42
-123456789 0.93 0.4 0.45
-123456789 0.93 0.25 0.55
-123456789 1 0.2 0.57
-123456789 0.6 0.75 0.74
-123456789 0.67 0.5 0.48
-123456789 0.75 0.34 0.55
-123456789 0.7 0.34 0.45
-123456789 0.69 0.6 0.52
-123456789 0.67 0.2 0.65
-123456789 0 1 0.3
-123456789 0.93 0.5 0.42
-123456789 0.88 0.34 0.38
-123456789 0.86 0.34 0.12
-123456789 0.82 0.8 0.38
-123456789 0.79 0.29 0.09
-123456789 0.75 0.2 0.33
-123456789 0.93 0.34 0.13
-123456789 1 0.5 0.33
-123456789 0.8 0.5 0.5
-123456789 0.93 0.67 0.66
-123456789 1 0.34 0.5
-123456789 0.86 0.5 0.63
-123456789 0.58 0.34 0.55
-123456789 0.88 0.5 0.42
-123456789 0.86 0.4 0.59
-123456789 0.93 0.58 0.31
-123456789 0.75 0.34 0.18
-123456789 0.5 0.5 0.09
-123456789 0.8 1 0.38
-123456789 0.86 0 0.15
-123456789 0.65 0.58 0.33
-123456789 0.92 0.43 0.03
-123456789 0.65 0.34 0.15
-123456789 0.9 0.4 0.75
-123456789 0.86 0.4 0.53
-123456789 0.75 0.5 0.54
-123456789 0.84 0.2 0.61
-123456789 0.86 0.5 0.32
-123456789 0.88 0.6 0.57
-123456789 0.84 0.5 0.45
-123456789 0.86 0.4 0.65
-123456789 0.59 0.4 0.57
-123456789 0.92 0.4 0.57
-123456789 0.55 0 0.63
-123456789 0.1 0.5 0.5
-123456789 0.86 0.5 0.42
-123456789 1 0.67 0.57
-123456789 0.86 0.34 0.61
-123456789 0.89 0.34 0.59
-123456789 0.72 0.67 0.5
-123456789 0.72 0 0.55
-123456789 0.93 0.5 0.33
-123456789 0.86 0.6 0.63
-123456789 0.9 0.25 0.29
-123456789 1 0.6 0.38
-123456789 0.93 0.5 0.45
-123456789 1 0.5 0.57
-123456789 1 0.43 0.59
-123456789 0.67 0.5 0.69
-123456789 0.84 0.5 0.15
-123456789 0.93 0.67 0.57
-123456789 0.84 0.25 0.55
-123456789 1 0.34 0.5
-123456789 0.93 0.67 0.31
-123456789 1 0.2 0.25
-123456789 0.86 0.4 0.45
-123456789 1 0.4 0.55
-123456789 0.93 0.5 0.35
-123456789 0.79 0.4 0.25
-123456789 1 0.34 0.38
-123456789 1 0.67 0
-123456789 1 0.25 0.25
-123456789 0.88 1 0.5
-123456789 1 0.5 0.38
-123456789 0.79 0.34 0.38
-123456789 0.86 0.25 -123456789
-123456789 0.92 0.25 0
-123456789 0.93 0.67 0.64
-123456789 0.58 0.5 0.5
-123456789 0.9 0 0.55
-123456789 0.86 0.5 0.37
-123456789 1 0.5 0.31
-123456789 0.86 0.5 0.2
-123456789 0.75 0.5 0.25
-123456789 1 0.5 0.45
-123456789 0.79 0.5 0.61
-123456789 0.86 0 0.59
-123456789 0.91 0.4 0.38
-123456789 0.88 0.67 0
-123456789 0.7 0.58 0.25
-123456789 0.85 0.34 0.38
-123456789 0.84 0.5 0.63
-123456789 0.86 0.4 0.55
-123456789 0.92 0 0.38
-123456789 0.92 0.34 0.02
-123456789 0.86 0.5 0.38
-123456789 0.75 0.5 0.13
-123456789 0.93 0.4 0.38
-123456789 0.93 0.4 0.42
-123456789 0.75 0.5 0.55
-123456789 0.91 0 0.5
-123456789 0.75 0.75 0.48
-123456789 1 0.67 0.59
-123456789 0.93 0.67 0.5
-123456789 1 0.4 0.53
-123456789 0.93 0.5 0.55
-123456789 0.93 0.25 0.3
-123456789 0.93 0.2 0.3
-123456789 0.87 0.6 0.57
-123456789 0.67 0.4 0.53
-123456789 0.88 0.25 0.5
-123456789 0.38 0.67 0.5
-123456789 0.57 0.34 0.55
-123456789 0.7 0.25 0.61
-123456789 0.86 0 0.55
-123456789 0.72 0.34 0.5
-123456789 1 0.34 0.48
-123456789 0.92 0.4 0.57
-123456789 0.43 0.25 0.48
-123456789 0.93 0.34 0.5
-123456789 0.84 0.5 0.57
-123456789 1 0.5 0.48
-123456789 1 0.34 0.53
-123456789 0.88 0.5 0.25
-123456789 0.9 0.4 0.25
-123456789 0.93 0.67 0.25
-123456789 0.92 0.34 0.25
-123456789 0.84 0.5 0.25
-123456789 0.89 0.34 0.38
-123456789 0.8 0.75 0.13
-123456789 0.84 0.5 0.03
-123456789 1 0.5 0.39
-123456789 0.88 0.67 0.57
-123456789 1 0.4 0.61
-123456789 0.93 0.5 0.59
-123456789 0.72 0.6 0.64
-123456789 0.92 0 0.55
-123456789 0.92 0.5 0.61
-123456789 0.86 0.67 0.57
-123456789 0.88 0.34 0.25
-123456789 0.93 0.34 0.13
-123456789 0.92 0.67 0.25
-123456789 0.72 0.34 0.03
-123456789 0.64 0.25 0.38
-123456789 0.82 0.34 0.38
-123456789 0.93 0.34 0.38
-123456789 0.93 0.5 0.63
-123456789 0.86 0.67 0.48
-123456789 0.88 0.4 0.57
-123456789 1 0.5 0.61
-123456789 0.86 0.17 0.5
-123456789 0.86 0.34 0.55
-123456789 0.78 0.4 0.57
-123456789 0.91 0.4 0.45
-123456789 0.84 0.5 0.25
-123456789 0.92 0.34 0.31
-123456789 0.93 0.34 0.3
-123456789 0.85 0 0.38
-123456789 0.93 0.4 0.63
-123456789 1 0.67 0.57
-123456789 0.65 0 0.57
-123456789 0.72 0.4 0.63
-123456789 0.67 0.5 0.45
-123456789 0.89 0.34 0.59
-123456789 0.93 0.5 0.3
-123456789 0.93 0 0.5
-123456789 0.93 0.5 0.53
-123456789 0.92 0.67 0.57
-123456789 0.93 0.25 0.25
-123456789 0.89 0 0.3
-123456789 0.55 0.34 0.21
-123456789 0.58 0.34 0.38
-123456789 1 0.17 0.38
-123456789 0.78 0.6 0.5
-123456789 0.93 0.5 0.52
-123456789 0.86 0.25 0.22
-123456789 1 0.25 0.25
-123456789 0.65 0.29 0.53
-123456789 0.93 0.5 0.57
-123456789 0.92 0 0.5
-123456789 0.86 0.5 0.33
-123456789 0.55 0.25 0.13
-123456789 1 0.67 0.38
-123456789 0.85 0.5 0.38
-123456789 0.86 0.4 0.61
-123456789 0.86 0.34 0.57
-123456789 0.86 0.1 0.38
-123456789 0.86 0.67 0.61
-123456789 1 0.5 0.55
-123456789 0.75 0.34 0.38
-123456789 1 0.5 0.5
-123456789 0.94 0.25 0.5
-123456789 0.75 0.5 0.59
-123456789 0.86 0 0.59
-123456789 0.92 0.5 0.61
-123456789 0.75 0.4 0.4
-123456789 0.88 0.34 0.57
-123456789 0.75 0.75 0.48
-123456789 0.93 0.5 0.52
-123456789 0.7 0.5 0.63
-123456789 0.86 0 0.53
-123456789 0.86 0.6 0.63
-123456789 0.88 0.6 0.25
-123456789 1 0.4 0.21
-123456789 0.86 0.5 0.55
-123456789 0.88 0.67 0.38
-123456789 0.89 0.25 0.38
-123456789 0.86 0 0.38
-123456789 0.7 0.6 0.63
-123456789 1 0.4 0.57
-123456789 1 0.67 0.55
-123456789 0.58 0.34 0.67
-123456789 0.91 0.5 0.63
-123456789 0.9 0.5 0.23
-123456789 0.94 0 0.57
-123456789 1 0.34 0.25
-123456789 0.86 0.6 0.25
-123456789 0.8 0.25 0.5
-123456789 0.67 0.56 0.64
-123456789 0 0.34 0.25
-123456789 0.7 0.4 0.63
-123456789 1 0 0.63
-123456789 0.72 0.67 0.59
-123456789 0.86 0.4 0.54
-123456789 0.6 0.2 0.42
-123456789 0.19 0.34 0.38
-123456789 0.89 0.5 0.25
-123456789 0.88 0.34 0.33
-123456789 0.89 0.34 0.3
-123456789 0.93 0.67 0.55
-123456789 0.89 0 0.57
-123456789 0.86 0.25 0.42
-123456789 0.67 0.4 0.59
-123456789 1 0.5 0.55
-123456789 0.93 0.5 0.57
-123456789 1 0 0.66
-123456789 1 0.5 0.55
-123456789 0.67 0.6 0.61
-123456789 0.8 0.25 0.5
-123456789 0.93 0.6 0.57
-123456789 0.75 0.5 0.57
-123456789 0.92 0.4 0.42
-123456789 0.92 0 0.55
-123456789 0.89 0.34 0.35
-123456789 1 0.34 0.38
-123456789 0.88 0.67 0.64
-123456789 0.89 0.25 0.21
-123456789 0.88 0.4 0.38
-123456789 0.87 0.67 0.25
-123456789 0.86 0 0.38
-123456789 0.86 0.4 0.13
-123456789 0.93 0.5 0.12
-123456789 0.39 0.5 0.67
-123456789 0.56 0.6 0.52
-123456789 0.84 0.34 0.3
-123456789 0.67 0.5 0.53
-123456789 0.85 0 0.57
-123456789 0.85 0.5 0.57
-123456789 1 0.75 0.25
-123456789 0.86 0.5 0.09
-123456789 1 0.5 0.09
-123456789 0.92 0.5 0.33
-123456789 1 0.4 0.3
-123456789 0.86 0.34 0.5
-123456789 0.88 0 0.63
-123456789 0.72 0.34 0.65
-123456789 0 0.34 0.59
-123456789 0.86 0.5 0.63
-123456789 0.91 0.34 0.34
-123456789 0.58 0.34 0.5
-123456789 1 0.4 0.61
-123456789 0.84 0 0.52
-123456789 1 0.5 0.42
-123456789 0.87 0.34 0.57
-123456789 0 0.5 0.42
-123456789 0.86 0.67 0.57
-123456789 1 0.5 0.61
-123456789 0.67 0.5 0.5
-123456789 0.43 0 0.57
-123456789 0.94 0.34 0.55
-123456789 0.93 0.67 0.5
-123456789 0.38 0.5 0.63
-123456789 0.63 0.4 0.3
-123456789 0.75 0.25 0.38
-123456789 0.78 0.4 0.12
-123456789 1 0 0.61
-123456789 1 0.5 0.38
-123456789 0.86 0.6 0.42
-123456789 0.88 0.5 0.38
-123456789 0.84 0.5 0.38
-123456789 0.92 0.34 0
-123456789 0.89 0.34 0.13
-123456789 0.93 0 0.09
-123456789 0.93 0.25 0.38
-123456789 0.89 0.5 0.02
-123456789 0.79 0.25 0.33
-123456789 0.84 0.25 0.25
-123456789 0.63 0.4 0.2
-123456789 0.75 0.5 0.13
-123456789 0.69 0.2 -123456789
-123456789 0.92 0.25 -123456789
-123456789 0.93 0.4 0.25
-123456789 1 0.4 0.25
-123456789 0.64 0.34 0.65
-123456789 0 0.25 0.55
-123456789 0.62 0.34 0.31
-123456789 0.63 0.25 0.25
-123456789 1 0.67 0.38
-123456789 1 0.5 0.63
-123456789 0.78 0.5 0.57
-123456789 0.9 0.25 0.57
-123456789 0.9 0.34 0.3
-123456789 1 0.5 0.61
-123456789 0.91 0.17 0.57
-123456789 0.56 0.5 0.38
-123456789 1 0.34 0.25
-123456789 0.92 0 0.38
-123456789 1 0.34 0.25
-123456789 0.75 0.5 0
-123456789 0.84 0.5 0.31
-123456789 0.88 0.5 0.38
-123456789 1 0.67 0.38
-123456789 0.92 0.5 0.19
-123456789 0.88 0.4 0.61
-123456789 0.93 0.5 0.65
-123456789 0.93 0.34 0.29
-123456789 0.65 0.5 0.53
-123456789 0.93 0.5 0.61
-123456789 0.86 0 0.5
-123456789 0.94 0.5 0.52
-123456789 0.92 0.67 0.52
-123456789 0.93 0.25 0.63
-123456789 0.63 0.5 0.65
-123456789 0.43 0.67 0.63
-123456789 0.69 0.4 0.55
-123456789 0.91 0.25 0.21
-123456789 1 0.67 0.53
-123456789 0.85 0.5 0.63
-123456789 0.93 0.25 0.09
-123456789 0.88 0.4 0.03
-123456789 0.93 0.2 0.04
-123456789 0.78 0.4 0.66
-123456789 0.93 0.2 0.65
-123456789 0.7 0.5 0.63
-123456789 0.88 0.34 0.55
-123456789 0.67 0.4 0.33
-123456789 0.86 0.67 0.31
-123456789 0.5 0.4 0.61
-123456789 0.46 0.4 0.59
-123456789 0.93 0 0.53
-123456789 0.92 0.5 0.21
-123456789 0.92 0.5 0.5
-123456789 0.92 0.4 0.63
-123456789 0.9 0.6 0.64
-123456789 1 0.2 0.5
-123456789 0.78 0.4 0.55
-123456789 0.59 0 0.35
-123456789 0.72 0 0.57
-123456789 0.67 0.4 0.34
-123456789 0.84 0.67 0.38
-123456789 0.93 0.34 0.25
-123456789 0.86 0.2 0.38
-123456789 0.88 0.25 0.75
-123456789 0.92 0 0.5
-123456789 0.86 0.34 0.63
-123456789 0.86 0.67 0.5
-123456789 0.88 0.34 0.55
-123456789 0.67 0.5 0.57
-123456789 0.86 0.5 0.35
-123456789 0.84 0.67 0.38
-123456789 0.86 0.25 0.38
-123456789 1 0 -123456789
-123456789 0.75 0.6 0
-123456789 0.88 0.75 0.09
-123456789 0.62 0.2 0.38
-123456789 0.93 0.25 0.45
-123456789 0.92 0.2 0.25
-123456789 0.75 0.67 0.38
-123456789 0.86 0.25 0.25
-123456789 0.92 0.5 0.38
-123456789 0.94 0.5 0.59
-123456789 0.93 0.4 0.57
-123456789 0.65 0.67 0.45
-123456789 0.5 0.34 0.59
-123456789 0.56 0.6 0.55
-123456789 0.92 0 0.57
-123456789 0.8 0.5 0.61
-123456789 0 0.67 0.45
-123456789 1 0.25 0.57
-123456789 0.93 0.4 0.57
-123456789 0.78 0.5 0.57
-123456789 0.88 0.5 0.55
-123456789 0.88 0 0.57
-123456789 0.75 0.4 0.63
-123456789 0.86 0.5 0.57
-123456789 0.92 0.75 0.03
-123456789 0.92 0.75 -123456789
-123456789 0.86 0.5 0
-123456789 0.92 0.25 0.42
-123456789 0.93 0 0.38
-123456789 1 0.5 0.47
-123456789 0.93 0.25 0.59
-123456789 0.67 0.34 0.55
-123456789 0.7 0.5 0.57
-123456789 0.93 0.25 0.54
-123456789 1 0.5 0.68
-123456789 1 0 0.3
-123456789 1 0.4 0.38
-123456789 0.93 1 0.25
-123456789 0.6 0.34 0.55
-123456789 0.9 0.4 0.61
-123456789 0.58 0.34 0.5
-123456789 0.94 0.25 0.33
-123456789 0.92 0 -123456789
-123456789 0.93 0.5 0.63
-123456789 0.67 0.5 0.75
-123456789 0.67 0.34 0.38
-123456789 0.91 0.5 0.55
-123456789 0.73 0.6 0.45
-123456789 0.93 0.67 0.59
-123456789 0.64 0.5 0.38
-123456789 0.65 0 0.53
-123456789 0.93 1 0.57
-123456789 0.7 0.4 0.38
-123456789 0.58 0.72 0.25
-123456789 1 0.67 0.13
-123456789 1 0.15 0.13
-123456789 0.78 0.25 0.13
-123456789 0.93 0.15 -123456789
-123456789 0.89 0.4 0.25
-123456789 0.87 0.4 0.5
-123456789 1 0.34 0.5
-123456789 0.85 0.34 0.38
-123456789 0.93 0.4 0.03
-123456789 0.88 0.34 0.38
-123456789 0.67 0 0.37
-123456789 0.71 0.4 0.5
-123456789 1 0.67 0.35
-123456789 0.88 0.34 0.09
-123456789 1 0.75 0.38
-123456789 0.88 0.5 0.42
-123456789 0.93 0.5 0.45
-123456789 1 0.25 0.55
-123456789 0.93 0.67 0.63
-123456789 0.89 0.25 0.55
-123456789 0.89 0.34 0.5
-123456789 0.86 0.5 0.33
-123456789 0.6 0.34 0.57
-123456789 0 0.4 0.64
-123456789 0.86 0.2 0.57
-123456789 0.89 0.25 0.53
-123456789 0.86 0.5 0.25
-123456789 0.93 0.34 0.33
-123456789 0.84 0.5 0.38
-123456789 0.91 0.4 0.25
-123456789 0.63 0.34 0.3
-123456789 0.92 0 0.38
-123456789 0.89 0.4 0.38
-123456789 0.91 0.34 0.5
-123456789 0.92 0.34 0.61
-123456789 0.92 0.4 0.25
-123456789 0.88 0.25 0.31
-123456789 0.86 0.5 0.38
-123456789 0.85 0 0.38
-123456789 1 0.34 0.38
-123456789 0.75 0.4 0.38
-123456789 0.75 0.4 0.38
-123456789 0.4 0.34 0.38
-123456789 0.72 0.67 0.48
-123456789 0.84 0.75 0.38
-123456789 0.91 0.2 0.3
-123456789 0.67 0.25 0.12
-123456789 1 0.43 0.09
-123456789 0.86 0.67 0.03
-123456789 0.94 0.5 0.38
-123456789 0.84 0.5 0.09
-123456789 0.92 0.25 0.5
-123456789 0.88 0.34 0.31
-123456789 0.65 0 0.29
-123456789 0.79 0.5 0.38
-123456789 0.91 0.67 0.38
-123456789 0.93 0.6 0.38
-123456789 0.67 0.25 0.59
-123456789 0.86 0 0.25
-123456789 1 0.5 0.53
-123456789 0.92 0.75 0.61
-123456789 0.78 0.25 0.64
-123456789 1 0.4 0.31
-123456789 0.5 0.4 0.2
-123456789 0.6 0.5 0.38
-123456789 0.86 0.2 0.42
-123456789 0.56 0.67 0.09
-123456789 0.93 0.25 0.25
-123456789 1 0.67 0.18
-123456789 0.93 0.34 0.38
-123456789 0.92 0.25 0.33
-123456789 0.92 0.34 0.38
-123456789 0.86 0.34 0.31
-123456789 0.63 0.5 0.63
-123456789 0.86 0 0.57
-123456789 1 0.5 0.62
-123456789 0.67 0.25 -1.23457e+08
-123456789 0.67 0.5 -1.23457e+08
-123456789 0.93 1 -123456789
-123456789 1 0.5 0.09
-123456789 0.89 0 0.13
-123456789 0.93 0.6 0.03
-123456789 1 0.5 0.38
-123456789 0.93 0.5 0.63
-123456789 0.93 0.5 0.57
-123456789 0.89 0.5 0.63
-123456789 1 0.5 0.3
-123456789 0.7 0 0.38
-123456789 0.92 0.4 0.48
-123456789 0.86 0.6 0.52
-123456789 0.92 0.34 0.38
-123456789 0.7 0.4 0.31
-123456789 0.93 0.4 0.25
-123456789 0.89 0.5 0.57
-123456789 1 0.2 0.5
-123456789 0.93 0.34 0.38
-123456789 0.82 0.75 -123456789
-123456789 0.91 0.4 -123456789
-123456789 0.93 0.34 -123456789
-123456789 0.67 0.25 0.09
-123456789 0.72 0.5 0.13
-123456789 0.58 0.2 0.13
-123456789 0.93 0.5 0.09
-123456789 0.94 0.5 -123456789
-123456789 0.58 0.67 0.13
-123456789 0.93 0.5 0.03
-123456789 0.46 0.4 0.02
-123456789 0.93 0.4 -123456789
-123456789 0.93 0.25 0.42
-123456789 0.88 0.4 0.42
-123456789 0.5 0.72 0.33
-123456789 0.87 0.5 0.42
-123456789 0.65 0.5 0.2
-123456789 0.86 0.4 0.13
-123456789 0.62 0.5 0.25
-123456789 1 1 0.25
-123456789 0.6 0 0.38
-123456789 1 0.4 0.33
-123456789 0.75 0.67 0.38
-123456789 0.89 0.4 0.03
-123456789 1 0.6 0.13
-123456789 1 0.4 0.38
-123456789 0.56 0.25 0.03
-123456789 1 0.5 -1.23457e+08
-123456789 0.92 0.67 -123456789
-123456789 0.84 0.34 -123456789
-123456789 0.84 1 0.03
-123456789 1 0.67 0.03
-123456789 1 0.34 -123456789
-123456789 1 0 0
-123456789 0.92 0 0.03
-123456789 0.88 0.34 0.13
-123456789 0.89 0.5 0.03
-123456789 0.4 0.6 0.03
-123456789 0.25 0.4 0.13
-123456789 1 0.25 0.03
-123456789 0.94 0.25 0
-123456789 1 0 0.25
-123456789 0.63 0.25 0.53
-123456789 1 0.5 0.55
-123456789 0.89 0.34 0.55
-123456789 0.92 0.25 0.63
-123456789 0.75 0.34 0.6
-123456789 0.93 0.34 0.25
-123456789 0.86 0.25 0.63
-123456789 1 0.67 0.57
-123456789 0.65 0.5 0.49
-123456789 0.94 0.34 0.57
-123456789 0.93 0.5 0.53
-123456789 0.6 0.67 0.59
-123456789 0.88 0.2 0.5
-123456789 0.86 0.25 0.5
-123456789 0.88 0.75 0.35
-123456789 0.91 0.34 0.21
-123456789 1 0.34 0.53
-123456789 0.54 0.5 0.6
-123456789 0.86 0.67 0.57
-123456789 1 0.34 0.59
-123456789 0.93 0 0.57
-123456789 0.93 0.4 0.38
-123456789 0.86 0.4 0.53
-123456789 0.89 0.25 0.25
-123456789 0.75 0.75 0.5
-123456789 0.94 0.5 0.25
-123456789 0.56 0.25 0.42
-123456789 0.67 0.25 0.31
-123456789 0.86 0.75 0.2
-123456789 0.85 0.34 0.04
-123456789 0.92 0.5 0.21
-123456789 0.62 0.4 0.53
-123456789 0.86 0 0.57
-123456789 0.72 0.5 0.18
-123456789 0.93 0 -123456789
-123456789 0.91 0.67 0.09
-123456789 0.93 0.4 0.13
-123456789 0.91 0.34 0.42
-123456789 0.86 0.4 0.13
-123456789 1 0.34 0.25
-123456789 1 0.34 0.12
-123456789 0.93 0.25 0.13
-123456789 0.85 0 0.25
-123456789 0.92 0.6 0.33
-123456789 0.85 0.5 0.38
-123456789 0.86 0.34 0.61
-123456789 0.29 0.2 0.34
-123456789 0.86 0.25 0.57
-123456789 0.93 0.75 0.59
-123456789 0.86 0 0.63
-123456789 0.62 0.4 0.53
-123456789 0.86 0.5 0.52
-123456789 1 0.25 0.3
-123456789 0.75 0.34 0.57
-123456789 0.84 0.5 0.42
-123456789 0.85 0.4 0.48
-123456789 0.84 0.2 0.63
-123456789 0.88 0.5 0.38
-123456789 1 0.4 0.38
-123456789 0.92 0.5 0.65
-123456789 0.88 0.5 0.63
-123456789 0.93 0.6 0.5
-123456789 0.86 0.5 0.57
-123456789 0.93 0 0.57
-123456789 0.82 0.25 0.47
-123456789 1 0.5 -1.23457e+08
-123456789 0.72 0.6 -1.23457e+08
-123456789 1 1 -1.23457e+08
-123456789 0.7 -123456789 0.34
-123456789 1 0 0.57
-123456789 0.63 0.4 0.45
-123456789 0.92 0.4 0.57
-123456789 0.75 0.34 0.55
-123456789 0.62 0.5 0.45
-123456789 1 0.5 0.39
-123456789 0.94 0.34 0.53
-123456789 0.86 0 0.65
-123456789 0.65 0.5 0.55
-123456789 0.77 0.5 0.45
-123456789 0.93 0.34 0.25
-123456789 1 0.75 0.38
-123456789 1 0.34 0.57
-123456789 0.46 0.34 0.52
-123456789 0.4 0 0.45
-123456789 1 0.75 0.38
-123456789 0.86 0.67 0.31
-123456789 0.94 0.34 0.38
-123456789 1 0.5 0.25
-123456789 0.86 0.34 0.38
-123456789 0.6 0.67 0.25
-123456789 1 0.67 0.38
-123456789 0.62 0.17 0.12
-123456789 0.7 0.5 0.37
-123456789 0.88 0.67 0.5
-123456789 1 0.4 0.57
-123456789 0.75 0.67 0.57
-123456789 0.67 0.2 0.09
-123456789 0.86 0.25 0.34
-123456789 0.88 0 0.53
-123456789 0.93 0.25 0.38
-123456789 0.43 0.4 0.42
-123456789 1 0.5 0.38
-123456789 0.93 0.4 0.61
-123456789 0.75 0.2 0.35
-123456789 0.63 0.25 0.57
-123456789 0.5 0.25 0.57
-123456789 0.72 0.4 0.61
-123456789 0.88 0.34 0.64
-123456789 0.93 0.5 0.3
-123456789 0.93 0.5 0.59
-123456789 0.72 0.67 0.55
-123456789 0.88 0.2 0.55
-123456789 0.93 0 0.57
-123456789 0 0.5 0.55
-123456789 0.88 0.6 0.57
-123456789 0.75 0.4 0.61
-123456789 0.72 0.4 0.65
-123456789 0.88 0.5 0.74
-123456789 0.82 0.67 0.3
-123456789 0.63 0.2 0.34
-123456789 0.5 0.34 0.25
-123456789 0.5 0.34 0.47
-123456789 0.94 0.4 0.25
-123456789 0.75 0.4 0.42
-123456789 0.92 0.5 0.63
-123456789 0.74 0.34 0.64
-123456789 0.86 0.2 0.5
-123456789 0.8 0.4 0.35
-123456789 0.92 0.5 0.75
-123456789 0.84 0.5 0.5
-123456789 0.75 0.5 0.57
-123456789 0.89 0.2 0.61
-123456789 0.93 0.72 0.57
-123456789 0.72 0 0.59
-123456789 0.94 0.34 0.25
-123456789 0.93 0.5 0.5
-123456789 0.85 0.4 0.63
-123456789 0.67 0 0.64
-123456789 0.9 0.4 0.55
-123456789 0.86 0.34 0.55
-123456789 0.93 0 0.55
-123456789 0.58 0.25 0.38
-123456789 0.92 0.5 0.02
-123456789 0.93 0.5 -123456789
-123456789 0.89 0.67 0.25
-123456789 0.63 0.5 0.03
-123456789 0 0.63 0.03
-123456789 0 0 0.13
-123456789 0.69 0.75 0.33
-123456789 0.72 0.5 0.33
-123456789 0.73 0.4 0.38
-123456789 1 0.4 0.38
-123456789 0.92 0.5 0.55
-123456789 0.75 0.67 0.69
-123456789 0.85 0.4 0.33
-123456789 0.93 0.25 0.21
-123456789 0.72 0.34 0.53
-123456789 0.88 0.5 0.57
-123456789 0.56 0.5 0.57
-123456789 0.37 0.6 0.4
-123456789 0.93 0.5 0.57
-123456789 0.65 0 0.57
-123456789 1 0.6 0.31
-123456789 0.86 0.25 0.52
-123456789 1 0.5 0.38
-123456789 0.67 0.5 0.61
-123456789 0.92 0.4 0.09
-123456789 0.63 0.67 0.13
-123456789 0.93 0 0.2
-123456789 1 0.5 0.61
-123456789 1 0.75 0.57
-123456789 1 0.67 0.45
-123456789 0.84 0.34 0.57
-123456789 0.93 0.5 0.53
-123456789 0.85 0.67 0.55
-123456789 1 0 0.75
-123456789 0.93 0.34 0.38
-123456789 1 0.4 0.61
-123456789 0.89 0.25 0.2
-123456789 0.92 0.67 0.42
-123456789 0.5 0.5 0.15
-123456789 0.78 0.4 0.3
-123456789 0.7 0.34 0.5
-123456789 0.92 0.2 0.64
-123456789 1 0.6 0.53
-123456789 0.86 0.4 0.57
-123456789 0.9 0.5 0.38
-123456789 0.92 0.5 0.45
-123456789 0.87 0.4 0.57
-123456789 0.54 0.5 0.5
-123456789 0.67 0 0.59
-123456789 0.93 0.25 0.55
-123456789 0.6 0.4 0.38
-123456789 0.88 0.4 0.38
-123456789 0.72 0.34 0.38
-123456789 0.64 0.5 0.75
-123456789 0.91 0.6 0.57
-123456789 1 0 0.47
-123456789 0.84 0.6 0.5
-123456789 0.86 0.5 0.59
-123456789 0.78 0.5 0.57
-123456789 1 0.4 0.53
-123456789 0.86 0.5 0.61
-123456789 0.75 0.4 0.55
-123456789 0.86 0.5 0.55
-123456789 0.86 0.5 0.57
-123456789 0.93 0.25 0.63
-123456789 0.93 0.4 0.55
-123456789 0.87 0.34 0.53
-123456789 0.5 0.4 0.55
-123456789 0.63 0.34 0.63
-123456789 0.86 0 0.5
-123456789 1 0.5 0.48
-123456789 0.86 0.5 0.63
-123456789 0.92 0.5 0.31
-123456789 0.86 0.5 0.38
-123456789 0.84 0.5 0.38
-123456789 0.93 0.5 0.25
-123456789 0.58 0 0.31
-123456789 0.69 0.43 0.15
-123456789 0.88 0.34 0.13
-123456789 0.63 0.5 0.38
-123456789 0.84 0.4 0.31
-123456789 0.93 0.5 0.64
-123456789 1 0.34 0.55
-123456789 1 0.25 0.57
-123456789 0.92 0 0.34
-123456789 0.88 0.5 0.57
-123456789 0.93 0.5 0.31
-123456789 1 0.5 0.17
-123456789 0.92 0.34 0.38
-123456789 1 0.4 0.38
-123456789 0.86 0 0.18
-123456789 0.36 0.8 0.13
-123456789 1 0.5 0.03
-123456789 0.67 0.5 0.25
-123456789 0.89 0.5 0.03
-123456789 0.67 0.2 0.21
-123456789 0.86 0.34 0.57
-123456789 0.86 0.34 0.31
-123456789 0.9 0 0.5
-123456789 0.93 0.5 0.63
-123456789 0.85 0.5 0.59
-123456789 0.92 0.5 0.25
-123456789 0.65 0.34 0.25
-123456789 0.94 0.67 0.38
-123456789 0.6 0.34 0.38
-123456789 0.86 0.25 0.61
-123456789 1 0.4 0.61
-123456789 0.92 0.34 0.57
-123456789 0.85 0.72 0.38
-123456789 1 0.34 0.2
-123456789 0.93 0.4 0.63
-123456789 0.86 0.2 0.5
-123456789 0.92 0.25 0.31
-123456789 0.93 0.6 0.63
-123456789 0.84 0.5 0.63
-123456789 0.6 0.67 0.12
-123456789 0.67 0.5 0.5
-123456789 0.55 0.34 0.55
-123456789 0.8 0.4 0.38
-123456789 0.42 0 0.31
-123456789 0.86 0.4 0.38
-123456789 0.91 0.25 0.61
-123456789 0.86 0.4 0.48
-123456789 0.92 0.6 0.61
-123456789 1 0.4 0.47
-123456789 0.93 0.5 0.59
-123456789 0.84 0 0.55
-123456789 0.8 0.5 0.55
-123456789 0.63 0.5 0.64
-123456789 0.75 0.4 0.45
-123456789 0.89 0.5 0.63
-123456789 0.86 0.4 0.57
-123456789 1 0.5 0.45
-123456789 0.86 0 0.33
-123456789 1 0.34 0.63
-123456789 1 0.25 0.48
-123456789 1 0.67 0.5
-123456789 0.75 0.5 0.57
-123456789 0.86 0.5 0.5
-123456789 0.92 0.5 -123456789
-123456789 0.79 0 0.13
-123456789 0.84 0.6 0.07
-123456789 0.88 0.4 0.13
-123456789 1 0 0.03
-123456789 0.92 0.29 0.25
-123456789 0.94 0.4 0.17
-123456789 1 0.34 0.64
-123456789 0.92 0.25 0.5
-123456789 0.86 0.25 0.57
-123456789 0.93 0.67 0.63
-123456789 0.8 0.91 0.61
-123456789 0.5 0.67 0.59
-123456789 0.84 0.4 0.47
-123456789 0.86 0.2 0.65
-123456789 0.67 0.5 0.61
-123456789 0.73 0 0.57
-123456789 1 0.67 0.61
-123456789 0 0.5 0.25
-123456789 0.4 0.5 0.2
-123456789 0.89 0.67 0.53
-123456789 0.86 0.4 0.25
-123456789 0.95 0.4 0.25
-123456789 1 0 0.42
-123456789 0.91 0.5 0.42
-123456789 0.43 0.5 0.38
-123456789 1 0.4 0.31
-123456789 0.86 0.75 0.63
-123456789 0.91 0.4 0.53
-123456789 0.86 0.5 0.53
-123456789 1 0 0.47
-123456789 0.93 0.5 0.4
-123456789 0.92 0.67 0.5
-123456789 0.88 0.25 0.53
-123456789 0.67 0.5 0.5
-123456789 0.93 0.67 0.5
-123456789 0.75 0.34 0.48
-123456789 0.87 0 0.31
-123456789 0.92 0.6 0.38
-123456789 1 0.5 0.38
-123456789 0.93 0.25 0.17
-123456789 0.78 0.5 0.55
-123456789 0.92 0.34 0.59
-123456789 0.86 0 0.5
-123456789 0.93 0.25 0.44
-123456789 0.85 1 0.3
-123456789 0.89 0.5 0.63
-123456789 0.6 0.34 0.57
-123456789 0.93 0 0.35
-123456789 0.86 0.4 0.38
-123456789 0.9 0.5 0.18
-123456789 0.86 0.34 0.3
-123456789 0.67 0.67 0.25
-123456789 0.7 0.67 0.63
-123456789 0.86 0.5 0.25
-123456789 0 0.17 0.13
-123456789 0.67 0.5 0.09
-123456789 0.67 0.34 0.18
-123456789 0.78 0 0.13
-123456789 0.89 0.34 0.63
-123456789 0.77 0.67 0.13
-123456789 0.94 0.67 0.25
-123456789 0.67 0.34 0.31
-123456789 0.92 0.5 0.33
-123456789 0.93 0.5 0.03
-123456789 0.86 0.2 0.38
-123456789 1 0.5 0.38
-123456789 0.86 0.25 0.5
-123456789 0.86 0.25 0.61
-123456789 0.88 0.34 0.57
-123456789 0.93 0.34 0.55
-123456789 0.93 0.25 0.59
-123456789 0.91 0 0.69
-123456789 0.93 0 0.45
-123456789 0.75 0.6 0.39
-123456789 0.39 0.75 0.34
-123456789 0.93 0.75 0.53
-123456789 0.86 0.34 0.34
-123456789 0.86 0.5 0.57
-123456789 0.86 0.25 0.47
-123456789 0.78 0.2 0.5
-123456789 0.86 0.5 0.25
-123456789 0.9 0.4 0.5
-123456789 0.93 0.5 0.61
-123456789 0.86 0.4 0.38
-123456789 0.92 0.5 0.75
-123456789 0.56 1 0.57
-123456789 0.82 0 0.55
-123456789 0.91 0.34 0.63
-123456789 0.85 0.5 0.57
-123456789 0.63 0.67 0.38
-123456789 1 0.34 0.61
-123456789 0.62 0.25 0.75
-123456789 0.58 0.4 0.5
-123456789 0.63 0 0.38
-123456789 0.93 0.5 0.38
-123456789 0.56 0.5 0.55
-123456789 0.92 0.4 0.57
-123456789 0.7 0.29 0.57
-123456789 0.75 0.5 0.55
-123456789 0.6 0.34 0.57
-123456789 0.93 0.25 0.5
-123456789 0.5 0.5 0.35
-123456789 0.64 0.34 0.31
-123456789 0.91 0.25 0.5
-123456789 0.93 0 0.38
-123456789 1 0.25 0.38
-123456789 0.9 0.5 0.38
-123456789 0.47 0 0.42
-123456789 0.79 0.5 0.13
-123456789 1 0.25 -123456789
-123456789 0.92 0.75 0.42
-123456789 0.55 0.67 0.35
-123456789 1 0.4 0.63
-123456789 0.77 0.5 0.48
-123456789 0.86 0 0.57
-123456789 1 0.5 0.57
-123456789 0.93 0.5 0.25
-123456789 0.92 0.5 0.25
-123456789 0.93 0.67 0.2
-123456789 1 0.2 0.53
-123456789 0.8 0.25 0.57
-123456789 0.65 0 0.42
-123456789 0.93 0.25 0.61
-123456789 0.93 0.4 0.57
-123456789 0.91 0.25 0.52
-123456789 0.89 0.34 0.5
-123456789 0.86 0.67 0.61
-123456789 0.7 0.67 0.42
-123456789 1 0.2 0.5
-123456789 0.93 0.5 0.58
-123456789 0.38 0.34 0.64
-123456789 0.15 0.25 0.3
-123456789 0.93 0.5 0.35
-123456789 0.67 0.4 0.57
-123456789 0.6 0.25 0.35
-123456789 0.92 0.5 0.48
-123456789 0.93 0 0.38
-123456789 1 0.34 0.61
-123456789 0.67 0.5 0.65
-123456789 0.93 0.34 0.45
-123456789 0.93 0.25 0.57
-123456789 1 0.5 0.55
-123456789 0.93 0.5 0.48
-123456789 1 0.2 0.57
-123456789 0.92 0.75 0.64
-123456789 0.75 0.75 0.5
-123456789 0.67 1 0.38
-123456789 1 0.4 0.5
-123456789 0.9 0.67 0.38
-123456789 0.92 0.5 0.13
-123456789 1 0.25 0.03
-123456789 0.85 0.6 0.03
-123456789 0.29 0.6 0.13
-123456789 0.57 0.67 0.13
-123456789 0.93 0.67 0.03
-123456789 0.84 0.5 0.03
-123456789 1 0 0.03
-123456789 0.92 0 0.13
-123456789 1 0 0.3
-123456789 1 0.5 0.04
-123456789 0.9 0.34 0
-123456789 0.78 0.5 0.38
-123456789 0.56 0.25 0.33
-123456789 0.93 0.4 0.38
-123456789 1 0 0.13
-123456789 1 1 0.38
-123456789 1 0.6 0.38
-123456789 1 0.6 0.25
-123456789 0.88 0.34 0.63
-123456789 0.86 0.34 0.7
-123456789 0.92 0.34 0.63
-123456789 0.93 0 0.45
-123456789 0.5 0.67 0.48
-123456789 0.93 0.5 0.57
-123456789 1 0.4 0.5
-123456789 0.92 0.5 0.03
-123456789 0.72 0.25 0.25
-123456789 1 0.4 0.09
-123456789 1 0 0.3
-123456789 0.56 0.4 -123456789
-123456789 0.9 0.5 0.09
-123456789 0.92 0.4 0
-123456789 0.9 0.4 0.38
-123456789 0.58 0 0.3
-123456789 0.93 0.25 0.42
-123456789 1 0 0.38
-123456789 1 0.5 0.38
-123456789 0.93 0.5 0.09
-123456789 0.93 0.25 0.03
-123456789 1 0.5 0.55
-123456789 1 0.5 -123456789
-123456789 0.93 0.56 0.57
-123456789 0.85 0.34 0.03
-123456789 0.73 0 0.13
-123456789 0.78 0.2 0.03
-123456789 0.84 0.5 0.13
-123456789 1 0.34 0.03
-123456789 0.93 0.2 0.09
-123456789 0.86 0.4 0.13
-123456789 1 0.5 -123456789
-123456789 0.86 0.34 0.13
-123456789 0.75 0.34 -123456789
-123456789 0.88 0.43 0.21
-123456789 0.93 1 0.25
-123456789 0.88 0.5 0.33
-123456789 1 0.43 0.25
-123456789 0.92 0.67 0.38
-123456789 1 0 0.38
-123456789 0.86 0.5 0.63
-123456789 1 0.5 0.57
-123456789 0.89 0.5 0.42
-123456789 0.65 0.4 0.5
-123456789 0.6 0.4 0.75
-123456789 0.93 0.25 0.64
-123456789 0.89 0 0.59
-123456789 0.6 0.75 0.5
-123456789 0.37 0.25 0.53
-123456789 0.58 0.5 0.64
-123456789 0.93 0.4 0.33
-123456789 0.67 0.34 0.63
-123456789 0.8 0.2 0.55
-123456789 0.92 0 0.25
-123456789 0.72 0.5 0.3
-123456789 0.62 0.34 0.38
-123456789 0.75 0.4 0.45
-123456789 0.58 0.5 0.21
-123456789 1 0.5 0.64
-123456789 0.93 0.67 0.34
-123456789 1 0 0.38
-123456789 0.84 0.67 0.55
-123456789 0.9 0.34 0.33
-123456789 0.56 0.5 0.61
-123456789 0 0.67 0.64
-123456789 0.93 0.6 0.48
-123456789 0.91 0 0.57
-123456789 1 0 0.5
-123456789 1 0.67 0.52
-123456789 0.86 0.5 0.57
-123456789 0.93 0.5 0.63
-123456789 0.88 0.4 0.63
-123456789 0.67 0.5 0.57
-123456789 0.84 1 0.6
-123456789 0.84 0.34 0.7
-123456789 0.92 0.17 0.21
-123456789 0.88 0.5 0.3
-123456789 0.72 0.67 0.63
-123456789 0.86 0.4 0.57
-123456789 1 0.4 0.3
-123456789 0.88 0.25 0.61
-123456789 0.93 0.4 0.52
-123456789 0.7 0 0.64
-123456789 1 0.34 0.38
-123456789 0.84 0.5 0.25
-123456789 0.5 0.5 0.33
-123456789 1 0.5 0.03
-123456789 0.88 0.34 0.13
-123456789 1 0.5 0.38
-123456789 1 0.2 0.38
-123456789 0.6 0.17 0.5
-123456789 0.89 0.2 0.63
-123456789 0.86 0.4 0.63
-123456789 1 0.4 0.33
-123456789 0.86 0.4 0.25
-123456789 1 0.6 0.42
