0.9 0.84 1 0.57
0.93 0.75 0.75 0.5
0.79 0.86 0.8 0.48
0.63 0.55 0.2 0.34
0.47 0.34 0 0.03
0.84 0.38 0 -123456789
0 0.25 0 0
0.5 0.34 0 0.06
0.45 0.12 0 -123456789
0.12 0.15 0 -123456789
0 0 0 -123456789
0 0.13 0 -123456789
0.2 0.46 0 -123456789
0 0.19 0 -123456789
0 0.43 0 -123456789
-123456789 0.13 0 -123456789
0 0.43 0 -123456789
0 0.23 0 -123456789
0 0.13 0 -123456789
0 0.38 0 -123456789
0.18 0.34 0 -123456789
0 0 0 -123456789
0.05 0.16 0 -123456789
0 0 0 -123456789
0 0.29 0 -123456789
0 0.37 0 -123456789
0 0.13 0 -123456789
0 0.15 0 -123456789
0.21 0 0 -123456789
0.29 0 0 -123456789
0 0 0 -123456789
0.25 0.2 0 -123456789
0.13 0.34 0 -123456789
0.17 0.34 0 -123456789
0 0 0 0
0.13 0.43 0 -123456789
0 0.38 0 -123456789
0.13 0 0 -123456789
0.5 0.43 0 -123456789
0.25 0.43 0 -123456789
0.15 0 0 -123456789
0.25 0.25 0 -123456789
0.24 0.13 0 -123456789
0.13 0.13 0 -123456789
0.01 0.12 0 -123456789
0 0 0 -123456789
0 0.17 0 -123456789
0 0 0 -123456789
0 0.39 0 -123456789
0.2 0 0 -123456789
0.3 0.34 0 -123456789
0.2 0.43 0 -123456789
0 0.34 0 0
0 0.12 0 -123456789
0 0.38 0 -123456789
0.12 0.15 0 0
0.12 0.34 0 -123456789
0 0.38 0 -123456789
0 0 0 -123456789
0 0.1 0 -123456789
0 0 0 -123456789
0 0.13 0 -123456789
0 0.34 0 -123456789
0 0.15 0 -123456789
0 0.5 0 -123456789
0.15 0.29 0 -123456789
0 0.5 0 -123456789
0 0 0 -123456789
0 0.43 0 -123456789
0 0 0 -123456789
0 0 0 -123456789
0.13 0 0 -123456789
0.01 0.17 0 -123456789
0 0 0 -123456789
0 0.4 0 -123456789
0.25 0.4 0 -123456789
-123456789 0 0 -123456789
0 0 0 -123456789
0 0.37 0 -123456789
0 0 0 -123456789
0 0 0 -123456789
0 0 0 -123456789
0 0.38 0 -123456789
0 0.12 0 -123456789
0 0.43 0 -123456789
0 0 0 -123456789
0 0.4 0 -123456789
0 0.38 0 -123456789
0 0.29 0 -123456789
0 0.3 0 -123456789
0 0.5 0 -123456789
0 0.67 0 -123456789
0.23 0.58 0 -123456789
0 0 0 -123456789
0 0.38 0 -123456789
0 0 0 -123456789
0 0 0 -123456789
0 0.19 0 -123456789
0 0.39 0 -123456789
0 0 0 -123456789
0.12 0.25 0 -123456789
0 0.38 0 -123456789
0 0.38 0 -123456789
0 0.4 0 0
0.15 0 0 -123456789
0.05 0.64 0 -123456789
0 0.38 0 -123456789
0.24 0 0 -123456789
0 0.56 0 -123456789
0.19 0.15 0 -123456789
0 0.12 0 -123456789
0 0.2 0 -123456789
0 0.34 0 -123456789
0 0 0 -123456789
0 0.17 0 -123456789
0 0.25 0 -123456789
0.2 0.17 0 -123456789
0 0.38 0 -123456789
0 0 0 0.09
0 0 0 -123456789
0.18 0 0 -123456789
0 0.67 0 -123456789
0.17 0.35 0 -123456789
0.15 0.38 0 -123456789
0 0.17 0 -123456789
0 0.38 0 -123456789
0.24 0 0 -123456789
0.05 0.54 0 -123456789
0 0 0 -123456789
0 0.43 0 0.14
0.08 0.2 0 0.03
0.43 0.38 0 0.09
0 0 0 0.13
0 0.43 0 0.42
0 0.15 0 0.42
0 0.13 0 0.53
0 0.23 0 0.42
0 0.2 0 0.39
0 0.34 0 -1.23457e+08
0.25 0.58 0 -1.23457e+08
0.2 0.13 0 -123456789
0.15 0.42 0 -123456789
0 0 0 -123456789
0 0.45 0 -123456789
0.38 0.43 0 -123456789
0.2 0.13 0 -123456789
0.13 0.17 0 -123456789
0.25 0.3 0 -123456789
0.44 0 0 -123456789
0.19 0.34 0 -123456789
0.38 0.67 0 -123456789
-123456789 0.2 0 -123456789
0.45 0.34 0 -123456789
0.15 0.11 0 -123456789
0 0.24 0 -123456789
0.15 0.29 0 -123456789
0.23 0 0 -123456789
0 0 0 -123456789
0 0 0 -123456789
0 0 0 -123456789
0 0.12 0 -123456789
0 0 0 -123456789
0 0.29 0 -123456789
0 0.34 0 -123456789
0.17 0.25 0 -123456789
0 0.34 0 -123456789
0 0.38 0 -123456789
0 0.34 0 -123456789
0 0 0 -123456789
0.46 0.29 0.17 -123456789
0 0.2 0 -123456789
0 0.4 0 -123456789
0 0.34 0 -123456789
0 0.34 0 -123456789
0 0.34 0 -123456789
0 0.34 0 -123456789
0 0.17 0 -123456789
0 0.34 0 -123456789
0.2 0.63 0 -123456789
0.15 0.5 0 -123456789
0.48 0.38 0 -123456789
0 0.42 0 -123456789
0.17 0 0 -123456789
0.45 0.17 0 -123456789
0.25 0.15 0 -123456789
0.45 0 0 -123456789
0 0.34 0 -123456789
0.12 0.34 0 -123456789
0.43 0.45 0 -123456789
0.72 0.34 0 -123456789
0.7 0.2 0 -123456789
0.5 0 0 -123456789
0.2 0.17 0 -123456789
0.5 0.29 0 -123456789
0.43 0.37 0 -123456789
0.5 0 0 -123456789
0.62 0.34 0 -123456789
0.67 0.7 0 -123456789
0.43 0.29 0 -123456789
0 0.13 0 -123456789
0.2 0.2 0 -123456789
0 0 0 -123456789
0 0 0 -123456789
0 0.56 0 -123456789
0.38 0.63 0 -123456789
0.58 0.4 0 -123456789
0.5 0.34 0 -123456789
0.43 0.43 0 -123456789
0.5 0.6 0 -123456789
0 0 0 -123456789
0.5 0.5 0 -123456789
0.49 0 0 -123456789
0.89 0.72 0 -123456789
0.86 0.84 0 -123456789
0.94 0.72 0 -1.23457e+08
1 0.72 0 -123456789
0.93 0.88 0 -123456789
1 0.89 0 -123456789
0.92 0.72 0 -123456789
0.91 0.91 0 -123456789
0.75 0.75 0 -123456789
0.88 0.89 0 -123456789
0.77 0.84 0 -123456789
0.93 1 0 -123456789
0.95 0.88 0 -123456789
0.96 0.86 0 -123456789
1 1 0 -123456789
0.94 0.86 0 -123456789
1 1 0 -123456789
0.91 0.84 0 -123456789
0.95 0.84 0 -123456789
1 1 0 -123456789
0.96 0.84 0 -123456789
1 0.9 0 -123456789
0.95 0.84 0 -123456789
0.8 1 0 -123456789
0.95 0.84 0 -123456789
0.92 1 0.17 -123456789
0.9 1 0 -123456789
0.95 0.86 0 0.05
0.88 1 0 -123456789
1 0.88 0 -123456789
0.95 1 0 -123456789
0.89 1 0 -123456789
0.95 0.86 0 -123456789
0.91 0.86 0 -123456789
0.84 1 0 -123456789
0.95 1 0 -123456789
0.94 1 0 -123456789
0.96 0.86 0 -123456789
0.96 0.86 0 -123456789
0.96 0.86 0 -123456789
1 1 0 -123456789
1 0.86 0 -123456789
0.88 0.75 0 -123456789
1 0.8 0 -123456789
0.8 0.78 0 -123456789
0.9 1 0 -123456789
0.88 0.67 0 -123456789
0.9 1 0 -123456789
0.88 0.88 0 -123456789
0.91 1 0 -123456789
-123456789 1 0 -123456789
0.95 0.86 0 -123456789
0.93 1 0 -123456789
0.89 0.84 0 -123456789
1 0.78 0 -123456789
0.93 0.86 0 -123456789
1 1 0 -123456789
0.96 1 0 -123456789
0.94 0.86 0 -123456789
0.89 0.84 0 -123456789
0.95 0.86 0 0
1 0.86 0 -123456789
0.94 0.88 0 -123456789
0.94 0.84 0 -123456789
0.95 0.86 0 -123456789
0.94 0.88 0 -123456789
0.89 0.86 0 -123456789
0.94 0.86 0 -123456789
0.75 1 0 -123456789
0.95 1 0 -123456789
0.88 1 0 -123456789
1 0.84 0 -123456789
0.93 0.75 0 -123456789
1 0.86 0 -123456789
0.8 1 0 -123456789
1 0.86 0 -123456789
0.94 0.84 0 -123456789
0.86 0.84 0 -123456789
1 0.84 0 -123456789
1 0.86 0 -123456789
0.93 1 0 -123456789
0.94 0.86 0 -123456789
0.89 0.75 0 -123456789
0.9 0.84 0 -123456789
0.88 0.7 0 -123456789
1 1 0 -123456789
0.95 0.63 0 -123456789
0.9 0.86 0 -123456789
0.92 0.86 0 -123456789
0.95 1 0 -123456789
0.96 0.78 0 -123456789
0.95 0.67 0 -123456789
0.95 0.86 0 -123456789
0.9 0.75 0 -123456789
0.94 0.86 0 -123456789
1 0.84 0 -123456789
0.93 0.75 0 -123456789
1 0.88 0 -123456789
1 0.84 0 -123456789
0.95 0.86 0 -123456789
0.94 0.86 0 -123456789
0.94 1 0 -123456789
0.93 0.86 0 -123456789
0.94 1 0 -123456789
0.91 0.88 0 -123456789
0.95 0.75 0 -123456789
0.93 0.86 0 -123456789
0.78 0.86 0 -123456789
0.95 0.84 0 -123456789
0.88 0.84 0 -123456789
0.91 0.84 0 -123456789
0.93 0.86 0 -123456789
1 0.84 0 -123456789
0.95 0.86 0 -123456789
0.94 0.67 0 -123456789
0.89 0.86 0 -123456789
1 0.86 0 -123456789
1 0.75 0 -123456789
0.89 0.84 0 -123456789
1 0.86 0 -123456789
0.95 0.86 0 -123456789
1 0.86 0 -123456789
0.88 0.84 0 -1.23457e+08
0.95 0.78 0 -123456789
0.83 0.86 0.2 -123456789
0.89 1 0 -123456789
1 0.86 0 -123456789
1 0.75 0 -123456789
0.94 1 0 -123456789
0.93 0.84 0 -123456789
1 0.94 0 -123456789
0.88 0.86 0 -123456789
1 0.84 0 -123456789
1 0.86 0 -123456789
0.99 0.93 0 -123456789
0.93 1 0 0.03
1 0.84 0 -123456789
0.99 0.91 0 -123456789
1 0.86 0 -123456789
0.94 0.78 0 -123456789
0.94 1 0 -123456789
0.94 1 0 -123456789
0.88 0.72 0 -123456789
1 0.8 0 -123456789
1 0.84 0 0.13
0.9 0.84 0 0.03
0.93 0.86 0 0.13
0.9 0.84 0 0.17
0.91 0.86 0 0.3
0.9 1 0 0.37
0.86 1 0 -123456789
1 1 0 0.19
0.86 0.84 0 -123456789
0.94 0.72 0 -123456789
0.94 0.84 0 -123456789
0.94 1 0 -123456789
0.93 1 0 -123456789
0.95 0.86 0 -123456789
0.9 0.84 0 -123456789
0.93 0.84 0 -123456789
0.88 0.84 0 -123456789
1 0.84 0 -123456789
0.8 1 0 -123456789
0.85 0.67 0 -123456789
0.93 0.87 0 -123456789
1 0.86 0 -123456789
0.94 0.75 0 -123456789
0.9 1 0 -123456789
0.91 0.75 0 -123456789
1 0.86 0 -123456789
0.78 1 0 -123456789
0.93 0.84 0 -123456789
0.84 0.72 0 -123456789
0.89 1 0 -123456789
0.92 0.86 0 -123456789
0.99 1 0 -123456789
1 0.86 0 -123456789
0.93 0.75 0 -123456789
1 0.84 0 -123456789
0.93 0.88 0 -123456789
1 0.86 0 -123456789
1 0.67 0 -123456789
0.88 0.86 0 0.05
0.95 0.75 0 0.03
0.82 1 0 0.09
-123456789 0.92 0 0.09
0.95 0.84 0 0.13
1 0.86 0 0.13
0.75 0.86 0 0.09
0.93 0.86 0 0.13
0.9 1 0 0.13
0.89 0.84 0 0.13
0.9 0.84 0 0.03
0.78 1 0 0.2
1 0.75 0 0.13
1 1 0 0.09
0.94 0.84 0 0.13
0.89 0.86 0 0.09
0.93 0.84 0 0.2
1 0.86 0 0.13
0.92 0.84 0 0.05
1 1 0 0.06
-123456789 1 0 0.03
0.95 0.8 0 0.09
0.89 0.86 0 0.25
0.93 1 0 0.03
0.8 0.84 0 0.12
0.88 0.84 0 0.09
1 1 0 0.03
0.95 0.88 0 0.04
1 0.72 0 0.13
0.9 0.84 0 0.09
0.86 0.91 0 0.09
0.9 1 0 0.03
0.87 0.72 0 0.09
0.84 0.86 0 0.2
0.9 1 0 0
0.94 0.86 0 0.19
0.88 0.84 0 0.03
0.9 0.84 0 0.03
1 0.86 0 0.13
1 0.84 0 0.12
1 0.72 0 0.13
0.89 0.84 0 0.13
0.95 0.88 0 0.03
0.95 1 0 0.13
1 1 0 0.03
0.87 0.88 0.25 0.12
0.94 1 0 0.03
0.91 0.84 0 0.17
0.89 1 0 0.09
1 1 0 0.09
1 0.6 0 0.13
0.86 1 0 -123456789
0.92 0.78 0 0.03
0.86 1 0.25 0.12
0.91 0.86 0 -123456789
0.95 0.84 0 0.09
0.94 0.72 0 0.03
1 0.88 0 0.03
1 0.86 0 0.03
1 0.84 0 0.38
1 0.86 0 0.31
0.89 0.75 0 0.38
1 0.86 0 0.25
0.94 0.63 0 0.31
0.88 0.72 0 0.47
0.95 0.84 0 0.31
0.8 0.86 0 0.38
1 0.84 0 0.38
1 0.86 0 0.38
0.95 1 0 0.38
0.92 0.84 0 0.25
0.89 1 0 0.25
1 0.75 0 0.4
0.99 0.92 0 0.25
0.93 0.84 0 0.25
1 0.86 0 0.31
1 0.67 0 0.25
1 0.72 0 0.42
0.84 0.9 0 0.38
0.94 0.63 0 0.31
0.89 0.78 0 0.38
1 0.88 0 0.5
1 0.78 0 0.63
1 1 0 0.57
0.9 0.93 0 0.64
0.87 0.84 0 0.57
1 0.72 0 0.57
1 0.72 0 0.57
0.86 0.84 0 0.52
0.89 1 0 0.5
1 1 0 0.64
0.78 0.75 0 0.55
0.87 1 0 0.53
0.94 0.86 0 0.63
0.95 1 0 0.53
0.87 0.86 0 0.55
1 0.84 0 0.42
1 0.86 0 0.48
0.93 0.84 0 0.63
0.93 0.72 0 0.53
0.86 0.75 0 0.63
0.94 0.86 0 0.59
0.94 0.86 0 0.57
0.94 0.84 0 0.57
0.92 0.86 0 0.57
0.95 0.84 0 0.48
0.95 1 0 0.57
0.95 1 0 0.57
1 0.86 0 0.59
0.87 1 0 0.52
0.95 0.84 0 0.29
1 1 0 0.63
0.95 0.88 0 0.63
1 0.78 0 0.48
0.94 0.86 0 0.42
0.88 0.86 0 0.48
1 1 0 0.45
0.93 1 0 0.57
0.94 0.86 0 0.45
1 0.84 0 0.57
0.93 0.84 0 0.55
0.95 0.72 0 0.48
0.94 1 0 0.61
0.91 1 0 0.52
1 0.75 0 0.45
0.95 0.6 0 0.75
0.92 0.86 0 0.59
0.93 0.86 0.4 0.57
1 0.86 0.25 0.57
1 0.78 0.34 0.61
1 0.84 0.34 0.47
1 0.84 0.2 0.57
1 1 0.2 0.59
1 0.86 0.2 0.5
0.94 1 0.34 0.57
0.95 0.75 0.34 0.42
0.91 0.58 0.34 0.57
0.9 1 0.5 0.59
0.99 0.92 0.34 0.55
0.82 0.84 0.34 0.5
0.82 1 0.15 0.59
0.95 0.84 0.34 0.61
0.93 0.84 0 0.21
0.96 1 0.25 0.63
0.94 0.84 0.4 0.55
1 0.84 0.34 0.64
0.95 0.84 0.34 0.63
0.73 0.84 0.25 0.55
1 1 0.25 0.57
0.95 0.84 0.17 0.48
