0;roundrobin;SMA;1.915921470;406;0.076;.076;0.0423559013427496
2;roundrobin;ssa;2.074296347;115;0.015;.209;0.0189752485931269
4;roundrobin;SMA;1.953943998;346;0.044;.267;0.0427559244477954
1;roundrobin;SMA;2.201993266;198;0.118;.194;0.0260920139484302
3;roundrobin;SMA;2.255331596;27;0.014;.223;0.0044156703260322
5;roundrobin;SMA;2.320768865;29;0.289;.556;0.0044156703260322
6;roundrobin;ssa;2.283056036;488;0.123;.679;0.0468428353029938
8;roundrobin;ssa;2.221063414;583;0.096;.829;0.0657184273159393
9;roundrobin;SMA;2.353661504;211;0.015;.844;0.0262853423085934
7;roundrobin;ssa;2.658469326;332;0.054;.733;0.0377148729094167
10;roundrobin;ssa;2.325464248;263;0.139;.983;0.0351769567303275
12;roundrobin;seadec;2.024937078;150;0.124;1.183;0.0196202016385114
11;roundrobin;seadec;2.319864215;132;0.076;1.059;0.0194549251238626
14;roundrobin;ssa;2.205438158;549;0.105;1.730;0.0639327156526897
13;roundrobin;ssa;2.467347220;343;0.442;1.625;0.0377148729094167
15;roundrobin;seadec;2.309594118;74;0.104;1.834;0.00929623085818988
16;roundrobin;seadec;2.021945449;89;0.188;2.022;0.0240361194750053
18;roundrobin;seadec;1.910792373;157;0.034;2.121;0.0200366493973128
17;roundrobin;ssa;2.514578419;586;0.065;2.087;0.0658004472335592
20;roundrobin;ssa;2.228263670;523;0.236;2.416;0.0482841409439691
22;roundrobin;ssa;2.276056245;597;0.029;2.509;0.0658004472335592
19;roundrobin;ssa;3.071824063;335;0.059;2.180;0.0377148729094167
24;roundrobin;ssa;2.300070449;255;0.011;2.577;0.034465109395276
26;roundrobin;seadec;2.156962125;148;0.058;2.641;0.0196202016385114
23;roundrobin;SMA;2.606476969;215;0.057;2.566;0.0262853423085934
25;roundrobin;SMA;2.585429508;214;0.006;2.583;0.0262853423085934
21;roundrobin;ssa;3.131793321;421;0.064;2.480;0.0450325086617828
28;roundrobin;ssa;2.340111376;499;0.117;3.154;0.0472776063296307
30;roundrobin;ssa;2.369972892;343;0.144;3.398;0.0377148729094167
31;roundrobin;seadec;2.441951814;85;0.004;3.402;0.0240361194750053
32;roundrobin;ssa;2.388230327;272;0.032;3.434;0.0351994025147571
34;roundrobin;seadec;2.166662974;161;0.02;3.586;0.0200366493973128
29;roundrobin;SMA;2.841401589;418;0.1;3.254;0.0423559013427496
27;roundrobin;ssa;3.199713027;441;0.396;3.037;0.0464705153781347
36;roundrobin;SMA;2.036724708;366;0.03;3.718;0.0400802183599336
38;roundrobin;SMA;1.971419307;235;0.075;3.866;0.0294444332989678
40;roundrobin;ssa;2.141290141;242;0.108;3.998;0.034465109395276
33;roundrobin;ssa;3.087389078;556;0.132;3.566;0.0650104625049824
37;roundrobin;seadec;2.948938389;66;0.073;3.791;0.00929623085818988
42;roundrobin;ssa;2.193454557;502;0.129;4.230;0.0472776063296307
44;roundrobin;seadec;2.032827624;78;0.055;4.410;0.0240361194750053
39;roundrobin;ssa;3.238943953;557;0.024;3.890;0.0650104625049824
35;roundrobin;ssa;3.956070939;497;0.102;3.688;0.0472776063296307
47;roundrobin;ssa;2.121764380;120;0.099;4.668;0.0189752485931269
46;roundrobin;SMA;2.634309280;217;0.129;4.569;0.0262853423085934
41;roundrobin;ssa;3.619016085;331;0.103;4.101;0.0377148729094167
50;roundrobin;SMA;1.988492116;211;0.042;4.962;0.0262853423085934
49;roundrobin;ssa;2.305123346;442;0.201;4.920;0.0464705153781347
48;roundrobin;ssa;2.711611035;583;0.051;4.719;0.0657184273159393
43;roundrobin;ssa;3.863919052;519;0.125;4.355;0.0482841409439691
45;roundrobin;SMA;3.958328845;177;0.03;4.440;0.0303277073168743
52;roundrobin;ssa;2.226740653;570;0.322;5.502;0.0650104625049824
54;roundrobin;SMA;2.020940707;38;0.059;5.617;0.00572928357269349
53;roundrobin;SMA;2.594544242;374;0.056;5.558;0.0400802183599336
56;roundrobin;ssa;2.310713660;454;0.021;5.736;0.0462637861154206
58;roundrobin;SMA;2.043074903;16;0.111;5.878;0.0044156703260322
55;roundrobin;SMA;2.522237126;213;0.098;5.715;0.0262853423085934
51;roundrobin;SMA;3.293351606;35;0.218;5.180;0.00572928357269349
60;roundrobin;SMA;2.012735008;14;0.009;5.964;0.00312822529954525
57;roundrobin;seadec;2.784346802;145;0.031;5.767;0.0196202016385114
62;roundrobin;ssa;2.281154185;447;0.025;6.100;0.0464705153781347
63;roundrobin;SMA;2.453910204;395;0.157;6.257;0.0386866425310276
59;roundrobin;seadec;3.136248876;153;0.077;5.955;0.0200366493973128
64;roundrobin;ssa;2.149921705;593;0.483;6.740;0.0658004472335592
61;roundrobin;ssa;3.106530894;499;0.111;6.075;0.0472776063296307
65;roundrobin;ssa;2.652348520;253;0.043;6.783;0.034465109395276
66;roundrobin;ssa;2.287350373;325;0.273;7.056;0.0369276456170677
69;roundrobin;SMA;1.996691391;232;0.084;7.335;0.0294444332989678
71;roundrobin;seadec;1.877138329;154;0.231;7.744;0.0200366493973128
67;roundrobin;ssa;2.859349845;524;0.114;7.170;0.0482841409439691
72;roundrobin;SMA;1.900128486;230;0.291;8.035;0.0294444332989678
74;roundrobin;SMA;1.852417207;42;0.039;8.103;0.00572928357269349
70;roundrobin;ssa;2.653762230;117;0.178;7.513;0.0189752485931269
76;roundrobin;SMA;1.856529293;198;0.035;8.143;0.0260920139484302
78;roundrobin;seadec;1.917795247;147;0.081;8.381;0.0196202016385114
73;roundrobin;SMA;2.614959094;415;0.029;8.064;0.0423559013427496
75;roundrobin;SMA;2.543882008;202;0.005;8.108;0.0260920139484302
68;roundrobin;ssa;4.055633808;518;0.081;7.251;0.0482841409439691
77;roundrobin;SMA;2.610843232;227;0.157;8.300;0.0294444332989678
80;roundrobin;ssa;2.283932393;535;0.039;8.696;0.0656320663227048
82;roundrobin;ssa;2.391017455;558;0.082;8.879;0.0650104625049824
81;roundrobin;SMA;2.576021891;397;0.101;8.797;0.0386866425310276
84;roundrobin;SMA;2.206584786;361;0.228;9.113;0.0400802183599336
79;roundrobin;SMA;2.905130239;349;0.276;8.657;0.0427559244477954
87;roundrobin;seadec;2.025527177;47;0.123;9.474;0.00853866866997741
83;roundrobin;ssa;3.100211557;479;0.006;8.885;0.0463158279553995
86;roundrobin;ssa;2.829072453;540;0.158;9.351;0.0656320663227048
85;roundrobin;ssa;3.127989460;336;0.08;9.193;0.0377148729094167
88;roundrobin;seadec;2.523664513;105;0.135;9.609;0.0200421445003984
90;roundrobin;ssa;2.339087570;288;0.104;9.923;0.0354027676498525
89;roundrobin;SMA;2.589964339;363;0.21;9.819;0.0400802183599336
92;roundrobin;SMA;2.136119618;230;0.104;10.072;0.0294444332989678
94;roundrobin;SMA;1.988190922;183;0.068;10.166;0.027678078136308
96;roundrobin;ssa;2.314471495;333;0.045;10.237;0.0377148729094167
91;roundrobin;ssa;3.143484735;254;0.045;9.968;0.034465109395276
95;roundrobin;SMA;2.569237307;179;0.026;10.192;0.0303277073168743
97;roundrobin;SMA;2.620182308;403;0.021;10.258;0.0386866425310276
98;roundrobin;ssa;2.604292691;330;0.013;10.271;0.0369276456170677
100;roundrobin;ssa;2.342652585;598;0.19;10.496;0.0658004472335592
93;roundrobin;ssa;3.373054313;499;0.026;10.098;0.0472776063296307
102;roundrobin;ssa;2.443994741;274;0.045;10.593;0.0351994025147571
104;roundrobin;ssa;2.470572977;436;0.125;10.756;0.0464705153781347
107;roundrobin;SMA;1.971956116;391;0.23;11.275;0.0386866425310276
105;roundrobin;SMA;2.570699544;214;0.269;11.025;0.0262853423085934
103;roundrobin;ssa;3.232483908;255;0.038;10.631;0.034465109395276
109;roundrobin;SMA;1.967524385;389;0.076;11.408;0.0385801680617862
99;roundrobin;ssa;3.853700764;576;0.035;10.306;0.0657184273159393
101;roundrobin;SMA;3.598732379;414;0.052;10.548;0.0423559013427496
111;roundrobin;seadec;1.912958964;60;0.184;11.749;0.00853866866997741
113;roundrobin;seadec;1.918375878;129;0.013;11.766;0.0194549251238626
108;roundrobin;seadec;3.215700566;99;0.057;11.332;0.0200421445003984
114;roundrobin;ssa;2.263637226;494;0.142;11.908;0.0468428353029938
116;roundrobin;seadec;2.013376565;150;0.044;12.024;0.0196202016385114
112;roundrobin;seadec;2.624976947;54;0.004;11.753;0.00853866866997741
106;roundrobin;seadec;3.981684372;97;0.02;11.045;0.0200421445003984
118;roundrobin;ssa;2.304308236;323;0.021;12.052;0.0369276456170677
120;roundrobin;seadec;2.064961216;68;0.024;12.106;0.00929623085818988
110;roundrobin;ssa;3.465248520;569;0.157;11.565;0.0650104625049824
124;roundrobin;SMA;2.035474685;174;0.002;12.451;0.0303277073168743
115;roundrobin;SMA;3.209877167;43;0.072;11.980;0.00572928357269349
122;roundrobin;ssa;2.305063944;485;0.171;12.351;0.0468428353029938
119;roundrobin;SMA;2.919856442;172;0.03;12.082;0.0303277073168743
117;roundrobin;SMA;3.634106541;189;0.007;12.031;0.027678078136308
126;roundrobin;ssa;2.370699785;530;0.326;12.795;0.0656320663227048
121;roundrobin;ssa;3.464411494;322;0.074;12.180;0.0369276456170677
128;roundrobin;ssa;2.396074949;289;0.009;12.940;0.0354027676498525
130;roundrobin;SMA;2.142795322;197;0.026;13.085;0.0260920139484302
132;roundrobin;SMA;2.105414034;372;0.038;13.248;0.0400802183599336
127;roundrobin;seadec;2.670046739;86;0.136;12.931;0.0240361194750053
134;roundrobin;SMA;1.999388153;237;0.011;13.297;0.0294444332989678
123;roundrobin;ssa;3.949593364;484;0.098;12.449;0.0468428353029938
136;roundrobin;ssa;2.382030606;426;0.016;13.404;0.0450325086617828
129;roundrobin;SMA;3.295958329;216;0.119;13.059;0.0262853423085934
138;roundrobin;ssa;2.387448975;570;0.207;13.621;0.0650104625049824
140;roundrobin;SMA;2.169863569;370;0.053;13.753;0.0400802183599336
125;roundrobin;ssa;4.542274376;496;0.018;12.469;0.0472776063296307
142;roundrobin;seadec;2.065685849;102;0.225;14.081;0.0200421445003984
135;roundrobin;ssa;3.407346194;519;0.091;13.388;0.0482841409439691
146;roundrobin;SMA;2.038110884;180;0.058;14.360;0.0303277073168743
144;roundrobin;ssa;2.316471896;472;0.022;14.221;0.0463158279553995
137;roundrobin;SMA;3.626851582;213;0.01;13.414;0.0262853423085934
148;roundrobin;ssa;2.161303963;115;0.171;14.571;0.0189752485931269
131;roundrobin;ssa;4.616757108;437;0.125;13.210;0.0464705153781347
150;roundrobin;seadec;2.040270050;51;0.051;14.833;0.00853866866997741
152;roundrobin;SMA;1.965805373;27;0.174;15.031;0.0044156703260322
133;roundrobin;ssa;4.922970236;311;0.038;13.286;0.0360930160445306
145;roundrobin;seadec;3.322488206;94;0.081;14.302;0.0200421445003984
143;roundrobin;ssa;3.726677200;280;0.118;14.199;0.0351994025147571
139;roundrobin;SMA;4.677037797;9;0.079;13.700;0.00312822529954525
154;roundrobin;ssa;2.166716918;341;0.192;15.508;0.0377148729094167
141;roundrobin;seadec;4.988973969;103;0.103;13.856;0.0200421445003984
153;roundrobin;SMA;2.912932380;31;0.285;15.316;0.00572928357269349
156;roundrobin;ssa;2.187149295;553;0.184;15.764;0.0639327156526897
151;roundrobin;SMA;3.748151433;178;0.024;14.857;0.0303277073168743
158;roundrobin;ssa;2.409695296;493;0.005;15.840;0.0468428353029938
160;roundrobin;SMA;2.100661423;175;0.15;15.993;0.0303277073168743
162;roundrobin;seadec;1.996876766;130;0.162;16.253;0.0194549251238626
161;roundrobin;seadec;2.583683626;156;0.098;16.091;0.0200366493973128
159;roundrobin;SMA;3.098414195;191;0.003;15.843;0.027678078136308
149;roundrobin;ssa;5.134542114;272;0.211;14.782;0.0351994025147571
164;roundrobin;ssa;2.173033517;559;0.148;16.545;0.0650104625049824
147;roundrobin;ssa;5.741795808;470;0.04;14.400;0.0463158279553995
155;roundrobin;SMA;4.242708819;383;0.072;15.580;0.0385801680617862
166;roundrobin;ssa;2.231628818;539;0.267;16.835;0.0656320663227048
168;roundrobin;SMA;1.965452247;184;0.035;17.081;0.027678078136308
157;roundrobin;seadec;4.318824132;81;0.071;15.835;0.0240361194750053
170;roundrobin;SMA;1.964057361;31;0.095;17.436;0.00572928357269349
167;roundrobin;seadec;2.586829551;100;0.211;17.046;0.0200421445003984
169;roundrobin;SMA;2.431194903;176;0.26;17.341;0.0303277073168743
163;roundrobin;SMA;3.884425269;395;0.144;16.397;0.0386866425310276
172;roundrobin;ssa;2.079537622;562;0.063;17.679;0.0650104625049824
165;roundrobin;ssa;4.102887213;523;0.023;16.568;0.0482841409439691
174;roundrobin;ssa;2.334962984;482;0.129;18.025;0.0468428353029938
171;roundrobin;SMA;2.969829040;176;0.18;17.616;0.0303277073168743
176;roundrobin;ssa;2.482048633;515;0.193;18.370;0.0482841409439691
175;roundrobin;ssa;3.043382908;519;0.152;18.177;0.0482841409439691
178;roundrobin;ssa;2.500945970;329;0.044;18.482;0.0369276456170677
180;roundrobin;SMA;2.129007005;231;0.075;18.633;0.0294444332989678
182;roundrobin;SMA;2.037018091;18;0.033;18.691;0.0044156703260322
173;roundrobin;ssa;3.979085746;525;0.217;17.896;0.0482841409439691
184;roundrobin;SMA;1.914559894;42;0.132;18.917;0.00572928357269349
177;roundrobin;ssa;3.260161681;483;0.068;18.438;0.0468428353029938
186;roundrobin;SMA;1.875946292;354;0.076;19.047;0.0427559244477954
179;roundrobin;ssa;3.124050979;523;0.076;18.558;0.0482841409439691
183;roundrobin;SMA;2.632073106;214;0.094;18.785;0.0262853423085934
188;roundrobin;ssa;2.320052372;498;0.02;19.119;0.0472776063296307
181;roundrobin;SMA;3.515815543;216;0.025;18.658;0.0262853423085934
187;roundrobin;seadec;2.624073212;74;0.052;19.099;0.00929623085818988
185;roundrobin;ssa;3.192847514;270;0.054;18.971;0.0351769567303275
192;roundrobin;SMA;2.046566625;367;0.012;19.557;0.0400802183599336
190;roundrobin;ssa;2.359991717;492;0.115;19.465;0.0468428353029938
194;roundrobin;SMA;2.003752766;20;0.035;19.715;0.0044156703260322
191;roundrobin;SMA;2.527854240;175;0.08;19.545;0.0303277073168743
189;roundrobin;seadec;3.115855541;89;0.231;19.350;0.0240361194750053
196;roundrobin;ssa;2.314271946;484;0.081;19.873;0.0468428353029938
195;roundrobin;SMA;2.643334080;183;0.077;19.792;0.027678078136308
202;roundrobin;SMA;2.171019446;8;0.067;20.176;0.00312822529954525
193;roundrobin;ssa;3.287625815;510;0.123;19.680;0.0472776063296307
198;roundrobin;ssa;2.599169118;495;0.074;19.992;0.0468428353029938
199;roundrobin;SMA;2.576971948;24;0.006;19.998;0.0044156703260322
197;roundrobin;SMA;2.908509077;384;0.045;19.918;0.0385801680617862
204;roundrobin;seadec;2.206263282;99;0.017;20.273;0.0200421445003984
200;roundrobin;ssa;2.765604253;458;0.008;20.006;0.0462637861154206
203;roundrobin;seadec;2.754232659;153;0.08;20.256;0.0200366493973128
206;roundrobin;ssa;2.591145031;449;0.222;20.562;0.0464705153781347
208;roundrobin;ssa;2.526638178;531;0.04;20.643;0.0656320663227048
210;roundrobin;ssa;2.477280273;524;0.015;20.758;0.0482841409439691
201;roundrobin;ssa;3.974472388;305;0.103;20.109;0.0360930160445306
207;roundrobin;ssa;3.140757917;297;0.041;20.603;0.0354027676498525
212;roundrobin;ssa;2.405465002;534;0.103;20.998;0.0656320663227048
205;roundrobin;ssa;3.627507564;554;0.067;20.340;0.0639327156526897
216;roundrobin;seadec;2.126671633;145;0.066;21.200;0.0196202016385114
214;roundrobin;ssa;2.457082379;287;0.108;21.118;0.0354027676498525
211;roundrobin;ssa;3.489767960;560;0.137;20.895;0.0650104625049824
220;roundrobin;SMA;2.045637487;35;0.109;21.692;0.00572928357269349
218;roundrobin;ssa;2.379932553;484;0.154;21.572;0.0468428353029938
215;roundrobin;SMA;3.092351984;203;0.016;21.134;0.0260920139484302
222;roundrobin;SMA;1.973424057;10;0.094;21.818;0.00312822529954525
213;roundrobin;SMA;3.616081982;196;0.012;21.010;0.0260920139484302
224;roundrobin;SMA;1.937355139;177;0.157;22.085;0.0303277073168743
209;roundrobin;ssa;4.805738298;496;0.1;20.743;0.0472776063296307
226;roundrobin;ssa;2.197013739;286;0.187;22.304;0.0354027676498525
229;roundrobin;SMA;1.985745014;362;0.117;22.528;0.0400802183599336
221;roundrobin;seadec;3.409548365;128;0.032;21.724;0.0194549251238626
219;roundrobin;ssa;3.833407768;315;0.011;21.583;0.0360930160445306
223;roundrobin;ssa;3.423631517;276;0.11;21.928;0.0351994025147571
217;roundrobin;SMA;4.480102394;394;0.218;21.418;0.0386866425310276
227;roundrobin;seadec;3.048366552;70;0.062;22.366;0.00929623085818988
232;roundrobin;seadec;2.009716661;90;0.025;23.068;0.0240361194750053
230;roundrobin;seadec;3.005672061;53;0.056;22.584;0.00853866866997741
234;roundrobin;ssa;2.192278062;530;0.059;23.177;0.0656320663227048
228;roundrobin;seadec;3.625716877;126;0.045;22.411;0.0194549251238626
236;roundrobin;seadec;2.086338616;144;0.091;23.309;0.0196202016385114
225;roundrobin;SMA;4.389964477;389;0.032;22.117;0.0385801680617862
231;roundrobin;ssa;3.072612362;520;0.459;23.043;0.0482841409439691
238;roundrobin;ssa;2.409068272;473;0.065;23.413;0.0463158279553995
240;roundrobin;seadec;2.085786957;101;0.153;23.671;0.0200421445003984
237;roundrobin;SMA;2.781930411;374;0.039;23.348;0.0400802183599336
242;roundrobin;seadec;2.048651132;163;0.132;23.910;0.0200366493973128
235;roundrobin;SMA;3.188400107;369;0.041;23.218;0.0400802183599336
244;roundrobin;SMA;1.974965196;356;0.058;24.212;0.0427559244477954
246;roundrobin;SMA;2.009909346;414;0.008;24.225;0.0423559013427496
239;roundrobin;seadec;3.332691452;165;0.105;23.518;0.0200366493973128
248;roundrobin;SMA;1.899309981;191;0.06;24.561;0.027678078136308
233;roundrobin;ssa;4.287803202;279;0.05;23.118;0.0351994025147571
243;roundrobin;seadec;3.034212048;104;0.244;24.154;0.0200421445003984
245;roundrobin;ssa;3.247372828;592;0.005;24.217;0.0658004472335592
247;roundrobin;SMA;3.080310765;169;0.276;24.501;0.0303277073168743
254;roundrobin;SMA;2.108406823;192;0.022;25.134;0.027678078136308
250;roundrobin;ssa;2.646694762;504;0.344;24.953;0.0472776063296307
252;roundrobin;ssa;2.436019566;261;0.087;25.112;0.0351769567303275
241;roundrobin;SMA;4.367112557;364;0.107;23.778;0.0400802183599336
256;roundrobin;ssa;2.425997523;543;0.139;25.348;0.0639327156526897
253;roundrobin;seadec;3.041860688;86;0;25.112;0.0240361194750053
258;roundrobin;ssa;2.620929934;336;0.005;25.469;0.0377148729094167
251;roundrobin;ssa;3.418366322;522;0.072;25.025;0.0482841409439691
255;roundrobin;seadec;3.065958827;74;0.075;25.209;0.00929623085818988
260;roundrobin;ssa;2.676712276;582;0.175;25.670;0.0657184273159393
249;roundrobin;SMA;4.255567009;8;0.048;24.609;0.00312822529954525
262;roundrobin;ssa;2.629910039;533;0.005;25.992;0.0656320663227048
264;roundrobin;ssa;2.480439823;519;0.074;26.135;0.0482841409439691
266;roundrobin;SMA;2.254016888;375;0.101;26.247;0.0400802183599336
263;roundrobin;SMA;2.963163966;41;0.069;26.061;0.00572928357269349
259;roundrobin;SMA;3.755430236;386;0.026;25.495;0.0385801680617862
270;roundrobin;SMA;2.044044449;225;0.052;26.656;0.0262853423085934
268;roundrobin;ssa;2.395953460;331;0.225;26.500;0.0377148729094167
272;roundrobin;SMA;1.975407345;200;0.041;26.860;0.0260920139484302
257;roundrobin;seadec;4.285641152;131;0.116;25.464;0.0194549251238626
261;roundrobin;ssa;3.796920602;483;0.317;25.987;0.0468428353029938
274;roundrobin;ssa;2.206005721;248;0.19;27.050;0.034465109395276
265;roundrobin;seadec;4.357965545;62;0.011;26.146;0.00929623085818988
276;roundrobin;SMA;1.892269184;352;0.392;28.075;0.0427559244477954
267;roundrobin;ssa;4.258582266;583;0.028;26.275;0.0657184273159393
271;roundrobin;ssa;3.680107301;455;0.163;26.819;0.0462637861154206
278;roundrobin;SMA;1.900595445;14;0.129;28.215;0.00312822529954525
280;roundrobin;seadec;1.986616277;160;0.069;28.383;0.0200366493973128
269;roundrobin;ssa;4.664592789;495;0.104;26.604;0.0468428353029938
282;roundrobin;seadec;1.896073721;123;0.032;28.731;0.0194549251238626
273;roundrobin;seadec;4.382177594;64;0;26.860;0.00929623085818988
284;roundrobin;ssa;2.200497525;543;0.097;28.861;0.0639327156526897
275;roundrobin;ssa;4.333056372;440;0.633;27.683;0.0464705153781347
287;roundrobin;ssa;2.469655443;570;0.046;28.945;0.0650104625049824
277;roundrobin;SMA;3.855370147;228;0.011;28.086;0.0294444332989678
279;roundrobin;ssa;3.495833004;317;0.099;28.314;0.0369276456170677
291;roundrobin;SMA;2.197749087;21;0.008;29.214;0.0044156703260322
289;roundrobin;ssa;2.489279686;338;0.189;29.177;0.0377148729094167
286;roundrobin;seadec;3.172000674;87;0.001;28.899;0.0240361194750053
281;roundrobin;ssa;3.665183287;341;0.316;28.699;0.0377148729094167
293;roundrobin;ssa;2.427323967;440;0.028;29.345;0.0464705153781347
283;roundrobin;SMA;3.794430317;37;0.033;28.764;0.00572928357269349
285;roundrobin;seadec;3.647626194;65;0.037;28.898;0.00929623085818988
296;roundrobin;ssa;2.324228859;551;0.109;29.562;0.0639327156526897
298;roundrobin;SMA;2.043071113;353;0.125;29.828;0.0427559244477954
288;roundrobin;ssa;3.886272809;278;0.043;28.988;0.0351994025147571
290;roundrobin;SMA;3.860977416;382;0.029;29.206;0.0385801680617862
301;roundrobin;SMA;1.893737608;239;0.366;30.289;0.0294444332989678
294;roundrobin;SMA;3.759084579;375;0.066;29.411;0.0400802183599336
292;roundrobin;ssa;4.413657906;544;0.103;29.317;0.0639327156526897
299;roundrobin;ssa;3.343624281;491;0.053;29.881;0.0468428353029938
295;roundrobin;ssa;4.415711801;563;0.042;29.453;0.0650104625049824
304;roundrobin;ssa;2.292899987;273;0.178;30.782;0.0351994025147571
307;roundrobin;SMA;2.052048551;184;0.023;30.957;0.027678078136308
297;roundrobin;ssa;4.492318060;337;0.141;29.703;0.0377148729094167
309;roundrobin;SMA;2.014209361;171;0.234;31.387;0.0303277073168743
302;roundrobin;ssa;3.623870760;464;0.211;30.500;0.0462637861154206
300;roundrobin;ssa;4.694358120;265;0.042;29.923;0.0351769567303275
311;roundrobin;ssa;2.349682917;254;0.047;31.446;0.034465109395276
305;roundrobin;ssa;3.479580200;578;0.024;30.806;0.0657184273159393
303;roundrobin;ssa;3.906502869;242;0.104;30.604;0.034465109395276
306;roundrobin;SMA;3.401910598;42;0.128;30.934;0.00572928357269349
314;roundrobin;seadec;2.174520332;98;0.258;31.732;0.0200421445003984
316;roundrobin;SMA;1.927853726;420;0.064;32.132;0.0423559013427496
308;roundrobin;SMA;3.911939508;404;0.196;31.153;0.0386866425310276
318;roundrobin;SMA;1.926210141;386;0.031;32.229;0.0385801680617862
310;roundrobin;ssa;3.898289478;342;0.012;31.399;0.0377148729094167
320;roundrobin;seadec;1.953956428;56;0.106;32.480;0.00853866866997741
322;roundrobin;SMA;1.924361392;360;0.017;32.543;0.0427559244477954
312;roundrobin;ssa;4.340896197;513;0.001;31.447;0.0482841409439691
313;roundrobin;ssa;4.374108523;570;0.027;31.474;0.0650104625049824
315;roundrobin;SMA;3.689088989;12;0.336;32.068;0.00312822529954525
324;roundrobin;ssa;2.178905949;506;0.082;32.654;0.0472776063296307
317;roundrobin;SMA;3.591943198;4;0.066;32.198;0.00312822529954525
326;roundrobin;ssa;2.314457159;580;0.07;32.735;0.0657184273159393
328;roundrobin;SMA;2.043733310;1;0.066;33.060;0.00312822529954525
330;roundrobin;SMA;1.928734511;233;0.034;33.099;0.0294444332989678
321;roundrobin;ssa;3.888531975;588;0.046;32.526;0.0658004472335592
325;roundrobin;seadec;3.462760967;159;0.011;32.665;0.0200366493973128
319;roundrobin;ssa;4.316952530;472;0.145;32.374;0.0463158279553995
323;roundrobin;ssa;3.979454805;272;0.029;32.572;0.0351994025147571
332;roundrobin;ssa;2.402114564;600;0.069;33.301;0.0658004472335592
334;roundrobin;ssa;2.653858313;303;0.109;33.457;0.0360930160445306
327;roundrobin;seadec;3.969287322;52;0.259;32.994;0.00853866866997741
329;roundrobin;seadec;3.659018268;80;0.005;33.065;0.0240361194750053
337;roundrobin;ssa;2.776825135;430;0.135;33.613;0.0450325086617828
339;roundrobin;ssa;2.596337061;281;0.006;33.850;0.0351994025147571
333;roundrobin;ssa;3.586903906;342;0.047;33.348;0.0377148729094167
331;roundrobin;ssa;3.891607292;107;0.133;33.232;0.0189752485931269
336;roundrobin;SMA;3.235802445;417;0.019;33.478;0.0423559013427496
335;roundrobin;SMA;3.734563788;220;0.002;33.459;0.0262853423085934
338;roundrobin;SMA;3.206466004;361;0.231;33.844;0.0400802183599336
341;roundrobin;ssa;3.008788227;492;0.184;34.072;0.0468428353029938
344;roundrobin;ssa;2.569751099;109;0.126;34.324;0.0189752485931269
347;roundrobin;SMA;2.219112412;180;0.024;34.555;0.0303277073168743
349;roundrobin;SMA;2.173199166;172;0.108;34.670;0.0303277073168743
351;roundrobin;ssa;2.391243248;273;0.008;34.685;0.0351994025147571
353;roundrobin;ssa;2.391310381;326;0.132;34.860;0.0369276456170677
343;roundrobin;SMA;3.633795066;24;0.096;34.198;0.0044156703260322
345;roundrobin;SMA;3.222337171;41;0.157;34.481;0.00572928357269349
346;roundrobin;SMA;3.123769462;198;0.05;34.531;0.0260920139484302
340;roundrobin;ssa;4.312979152;511;0.038;33.888;0.0482841409439691
356;roundrobin;seadec;2.093244207;53;0.025;35.151;0.00853866866997741
342;roundrobin;ssa;3.987722720;445;0.03;34.102;0.0464705153781347
358;roundrobin;ssa;2.260837798;428;0.008;35.451;0.0450325086617828
360;roundrobin;ssa;2.201429259;574;0.099;35.698;0.0657184273159393
352;roundrobin;SMA;3.741167353;419;0.043;34.728;0.0423559013427496
363;roundrobin;ssa;2.276573643;571;0.027;35.821;0.0657184273159393
350;roundrobin;ssa;4.573710009;242;0.007;34.677;0.034465109395276
365;roundrobin;ssa;2.250139062;111;0.095;36.011;0.0189752485931269
354;roundrobin;ssa;4.113735247;499;0.161;35.021;0.0472776063296307
348;roundrobin;ssa;4.906568788;468;0.007;34.562;0.0463158279553995
367;roundrobin;SMA;2.028630424;205;0.076;36.153;0.0260920139484302
369;roundrobin;SMA;1.950855821;194;0.038;36.403;0.027678078136308
359;roundrobin;ssa;4.040865011;517;0.148;35.599;0.0482841409439691
373;roundrobin;seadec;2.014893915;122;0.058;36.716;0.0194549251238626
357;roundrobin;seadec;4.504764694;55;0.292;35.443;0.00853866866997741
371;roundrobin;ssa;2.518573861;435;0.021;36.458;0.0450325086617828
362;roundrobin;SMA;3.890736152;224;0.072;35.794;0.0262853423085934
375;roundrobin;seadec;2.041803722;47;0.037;36.894;0.00853866866997741
368;roundrobin;SMA;3.102447633;216;0.212;36.365;0.0262853423085934
378;roundrobin;seadec;1.934863127;62;0.126;37.181;0.00929623085818988
355;roundrobin;ssa;5.783968179;498;0.105;35.126;0.0472776063296307
380;roundrobin;ssa;2.083271238;110;0.26;37.455;0.0189752485931269
370;roundrobin;seadec;3.768825126;128;0.034;36.437;0.0194549251238626
382;roundrobin;SMA;1.933612900;181;0.018;37.667;0.027678078136308
361;roundrobin;ssa;5.470143509;345;0.024;35.722;0.0377148729094167
366;roundrobin;ssa;4.798400715;540;0.066;36.077;0.0656320663227048
364;roundrobin;seadec;5.533936010;104;0.095;35.916;0.0200421445003984
384;roundrobin;ssa;2.532984634;579;0.026;37.743;0.0657184273159393
386;roundrobin;SMA;2.151679335;411;0.018;38.063;0.0423559013427496
374;roundrobin;SMA;4.650281658;206;0.141;36.857;0.0260920139484302
392;roundrobin;ssa;2.385266718;559;0.005;38.240;0.0650104625049824
390;roundrobin;ssa;2.626391605;573;0.004;38.169;0.0657184273159393
377;roundrobin;ssa;4.470871923;271;0.114;37.055;0.0351994025147571
388;roundrobin;ssa;2.801933092;458;0.034;38.111;0.0462637861154206
376;roundrobin;ssa;4.843217313;314;0.047;36.941;0.0360930160445306
372;roundrobin;SMA;5.341648327;364;0.2;36.658;0.0400802183599336
394;roundrobin;ssa;2.451241967;261;0.137;38.377;0.0351769567303275
396;roundrobin;ssa;2.379319704;555;0.227;38.718;0.0639327156526897
398;roundrobin;seadec;2.102283803;153;0.154;38.928;0.0200366493973128
402;roundrobin;seadec;2.002979627;143;0.124;39.075;0.0196202016385114
383;roundrobin;seadec;4.781307642;131;0.05;37.717;0.0194549251238626
404;roundrobin;ssa;2.103586503;106;0.235;39.380;0.0189752485931269
381;roundrobin;ssa;5.251526206;446;0.194;37.649;0.0464705153781347
379;roundrobin;ssa;5.868029226;108;0.014;37.195;0.0189752485931269
385;roundrobin;ssa;4.713836918;321;0.302;38.045;0.0369276456170677
406;roundrobin;ssa;2.273224418;584;0.064;39.445;0.0657184273159393
399;roundrobin;ssa;3.442883318;328;0.003;38.931;0.0369276456170677
408;roundrobin;ssa;2.556520482;255;0.108;39.573;0.034465109395276
389;roundrobin;SMA;5.460804975;420;0.054;38.165;0.0423559013427496
387;roundrobin;SMA;5.693974405;206;0.014;38.077;0.0260920139484302
393;roundrobin;seadec;5.272196643;47;0;38.240;0.00853866866997741
412;roundrobin;ssa;2.332327039;566;0.035;39.864;0.0650104625049824
391;roundrobin;ssa;5.427253568;292;0.066;38.235;0.0354027676498525
410;roundrobin;SMA;2.708147624;196;0.033;39.779;0.0260920139484302
414;roundrobin;seadec;2.060663108;52;0.225;40.119;0.00853866866997741
416;roundrobin;ssa;2.340769251;432;0.042;40.267;0.0450325086617828
397;roundrobin;seadec;5.461895838;144;0.056;38.774;0.0196202016385114
418;roundrobin;ssa;2.330699449;112;0.078;40.390;0.0189752485931269
420;roundrobin;seadec;2.100965960;59;0.156;40.617;0.00853866866997741
422;roundrobin;seadec;1.995107331;131;0.053;40.808;0.0194549251238626
395;roundrobin;ssa;6.473542616;245;0.114;38.491;0.034465109395276
403;roundrobin;ssa;5.545344407;487;0.07;39.145;0.0468428353029938
401;roundrobin;ssa;5.896474476;598;0.001;38.951;0.0658004472335592
424;roundrobin;SMA;1.862054911;38;0.021;41.336;0.00572928357269349
426;roundrobin;ssa;2.100773597;578;0.023;41.377;0.0657184273159393
428;roundrobin;SMA;1.946351856;40;0.01;41.460;0.00572928357269349
407;roundrobin;ssa;5.961096093;341;0.02;39.465;0.0377148729094167
400;roundrobin;SMA;7.021183872;406;0.019;38.950;0.0423559013427496
409;roundrobin;SMA;5.603727300;418;0.173;39.746;0.0423559013427496
430;roundrobin;ssa;2.196272610;595;0.34;41.850;0.0658004472335592
405;roundrobin;ssa;6.479662952;522;0.001;39.381;0.0482841409439691
432;roundrobin;seadec;2.001679949;46;0.088;41.981;0.00853866866997741
434;roundrobin;ssa;2.307656158;450;0.066;42.130;0.0464705153781347
413;roundrobin;SMA;6.097051626;34;0.03;39.894;0.00572928357269349
415;roundrobin;seadec;5.714106514;103;0.106;40.225;0.0200421445003984
417;roundrobin;SMA;5.531463819;347;0.045;40.312;0.0427559244477954
411;roundrobin;SMA;6.605142875;38;0.05;39.829;0.00572928357269349
437;roundrobin;seadec;1.993396730;69;0.109;42.799;0.00929623085818988
439;roundrobin;ssa;2.149690563;535;0.022;42.829;0.0656320663227048
421;roundrobin;SMA;5.696425748;180;0.138;40.755;0.0303277073168743
440;roundrobin;ssa;2.325389168;477;0.078;42.907;0.0463158279553995
423;roundrobin;SMA;5.127907812;33;0.507;41.315;0.00572928357269349
425;roundrobin;seadec;5.039667649;140;0.018;41.354;0.0196202016385114
442;roundrobin;ssa;2.488420296;427;0.122;43.232;0.0450325086617828
419;roundrobin;ssa;7.045297492;302;0.071;40.461;0.0360930160445306
444;roundrobin;ssa;2.407856487;322;0.035;43.345;0.0369276456170677
433;roundrobin;SMA;4.893016879;229;0.083;42.064;0.0294444332989678
448;roundrobin;ssa;2.470545688;106;0.055;43.731;0.0189752485931269
429;roundrobin;ssa;6.240558016;585;0.05;41.510;0.0657184273159393
446;roundrobin;ssa;2.930386597;462;0.083;43.506;0.0462637861154206
431;roundrobin;ssa;5.860589857;445;0.043;41.893;0.0464705153781347
427;roundrobin;seadec;6.649778514;53;0.073;41.450;0.00853866866997741
450;roundrobin;ssa;2.557228289;303;0.012;43.908;0.0360930160445306
441;roundrobin;SMA;4.317596444;175;0.203;43.110;0.0303277073168743
454;roundrobin;ssa;2.458204178;571;0.033;44.170;0.0657184273159393
452;roundrobin;ssa;2.606779931;433;0.013;44.092;0.0450325086617828
438;roundrobin;SMA;5.413005593;4;0.008;42.807;0.00312822529954525
436;roundrobin;SMA;5.764482843;17;0.314;42.690;0.0044156703260322
435;roundrobin;SMA;6.258818843;350;0.246;42.376;0.0427559244477954
459;roundrobin;ssa;2.175474940;509;0.033;44.828;0.0472776063296307
460;roundrobin;SMA;1.954135529;10;0.171;44.999;0.00312822529954525
462;roundrobin;seadec;2.019264195;50;0.086;45.109;0.00853866866997741
457;roundrobin;SMA;2.951698616;395;0.002;44.589;0.0386866425310276
449;roundrobin;ssa;4.489900660;328;0.165;43.896;0.0369276456170677
447;roundrobin;seadec;4.939848838;62;0.17;43.676;0.00929623085818988
466;roundrobin;SMA;1.993311456;373;0.025;45.511;0.0400802183599336
464;roundrobin;ssa;2.123012300;526;0.301;45.482;0.0656320663227048
443;roundrobin;SMA;5.870766143;360;0.078;43.310;0.0427559244477954
468;roundrobin;SMA;1.951423749;201;0.109;45.794;0.0260920139484302
445;roundrobin;ssa;5.984858015;431;0.078;43.423;0.0450325086617828
472;roundrobin;seadec;1.959227533;91;0.035;45.959;0.0200421445003984
470;roundrobin;ssa;2.222528182;332;0.049;45.845;0.0377148729094167
458;roundrobin;SMA;4.372562559;220;0.206;44.795;0.0262853423085934
474;roundrobin;ssa;2.224287572;312;0.002;46.069;0.0360930160445306
451;roundrobin;SMA;5.647484316;4;0.171;44.079;0.00312822529954525
476;roundrobin;seadec;1.982618151;63;0.124;46.304;0.00929623085818988
453;roundrobin;SMA;5.850754149;364;0.045;44.137;0.0400802183599336
478;roundrobin;SMA;1.987172142;416;0.027;46.443;0.0423559013427496
455;roundrobin;seadec;5.888733045;78;0.064;44.234;0.0240361194750053
465;roundrobin;SMA;4.217374405;216;0.004;45.486;0.0262853423085934
480;roundrobin;ssa;2.259983333;502;0.043;46.503;0.0472776063296307
481;roundrobin;seadec;2.098821049;151;0.109;46.612;0.0200366493973128
484;roundrobin;seadec;2.058086041;78;0.064;46.736;0.0240361194750053
486;roundrobin;seadec;1.994241196;46;0.116;46.854;0.00853866866997741
463;roundrobin;ssa;5.224427011;269;0.072;45.181;0.0351769567303275
461;roundrobin;ssa;5.786992588;301;0.024;45.023;0.0360930160445306
488;roundrobin;ssa;2.109373806;572;0.046;46.992;0.0657184273159393
456;roundrobin;ssa;6.921788596;320;0.353;44.587;0.0369276456170677
491;roundrobin;ssa;2.311358241;283;0.13;47.216;0.0351994025147571
473;roundrobin;ssa;4.754488821;312;0.108;46.067;0.0360930160445306
493;roundrobin;ssa;2.215852538;532;0.23;47.461;0.0656320663227048
467;roundrobin;seadec;5.859475426;83;0.174;45.685;0.0240361194750053
498;roundrobin;SMA;2.169847851;403;0.043;47.649;0.0386866425310276
471;roundrobin;ssa;5.656989959;553;0.079;45.924;0.0639327156526897
496;roundrobin;ssa;2.418301077;540;0.072;47.577;0.0656320663227048
501;roundrobin;seadec;2.119820809;127;0.003;47.766;0.0194549251238626
503;roundrobin;seadec;2.002556501;149;0.14;47.950;0.0196202016385114
504;roundrobin;SMA;2.031400200;26;0.038;47.988;0.0044156703260322
482;roundrobin;SMA;4.729524469;43;0.011;46.623;0.00572928357269349
469;roundrobin;ssa;6.505697085;290;0.002;45.796;0.0354027676498525
475;roundrobin;SMA;5.927688150;19;0.111;46.180;0.0044156703260322
479;roundrobin;seadec;5.662573759;104;0.017;46.460;0.0200421445003984
506;roundrobin;ssa;2.108584449;578;0.208;48.484;0.0657184273159393
508;roundrobin;SMA;2.000580246;391;0.075;48.687;0.0386866425310276
489;roundrobin;seadec;4.923980631;46;0.04;47.032;0.00853866866997741
477;roundrobin;SMA;6.305435246;178;0.112;46.416;0.0303277073168743
510;roundrobin;ssa;2.262769589;319;0.016;48.841;0.0369276456170677
511;roundrobin;SMA;1.974946303;192;0.461;49.302;0.027678078136308
487;roundrobin;SMA;5.773858593;355;0.092;46.946;0.0427559244477954
483;roundrobin;ssa;6.689427957;494;0.049;46.672;0.0468428353029938
485;roundrobin;seadec;6.688098700;88;0.002;46.738;0.0240361194750053
513;roundrobin;ssa;2.333485540;492;0.121;49.496;0.0468428353029938
515;roundrobin;ssa;2.314163682;467;0.062;49.660;0.0463158279553995
517;roundrobin;SMA;2.074989833;184;0.016;49.792;0.027678078136308
500;roundrobin;ssa;5.354287046;460;0.004;47.763;0.0462637861154206
492;roundrobin;seadec;6.620131405;77;0.015;47.231;0.0240361194750053
490;roundrobin;ssa;7.032652517;255;0.054;47.086;0.034465109395276
519;roundrobin;ssa;2.232314270;445;0.658;50.552;0.0464705153781347
495;roundrobin;ssa;6.840478644;258;0.009;47.505;0.0351769567303275
507;roundrobin;seadec;5.220213976;148;0.128;48.612;0.0196202016385114
499;roundrobin;SMA;6.888200726;27;0.11;47.759;0.0044156703260322
522;roundrobin;ssa;2.122017294;536;0.484;51.494;0.0656320663227048
494;roundrobin;SMA;7.980146054;33;0.035;47.496;0.00572928357269349
524;roundrobin;SMA;1.966530925;32;0.211;51.809;0.00572928357269349
502;roundrobin;ssa;7.357425580;478;0.044;47.810;0.0463158279553995
514;roundrobin;SMA;4.870552571;395;0.102;49.598;0.0386866425310276
525;roundrobin;seadec;1.877090909;146;0.438;52.247;0.0196202016385114
527;roundrobin;SMA;1.906438543;409;0.066;52.481;0.0423559013427496
505;roundrobin;SMA;7.678167182;27;0.288;48.276;0.0044156703260322
509;roundrobin;SMA;7.013971941;186;0.138;48.825;0.027678078136308
523;roundrobin;SMA;3.384826856;363;0.104;51.598;0.0400802183599336
512;roundrobin;ssa;6.348551868;446;0.073;49.375;0.0464705153781347
529;roundrobin;ssa;2.260070898;471;0.078;52.612;0.0463158279553995
531;roundrobin;seadec;1.960957653;132;0.143;52.944;0.0194549251238626
533;roundrobin;seadec;1.870958106;164;0.225;53.326;0.0200366493973128
530;roundrobin;seadec;2.773024972;83;0.189;52.801;0.0240361194750053
518;roundrobin;ssa;6.900440109;282;0.102;49.894;0.0351994025147571
516;roundrobin;ssa;7.144005284;281;0.116;49.776;0.0351994025147571
520;roundrobin;ssa;5.929050505;580;0.213;50.765;0.0657184273159393
537;roundrobin;ssa;2.160827736;589;0.039;53.741;0.0658004472335592
534;roundrobin;SMA;2.985606387;360;0.314;53.640;0.0427559244477954
521;roundrobin;ssa;6.844645461;108;0.245;51.010;0.0189752485931269
540;roundrobin;ssa;2.341134964;488;0.08;54.397;0.0468428353029938
542;roundrobin;ssa;2.278108631;279;0.023;54.461;0.0351994025147571
546;roundrobin;SMA;2.154838746;214;0;54.594;0.0262853423085934
544;roundrobin;ssa;2.372297832;434;0.045;54.509;0.0450325086617828
526;roundrobin;ssa;5.677264787;464;0.168;52.415;0.0462637861154206
539;roundrobin;seadec;3.127881917;124;0.362;54.317;0.0194549251238626
528;roundrobin;ssa;5.716258024;497;0.053;52.534;0.0472776063296307
532;roundrobin;SMA;5.200943293;401;0.157;53.101;0.0386866425310276
550;roundrobin;ssa;2.240421608;559;0.032;54.945;0.0650104625049824
535;roundrobin;ssa;4.610881167;477;0.004;53.644;0.0463158279553995
553;roundrobin;ssa;2.419249513;427;0.004;55.248;0.0450325086617828
556;roundrobin;SMA;2.051717607;22;0.006;55.403;0.0044156703260322
536;roundrobin;ssa;5.433826519;246;0.058;53.702;0.034465109395276
541;roundrobin;SMA;4.374793875;43;0.041;54.438;0.00572928357269349
555;roundrobin;ssa;2.329427353;560;0.051;55.397;0.0650104625049824
538;roundrobin;ssa;5.102910648;106;0.214;53.955;0.0189752485931269
547;roundrobin;SMA;3.808348981;347;0.112;54.706;0.0427559244477954
557;roundrobin;ssa;2.389903721;564;0.181;55.584;0.0650104625049824
560;roundrobin;SMA;2.129140037;210;0.013;55.643;0.0260920139484302
562;roundrobin;SMA;1.944094152;352;0.113;56.198;0.0427559244477954
543;roundrobin;seadec;5.281754958;79;0.003;54.464;0.0240361194750053
548;roundrobin;SMA;4.479575603;172;0.157;54.863;0.0303277073168743
563;roundrobin;seadec;1.906699699;99;0.078;56.276;0.0200421445003984
549;roundrobin;seadec;4.550820147;77;0.05;54.913;0.0240361194750053
545;roundrobin;ssa;5.551203173;576;0.085;54.594;0.0657184273159393
565;roundrobin;SMA;1.953586183;371;0.163;56.529;0.0400802183599336
567;roundrobin;SMA;1.914370259;185;0.08;56.646;0.027678078136308
552;roundrobin;SMA;5.062256366;216;0.205;55.244;0.0262853423085934
558;roundrobin;seadec;4.250021480;46;0.028;55.612;0.00853866866997741
569;roundrobin;seadec;1.928899133;93;0.402;57.262;0.0200421445003984
554;roundrobin;ssa;5.553722251;560;0.098;55.346;0.0650104625049824
559;roundrobin;seadec;5.004261797;140;0.018;55.630;0.0196202016385114
564;roundrobin;SMA;3.727041169;2;0.09;56.366;0.00312822529954525
571;roundrobin;ssa;2.106184598;551;0.039;57.323;0.0639327156526897
570;roundrobin;SMA;2.633123361;388;0.022;57.284;0.0385801680617862
561;roundrobin;seadec;5.244383049;83;0.442;56.085;0.0240361194750053
566;roundrobin;SMA;4.150355748;8;0.037;56.566;0.00312822529954525
572;roundrobin;SMA;2.863588783;396;0.06;57.383;0.0386866425310276
574;roundrobin;ssa;2.307481256;482;0.166;57.698;0.0468428353029938
577;roundrobin;SMA;2.045734909;216;0.101;57.821;0.0262853423085934
579;roundrobin;ssa;2.350427363;593;0.055;57.885;0.0658004472335592
575;roundrobin;SMA;2.985846759;196;0.013;57.711;0.0260920139484302
551;roundrobin;seadec;8.343299095;47;0.094;55.039;0.00853866866997741
581;roundrobin;ssa;2.330304442;245;0.082;57.994;0.034465109395276
580;roundrobin;SMA;2.585946749;217;0.027;57.912;0.0262853423085934
568;roundrobin;ssa;4.960878002;339;0.214;56.860;0.0377148729094167
583;roundrobin;SMA;2.107100709;210;0.076;58.262;0.0260920139484302
585;roundrobin;SMA;2.004709403;392;0.037;58.305;0.0386866425310276
576;roundrobin;SMA;3.601902965;3;0.009;57.720;0.00312822529954525
588;roundrobin;SMA;1.880574436;416;0.001;58.432;0.0423559013427496
591;roundrobin;SMA;1.960539766;237;0.031;58.547;0.0294444332989678
582;roundrobin;ssa;3.164268295;311;0.192;58.186;0.0360930160445306
578;roundrobin;seadec;3.929599442;80;0.009;57.830;0.0240361194750053
584;roundrobin;ssa;3.094974887;470;0.006;58.268;0.0463158279553995
593;roundrobin;ssa;2.254548507;296;0.021;58.574;0.0354027676498525
587;roundrobin;seadec;3.025039715;49;0.003;58.431;0.00853866866997741
589;roundrobin;ssa;3.129829155;263;0.016;58.448;0.0351769567303275
573;roundrobin;SMA;5.735954061;369;0.149;57.532;0.0400802183599336
586;roundrobin;SMA;3.625090085;23;0.123;58.428;0.0044156703260322
590;roundrobin;ssa;3.207094716;519;0.068;58.516;0.0482841409439691
597;roundrobin;SMA;1.861544198;234;0.064;59.391;0.0294444332989678
599;roundrobin;seadec;1.935647041;121;0.069;59.638;0.0194549251238626
595;roundrobin;SMA;3.287406519;7;0.076;58.795;0.00312822529954525
592;roundrobin;ssa;3.913366099;444;0.006;58.553;0.0464705153781347
594;roundrobin;SMA;3.728132443;365;0.145;58.719;0.0400802183599336
596;roundrobin;SMA;2.912674476;357;0.532;59.327;0.0427559244477954
601;roundrobin;SMA;1.951902493;360;0.053;59.863;0.0427559244477954
603;roundrobin;ssa;2.246838748;440;0.078;59.945;0.0464705153781347
605;roundrobin;seadec;2.019068250;68;0.041;60.093;0.00929623085818988
602;roundrobin;SMA;2.631319030;383;0.004;59.867;0.0385801680617862
600;roundrobin;seadec;2.944266573;123;0.172;59.810;0.0194549251238626
607;roundrobin;SMA;1.954320104;171;0.093;60.204;0.0303277073168743
598;roundrobin;ssa;3.624090359;590;0.178;59.569;0.0658004472335592
609;roundrobin;SMA;1.924414935;34;0.196;60.429;0.00572928357269349
611;roundrobin;ssa;2.162092444;559;0.003;60.544;0.0650104625049824
608;roundrobin;seadec;2.913819596;57;0.029;60.233;0.00853866866997741
604;roundrobin;ssa;3.738600254;438;0.107;60.052;0.0464705153781347
613;roundrobin;ssa;2.475355025;489;0.169;60.724;0.0468428353029938
615;roundrobin;ssa;2.295675525;517;0;60.747;0.0482841409439691
606;roundrobin;ssa;3.920558221;281;0.018;60.111;0.0351994025147571
617;roundrobin;SMA;2.049148892;182;0.132;61.068;0.027678078136308
612;roundrobin;seadec;3.247576432;70;0.011;60.555;0.00929623085818988
610;roundrobin;ssa;3.433941792;466;0.112;60.541;0.0463158279553995
619;roundrobin;SMA;1.919089559;36;0.093;61.177;0.00572928357269349
621;roundrobin;SMA;1.904846986;44;0.007;61.257;0.00572928357269349
623;roundrobin;SMA;1.870957239;199;0.169;61.556;0.0260920139484302
616;roundrobin;ssa;3.561453659;456;0.189;60.936;0.0462637861154206
614;roundrobin;ssa;4.351177445;446;0.023;60.747;0.0464705153781347
625;roundrobin;ssa;2.243240348;427;0.131;61.737;0.0450325086617828
618;roundrobin;ssa;3.608909267;249;0.016;61.084;0.034465109395276
620;roundrobin;ssa;3.301852555;321;0.073;61.250;0.0369276456170677
627;roundrobin;ssa;2.311599585;562;0.236;61.984;0.0650104625049824
629;roundrobin;SMA;1.983548352;415;0.169;62.422;0.0423559013427496
632;roundrobin;SMA;1.951792714;202;0.015;62.454;0.0260920139484302
622;roundrobin;SMA;3.969507935;39;0.13;61.387;0.00572928357269349
624;roundrobin;ssa;4.069910022;443;0.05;61.606;0.0464705153781347
626;roundrobin;seadec;3.805098895;63;0.011;61.748;0.00929623085818988
628;roundrobin;ssa;3.206516980;548;0.269;62.253;0.0639327156526897
635;roundrobin;SMA;2.036651409;367;0.13;63.166;0.0400802183599336
634;roundrobin;SMA;2.627899827;178;0.024;63.036;0.0303277073168743
637;roundrobin;SMA;1.871725011;419;0.373;63.574;0.0423559013427496
631;roundrobin;seadec;3.614881223;87;0.011;62.439;0.0240361194750053
630;roundrobin;ssa;3.727286976;554;0.006;62.428;0.0639327156526897
633;roundrobin;ssa;3.012565782;515;0.558;63.012;0.0482841409439691
636;roundrobin;SMA;2.590241132;19;0.035;63.201;0.0044156703260322
639;roundrobin;ssa;2.147727172;518;0.115;63.793;0.0482841409439691
640;roundrobin;SMA;2.276416804;227;0.028;63.821;0.0294444332989678
638;roundrobin;ssa;2.745353419;515;0.104;63.678;0.0482841409439691
641;roundrobin;SMA;2.026046801;400;0.283;64.104;0.0386866425310276
643;roundrobin;ssa;2.366114931;254;0.063;64.206;0.034465109395276
642;roundrobin;ssa;2.621696293;571;0.039;64.143;0.0657184273159393
645;roundrobin;seadec;2.015265429;73;0.237;64.444;0.00929623085818988
644;roundrobin;ssa;2.643525571;302;0.001;64.207;0.0360930160445306
647;roundrobin;SMA;1.996386241;1;0.089;64.619;0.00312822529954525
646;roundrobin;SMA;2.358593908;215;0.086;64.530;0.0262853423085934
649;roundrobin;ssa;2.195058380;506;0.054;64.714;0.0472776063296307
648;roundrobin;ssa;2.578197510;522;0.041;64.660;0.0482841409439691
650;roundrobin;SMA;2.245863078;16;0.454;65.168;0.0044156703260322
652;roundrobin;ssa;2.202136010;526;0.134;65.320;0.0656320663227048
655;roundrobin;SMA;2.156765715;35;0.016;65.691;0.00572928357269349
654;roundrobin;ssa;2.271212696;585;0.138;65.675;0.0657184273159393
651;roundrobin;SMA;3.106998717;43;0.018;65.186;0.00572928357269349
497;roundrobin;ssa;34.228347726;550;0.029;47.606;0.0639327156526897
653;roundrobin;ssa;2.719822697;248;0.217;65.537;0.034465109395276
656;roundrobin;seadec;2.568735475;78;0.038;65.729;0.0240361194750053
658;roundrobin;SMA;1.985032246;368;0.037;66.208;0.0400802183599336
660;roundrobin;SMA;1.936391853;183;0.001;66.267;0.027678078136308
657;roundrobin;seadec;2.352005718;126;0.442;66.171;0.0194549251238626
659;roundrobin;ssa;2.553630245;563;0.058;66.266;0.0650104625049824
662;roundrobin;ssa;2.255303661;445;0.047;66.407;0.0464705153781347
661;roundrobin;SMA;2.360360887;397;0.093;66.360;0.0386866425310276
663;roundrobin;SMA;2.363895639;403;0.091;66.498;0.0386866425310276
664;roundrobin;ssa;2.397870409;331;0.055;66.553;0.0377148729094167
666;roundrobin;ssa;2.225978526;539;0.067;66.862;0.0656320663227048
668;roundrobin;ssa;2.430860492;336;0.019;66.933;0.0377148729094167
665;roundrobin;ssa;3.016640560;463;0.242;66.795;0.0462637861154206
667;roundrobin;ssa;2.816716275;286;0.052;66.914;0.0354027676498525
669;roundrobin;SMA;2.558240885;362;0.078;67.011;0.0400802183599336
670;roundrobin;ssa;2.413706905;434;0.101;67.112;0.0450325086617828
672;roundrobin;SMA;2.068829327;195;0.132;67.252;0.027678078136308
671;roundrobin;ssa;2.716018315;564;0.008;67.120;0.0650104625049824
674;roundrobin;ssa;2.254174812;552;0.032;67.366;0.0639327156526897
673;roundrobin;SMA;2.552485009;25;0.082;67.334;0.0044156703260322
676;roundrobin;SMA;1.980755551;19;0.138;67.567;0.0044156703260322
675;roundrobin;ssa;2.791564076;300;0.063;67.429;0.0354027676498525
678;roundrobin;SMA;1.910976811;205;0.085;67.819;0.0260920139484302
677;roundrobin;SMA;2.311850021;213;0.167;67.734;0.0262853423085934
680;roundrobin;SMA;1.926741139;393;0.17;68.049;0.0386866425310276
679;roundrobin;ssa;2.576124013;542;0.06;67.879;0.0639327156526897
682;roundrobin;ssa;2.122697393;544;0.005;68.112;0.0639327156526897
681;roundrobin;SMA;2.416617053;226;0.058;68.107;0.0294444332989678
684;roundrobin;SMA;2.005464540;218;0.079;68.288;0.0262853423085934
683;roundrobin;ssa;2.625315053;575;0.097;68.209;0.0657184273159393
685;roundrobin;seadec;2.460853228;96;0.06;68.348;0.0200421445003984
686;roundrobin;ssa;2.205357730;304;0.274;68.622;0.0360930160445306
687;roundrobin;seadec;2.328259362;87;0.068;68.690;0.0240361194750053
688;roundrobin;seadec;1.970807155;124;0.235;68.925;0.0194549251238626
689;roundrobin;SMA;2.217344368;25;0.044;68.969;0.0044156703260322
690;roundrobin;ssa;2.138701050;253;0.017;68.986;0.034465109395276
692;roundrobin;ssa;2.175642308;331;0.147;69.539;0.0377148729094167
691;roundrobin;SMA;2.693563340;225;0.406;69.392;0.0262853423085934
694;roundrobin;seadec;1.931482427;139;0.082;69.864;0.0196202016385114
693;roundrobin;seadec;2.204918890;133;0.243;69.782;0.0194549251238626
696;roundrobin;seadec;1.941027746;67;0.101;69.978;0.00929623085818988
695;roundrobin;SMA;2.317640798;210;0.013;69.877;0.0260920139484302
697;roundrobin;SMA;2.297788401;177;0.026;70.004;0.0303277073168743
698;roundrobin;ssa;2.271624798;439;0.079;70.083;0.0464705153781347
700;roundrobin;ssa;2.218517091;572;0.148;70.268;0.0657184273159393
702;roundrobin;ssa;2.401738516;436;0.053;70.383;0.0464705153781347
699;roundrobin;ssa;2.981923685;266;0.037;70.120;0.0351769567303275
703;roundrobin;seadec;2.450010187;163;0.101;70.484;0.0200366493973128
704;roundrobin;ssa;2.276268139;540;0.227;70.711;0.0656320663227048
706;roundrobin;seadec;2.088650390;104;0.058;70.798;0.0200421445003984
701;roundrobin;ssa;3.029524288;317;0.062;70.330;0.0369276456170677
705;roundrobin;SMA;2.445614438;34;0.029;70.740;0.00572928357269349
708;roundrobin;seadec;1.963389813;104;0.107;71.046;0.0200421445003984
707;roundrobin;ssa;2.858672155;457;0.141;70.939;0.0462637861154206
710;roundrobin;seadec;2.303955395;86;0.178;71.320;0.0240361194750053
711;roundrobin;ssa;2.300945402;425;0.159;71.479;0.0450325086617828
709;roundrobin;SMA;3.009716947;221;0.096;71.142;0.0262853423085934
712;roundrobin;ssa;2.626602057;517;0.023;71.502;0.0482841409439691
714;roundrobin;ssa;2.219095282;285;0.214;72.073;0.0351994025147571
716;roundrobin;SMA;1.999274380;418;0.014;72.143;0.0423559013427496
713;roundrobin;ssa;2.730413754;261;0.357;71.859;0.0351769567303275
715;roundrobin;seadec;2.337255913;53;0.056;72.129;0.00853866866997741
718;roundrobin;ssa;2.229953265;506;0.051;72.296;0.0472776063296307
720;roundrobin;SMA;2.004786974;234;0.048;72.486;0.0294444332989678
722;roundrobin;SMA;1.982340269;3;0.049;72.582;0.00312822529954525
719;roundrobin;seadec;2.408795324;102;0.142;72.438;0.0200421445003984
724;roundrobin;SMA;1.899168578;376;0.047;72.707;0.0385801680617862
717;roundrobin;ssa;3.032479777;327;0.102;72.245;0.0369276456170677
721;roundrobin;SMA;2.626742339;225;0.047;72.533;0.0262853423085934
723;roundrobin;SMA;2.430458989;375;0.078;72.660;0.0400802183599336
726;roundrobin;ssa;2.178623885;554;0.082;73.005;0.0639327156526897
725;roundrobin;ssa;2.811817191;488;0.216;72.923;0.0468428353029938
728;roundrobin;ssa;2.546453423;449;0.003;73.142;0.0464705153781347
727;roundrobin;ssa;2.717485122;290;0.134;73.139;0.0354027676498525
730;roundrobin;SMA;2.073917900;12;0.353;73.513;0.00312822529954525
732;roundrobin;SMA;2.037949337;236;0.064;73.603;0.0294444332989678
729;roundrobin;ssa;2.866269305;280;0.018;73.160;0.0351994025147571
734;roundrobin;SMA;1.902743277;19;0.146;73.858;0.0044156703260322
733;roundrobin;SMA;2.440611959;21;0.109;73.712;0.0044156703260322
731;roundrobin;ssa;2.906424153;454;0.026;73.539;0.0462637861154206
736;roundrobin;ssa;2.137378052;297;0.109;74.204;0.0354027676498525
735;roundrobin;ssa;2.596756249;242;0.237;74.095;0.034465109395276
739;roundrobin;SMA;1.886247252;187;0.294;74.885;0.027678078136308
740;roundrobin;ssa;2.239981898;450;0.028;74.913;0.0464705153781347
738;roundrobin;ssa;2.797419629;551;0.365;74.591;0.0639327156526897
742;roundrobin;seadec;1.995244297;62;0.04;75.083;0.00929623085818988
744;roundrobin;SMA;2.002560579;235;0;75.212;0.0294444332989678
737;roundrobin;ssa;3.903933543;560;0.022;74.226;0.0650104625049824
746;roundrobin;SMA;1.895868327;215;0.089;75.597;0.0262853423085934
743;roundrobin;seadec;2.658092068;67;0.129;75.212;0.00929623085818988
741;roundrobin;ssa;3.101578882;296;0.13;75.043;0.0354027676498525
745;roundrobin;SMA;2.532679516;8;0.296;75.508;0.00312822529954525
748;roundrobin;ssa;2.257220842;492;0.059;75.721;0.0468428353029938
747;roundrobin;seadec;2.441071937;57;0.065;75.662;0.00853866866997741
751;roundrobin;SMA;1.996863995;365;0.147;76.132;0.0400802183599336
749;roundrobin;ssa;2.674920836;336;0.051;75.772;0.0377148729094167
753;roundrobin;seadec;1.920086678;143;0.185;76.553;0.0196202016385114
752;roundrobin;seadec;2.411595230;156;0.236;76.368;0.0200366493973128
758;roundrobin;seadec;2.023987135;54;0.091;76.820;0.00853866866997741
750;roundrobin;ssa;3.343111765;448;0.213;75.985;0.0464705153781347
755;roundrobin;ssa;2.409005927;456;0.001;76.673;0.0462637861154206
756;roundrobin;SMA;2.524390448;181;0.005;76.678;0.027678078136308
757;roundrobin;SMA;2.550431891;12;0.051;76.729;0.00312822529954525
754;roundrobin;ssa;2.909491067;287;0.119;76.672;0.0354027676498525
759;roundrobin;SMA;2.529414678;40;0.045;76.865;0.00572928357269349
760;roundrobin;ssa;2.479495060;324;0.166;77.031;0.0369276456170677
762;roundrobin;ssa;2.346806160;508;0.165;77.200;0.0472776063296307
763;roundrobin;seadec;2.352504523;104;0.047;77.247;0.0200421445003984
766;roundrobin;SMA;2.105050983;40;0.042;77.521;0.00572928357269349
764;roundrobin;ssa;2.416735615;270;0.171;77.418;0.0351769567303275
761;roundrobin;ssa;3.293440450;245;0.004;77.035;0.034465109395276
770;roundrobin;SMA;2.099194927;349;0.052;77.738;0.0427559244477954
767;roundrobin;SMA;2.589973480;11;0.001;77.522;0.00312822529954525
768;roundrobin;ssa;2.331776009;422;0.116;77.638;0.0450325086617828
765;roundrobin;ssa;3.137312308;438;0.061;77.479;0.0464705153781347
772;roundrobin;ssa;2.214711219;547;0.071;77.883;0.0639327156526897
771;roundrobin;SMA;2.623019270;2;0.074;77.812;0.00312822529954525
769;roundrobin;SMA;3.042848086;31;0.048;77.686;0.00572928357269349
774;roundrobin;ssa;2.327153565;298;0.073;77.992;0.0354027676498525
776;roundrobin;SMA;2.039413752;417;0.072;78.124;0.0423559013427496
778;roundrobin;SMA;1.952301200;9;0.071;78.314;0.00312822529954525
773;roundrobin;ssa;3.459087580;510;0.036;77.919;0.0472776063296307
780;roundrobin;SMA;1.920897393;26;0.005;78.522;0.0044156703260322
777;roundrobin;seadec;2.725857976;134;0.119;78.243;0.0194549251238626
782;roundrobin;SMA;1.867217499;33;0.02;78.545;0.00572928357269349
775;roundrobin;ssa;3.265407200;477;0.06;78.052;0.0463158279553995
784;roundrobin;SMA;1.877557622;347;0;78.614;0.0427559244477954
786;roundrobin;ssa;2.254989324;423;0.039;78.687;0.0450325086617828
779;roundrobin;ssa;3.037003392;117;0.203;78.517;0.0189752485931269
788;roundrobin;ssa;2.390719829;328;0.15;78.894;0.0369276456170677
781;roundrobin;ssa;3.488142477;299;0.003;78.525;0.0354027676498525
790;roundrobin;ssa;2.339324791;276;0.052;79.115;0.0351994025147571
785;roundrobin;ssa;3.393764943;467;0.034;78.648;0.0463158279553995
792;roundrobin;seadec;2.101492473;91;0.067;79.259;0.0200421445003984
783;roundrobin;ssa;3.662312050;431;0.069;78.614;0.0450325086617828
794;roundrobin;SMA;1.988203669;20;0.198;79.560;0.0044156703260322
787;roundrobin;ssa;3.735781228;118;0.057;78.744;0.0189752485931269
789;roundrobin;seadec;3.453256164;164;0.169;79.063;0.0200366493973128
793;roundrobin;seadec;3.005256054;63;0.103;79.362;0.00929623085818988
796;roundrobin;ssa;2.233788630;323;0.171;79.770;0.0369276456170677
791;roundrobin;ssa;3.679625747;109;0.077;79.192;0.0189752485931269
798;roundrobin;ssa;2.287129069;335;0.3;80.296;0.0377148729094167
795;roundrobin;ssa;3.485185443;342;0.039;79.599;0.0377148729094167
802;roundrobin;seadec;1.998143600;89;0.051;80.541;0.0240361194750053
797;roundrobin;ssa;3.119103417;316;0.226;79.996;0.0369276456170677
800;roundrobin;ssa;2.536621310;472;0.119;80.484;0.0463158279553995
801;roundrobin;seadec;2.646677604;95;0.006;80.490;0.0200421445003984
804;roundrobin;ssa;2.449046475;534;0.006;80.568;0.0656320663227048
806;roundrobin;SMA;2.182390074;371;0.217;80.804;0.0400802183599336
799;roundrobin;ssa;3.315545584;508;0.069;80.365;0.0472776063296307
803;roundrobin;SMA;2.986274291;382;0.021;80.562;0.0385801680617862
808;roundrobin;ssa;2.299526397;241;0.17;81.063;0.034465109395276
810;roundrobin;seadec;1.985491047;160;0.183;81.470;0.0200366493973128
812;roundrobin;SMA;1.924995525;232;0.177;81.876;0.0294444332989678
807;roundrobin;seadec;3.558970861;79;0.089;80.893;0.0240361194750053
809;roundrobin;ssa;3.200695151;485;0.224;81.287;0.0468428353029938
814;roundrobin;seadec;1.908868636;131;0.126;82.157;0.0194549251238626
811;roundrobin;ssa;2.815899080;541;0.229;81.699;0.0639327156526897
805;roundrobin;ssa;4.759350260;430;0.019;80.587;0.0450325086617828
813;roundrobin;ssa;2.816476248;285;0.155;82.031;0.0351994025147571
816;roundrobin;ssa;2.190839839;547;0.266;82.601;0.0639327156526897
815;roundrobin;ssa;2.679696540;431;0.178;82.335;0.0450325086617828
818;roundrobin;SMA;2.390379677;227;0.06;82.827;0.0294444332989678
819;roundrobin;ssa;2.224883649;520;0.21;83.037;0.0482841409439691
821;roundrobin;seadec;2.055904440;133;0.011;83.143;0.0194549251238626
820;roundrobin;seadec;2.186012954;135;0.095;83.132;0.0194549251238626
817;roundrobin;SMA;3.072227835;223;0.166;82.767;0.0262853423085934
825;roundrobin;seadec;1.891605511;126;0.103;83.523;0.0194549251238626
822;roundrobin;ssa;2.566794804;599;0.111;83.254;0.0658004472335592
827;roundrobin;SMA;1.953407039;368;0.066;83.815;0.0400802183599336
824;roundrobin;ssa;2.792364996;117;0.013;83.420;0.0189752485931269
829;roundrobin;SMA;1.967379826;11;0.01;83.882;0.00312822529954525
826;roundrobin;SMA;2.518850811;168;0.226;83.749;0.0303277073168743
823;roundrobin;ssa;3.268868930;560;0.153;83.407;0.0650104625049824
832;roundrobin;ssa;2.270106591;504;0.026;83.991;0.0472776063296307
831;roundrobin;seadec;2.791390708;60;0.065;83.965;0.00853866866997741
828;roundrobin;ssa;3.073062255;255;0.057;83.872;0.034465109395276
830;roundrobin;ssa;3.059118675;328;0.018;83.900;0.0369276456170677
834;roundrobin;ssa;2.383862332;338;0.101;84.163;0.0377148729094167
833;roundrobin;SMA;2.710682573;37;0.071;84.062;0.00572928357269349
838;roundrobin;SMA;2.071519949;386;0.139;84.505;0.0385801680617862
836;roundrobin;ssa;2.472493786;259;0.005;84.354;0.0351769567303275
840;roundrobin;ssa;2.420451660;274;0.049;84.635;0.0351994025147571
837;roundrobin;SMA;3.002092882;364;0.012;84.366;0.0400802183599336
842;roundrobin;ssa;2.298830157;597;0.184;84.845;0.0658004472335592
841;roundrobin;SMA;2.579703529;216;0.026;84.661;0.0262853423085934
835;roundrobin;ssa;3.545111585;562;0.186;84.349;0.0650104625049824
839;roundrobin;ssa;3.105077171;425;0.081;84.586;0.0450325086617828
844;roundrobin;ssa;2.360521727;309;0.104;85.070;0.0360930160445306
847;roundrobin;SMA;1.971809453;170;0.168;85.719;0.0303277073168743
843;roundrobin;seadec;3.175024210;50;0.121;84.966;0.00853866866997741
845;roundrobin;ssa;2.611831014;249;0.338;85.408;0.034465109395276
848;roundrobin;SMA;2.278587276;188;0.251;85.970;0.027678078136308
849;roundrobin;ssa;2.245079996;447;0.131;86.101;0.0464705153781347
850;roundrobin;seadec;2.014704654;75;0.21;86.311;0.00929623085818988
846;roundrobin;SMA;3.493268338;197;0.143;85.551;0.0260920139484302
852;roundrobin;ssa;2.245991988;118;0.104;86.427;0.0189752485931269
853;roundrobin;seadec;2.295392882;68;0.008;86.435;0.00929623085818988
851;roundrobin;SMA;2.556314713;390;0.012;86.323;0.0385801680617862
855;roundrobin;SMA;2.443212947;186;0.123;86.585;0.027678078136308
856;roundrobin;SMA;2.269244657;21;0.047;86.632;0.0044156703260322
854;roundrobin;ssa;2.778129067;529;0.027;86.462;0.0656320663227048
857;roundrobin;SMA;2.354921972;414;0.071;86.703;0.0423559013427496
858;roundrobin;ssa;2.573270282;480;0.132;86.835;0.0463158279553995
859;roundrobin;SMA;2.209985462;233;0.424;87.259;0.0294444332989678
860;roundrobin;seadec;2.053463373;74;0.118;87.377;0.00929623085818988
861;roundrobin;SMA;2.196920800;362;0.061;87.438;0.0400802183599336
862;roundrobin;ssa;2.160089957;304;0.417;87.855;0.0360930160445306
864;roundrobin;ssa;2.261051437;253;0.12;88.042;0.034465109395276
863;roundrobin;ssa;2.645378822;429;0.067;87.922;0.0450325086617828
866;roundrobin;ssa;2.195532172;506;0.033;88.198;0.0472776063296307
868;roundrobin;SMA;2.070139838;5;0.038;88.254;0.00312822529954525
865;roundrobin;SMA;2.439717513;191;0.123;88.165;0.027678078136308
867;roundrobin;seadec;2.489212691;161;0.018;88.216;0.0200366493973128
870;roundrobin;ssa;2.332581361;336;0.018;88.356;0.0377148729094167
872;roundrobin;SMA;2.030871459;189;0.17;88.624;0.027678078136308
874;roundrobin;SMA;1.998552849;204;0.006;88.673;0.0260920139484302
869;roundrobin;ssa;3.011690105;460;0.084;88.338;0.0462637861154206
877;roundrobin;SMA;1.918837632;377;0.209;89.086;0.0385801680617862
871;roundrobin;ssa;3.175370913;473;0.098;88.454;0.0463158279553995
879;roundrobin;ssa;2.248450232;425;0.046;89.246;0.0450325086617828
873;roundrobin;ssa;3.425851896;470;0.043;88.667;0.0463158279553995
878;roundrobin;seadec;2.733642224;163;0.114;89.200;0.0200366493973128
875;roundrobin;ssa;3.403622337;558;0.143;88.816;0.0650104625049824
881;roundrobin;ssa;2.400108535;500;0.092;89.432;0.0472776063296307
882;roundrobin;SMA;2.153700141;367;0.154;89.586;0.0400802183599336
884;roundrobin;SMA;2.049249701;193;0.169;89.845;0.027678078136308
880;roundrobin;ssa;3.217232513;120;0.094;89.340;0.0189752485931269
876;roundrobin;SMA;3.993358864;193;0.061;88.877;0.027678078136308
886;roundrobin;SMA;1.929425772;201;0.033;89.946;0.0260920139484302
883;roundrobin;SMA;2.822967981;402;0.09;89.676;0.0386866425310276
888;roundrobin;ssa;2.228285851;475;0.1;90.196;0.0463158279553995
890;roundrobin;SMA;1.988098768;377;0.065;90.327;0.0385801680617862
885;roundrobin;ssa;2.955844258;300;0.068;89.913;0.0354027676498525
892;roundrobin;ssa;2.178152314;113;0.138;90.623;0.0189752485931269
889;roundrobin;ssa;3.142392917;290;0.066;90.262;0.0354027676498525
887;roundrobin;ssa;3.473384246;486;0.15;90.096;0.0468428353029938
894;roundrobin;ssa;2.332488611;477;0.038;90.759;0.0463158279553995
893;roundrobin;seadec;2.575372526;51;0.098;90.721;0.00853866866997741
891;roundrobin;ssa;3.098973041;336;0.158;90.485;0.0377148729094167
895;roundrobin;SMA;2.850628164;34;0.043;90.802;0.00572928357269349
896;roundrobin;ssa;2.365354471;489;0.474;91.276;0.0468428353029938
897;roundrobin;ssa;2.470283221;521;0.298;91.574;0.0482841409439691
900;roundrobin;SMA;1.996186196;399;0.031;91.987;0.0386866425310276
898;roundrobin;ssa;2.419637437;271;0.253;91.827;0.0351994025147571
904;roundrobin;SMA;2.064879810;8;0.014;92.221;0.00312822529954525
902;roundrobin;ssa;2.252228360;512;0.172;92.201;0.0482841409439691
905;roundrobin;seadec;2.596431441;47;0.035;92.256;0.00853866866997741
899;roundrobin;ssa;3.196370727;588;0.129;91.956;0.0658004472335592
906;roundrobin;ssa;2.455161149;494;0.061;92.317;0.0468428353029938
908;roundrobin;SMA;2.065491410;220;0.198;92.589;0.0262853423085934
901;roundrobin;ssa;3.281376796;475;0.042;92.029;0.0463158279553995
903;roundrobin;ssa;3.037824718;450;0.006;92.207;0.0464705153781347
910;roundrobin;seadec;1.965857938;62;0.277;92.873;0.00929623085818988
912;roundrobin;SMA;1.912937464;31;0.05;93.046;0.00572928357269349
914;roundrobin;SMA;1.889323393;189;0.265;93.350;0.027678078136308
911;roundrobin;SMA;2.623878630;207;0.123;92.996;0.0260920139484302
907;roundrobin;ssa;3.897749590;501;0.074;92.391;0.0472776063296307
909;roundrobin;ssa;3.532611131;569;0.007;92.596;0.0650104625049824
916;roundrobin;seadec;1.944371390;64;0.38;93.752;0.00929623085818988
913;roundrobin;ssa;3.153232794;326;0.039;93.085;0.0369276456170677
918;roundrobin;ssa;2.161626636;555;0.027;93.809;0.0639327156526897
920;roundrobin;SMA;1.952647757;193;0.132;94.000;0.027678078136308
915;roundrobin;SMA;3.271619430;199;0.022;93.372;0.0260920139484302
922;roundrobin;SMA;1.910123847;383;0.137;94.208;0.0385801680617862
921;roundrobin;SMA;2.619707695;394;0.071;94.071;0.0386866425310276
917;roundrobin;ssa;3.340999104;496;0.03;93.782;0.0472776063296307
919;roundrobin;ssa;3.001151886;571;0.059;93.868;0.0657184273159393
924;roundrobin;SMA;1.911286631;416;0.268;94.596;0.0423559013427496
923;roundrobin;ssa;2.742042362;563;0.12;94.328;0.0650104625049824
926;roundrobin;ssa;2.169849723;260;0.109;94.772;0.0351769567303275
925;roundrobin;seadec;2.620619988;152;0.067;94.663;0.0200366493973128
927;roundrobin;seadec;2.484440420;147;0.02;94.792;0.0196202016385114
928;roundrobin;seadec;2.359299949;104;0.048;94.840;0.0200421445003984
930;roundrobin;ssa;2.255120584;325;0.009;95.070;0.0369276456170677
931;roundrobin;seadec;2.254781436;96;0.02;95.090;0.0200421445003984
933;roundrobin;seadec;1.991060519;130;0.002;95.237;0.0194549251238626
929;roundrobin;ssa;2.784903206;465;0.221;95.061;0.0462637861154206
934;roundrobin;SMA;2.364134088;418;0.116;95.353;0.0423559013427496
935;roundrobin;ssa;2.143253476;538;0.624;95.977;0.0656320663227048
932;roundrobin;ssa;3.645170474;331;0.145;95.235;0.0377148729094167
936;roundrobin;ssa;2.234847859;555;0.331;96.308;0.0639327156526897
937;roundrobin;SMA;2.300066407;42;0.029;96.337;0.00572928357269349
938;roundrobin;ssa;2.277169496;600;0.033;96.370;0.0658004472335592
940;roundrobin;SMA;2.060170996;213;0.169;96.571;0.0262853423085934
939;roundrobin;ssa;2.697411251;255;0.032;96.402;0.034465109395276
941;roundrobin;SMA;2.402409707;42;0.26;96.831;0.00572928357269349
944;roundrobin;ssa;2.224325301;562;0.016;96.888;0.0650104625049824
942;roundrobin;ssa;2.514157043;457;0.017;96.848;0.0462637861154206
946;roundrobin;ssa;2.295372924;578;0.003;96.945;0.0657184273159393
947;roundrobin;SMA;2.580256205;390;0.045;96.990;0.0385801680617862
948;roundrobin;ssa;2.455961496;429;0.063;97.053;0.0450325086617828
943;roundrobin;ssa;3.181034615;460;0.024;96.872;0.0462637861154206
950;roundrobin;seadec;2.087269227;99;0.253;97.420;0.0200421445003984
952;roundrobin;ssa;2.240443054;256;0.031;97.466;0.0351769567303275
949;roundrobin;ssa;2.925131849;517;0.114;97.167;0.0482841409439691
954;roundrobin;SMA;1.971931267;193;0.121;97.651;0.027678078136308
945;roundrobin;ssa;3.734827831;437;0.054;96.942;0.0464705153781347
951;roundrobin;SMA;2.758035963;1;0.015;97.435;0.00312822529954525
956;roundrobin;SMA;1.902621009;377;0.171;97.967;0.0385801680617862
958;roundrobin;seadec;1.962021620;91;0.013;98.037;0.0200421445003984
955;roundrobin;SMA;2.463582413;8;0.145;97.796;0.00312822529954525
960;roundrobin;seadec;1.911709235;96;0.059;98.119;0.0200421445003984
953;roundrobin;ssa;3.361288687;475;0.064;97.530;0.0463158279553995
959;roundrobin;seadec;2.534089198;149;0.023;98.060;0.0196202016385114
962;roundrobin;ssa;2.169894928;538;0.16;98.377;0.0656320663227048
961;roundrobin;SMA;2.578610366;178;0.098;98.217;0.0303277073168743
963;roundrobin;SMA;2.279596903;362;0.061;98.438;0.0400802183599336
964;roundrobin;seadec;2.068545833;131;0.077;98.515;0.0194549251238626
957;roundrobin;seadec;3.758837751;56;0.057;98.024;0.00853866866997741
966;roundrobin;SMA;1.867576512;27;0.144;99.165;0.0044156703260322
965;roundrobin;seadec;2.217833328;84;0.506;99.021;0.0240361194750053
967;roundrobin;seadec;2.227771144;71;0.149;99.314;0.00929623085818988
968;roundrobin;SMA;1.874366770;211;0.329;99.643;0.0262853423085934
970;roundrobin;SMA;1.915964323;230;0.012;99.941;0.0294444332989678
969;roundrobin;SMA;2.184454522;229;0.286;99.929;0.0294444332989678
972;roundrobin;SMA;1.927674295;34;0.093;100.112;0.00572928357269349
974;roundrobin;SMA;1.897619320;378;0.068;100.220;0.0385801680617862
971;roundrobin;ssa;2.646419795;463;0.078;100.019;0.0462637861154206
973;roundrobin;seadec;2.285506310;157;0.04;100.152;0.0200366493973128
976;roundrobin;SMA;1.946221847;222;0.312;100.554;0.0262853423085934
975;roundrobin;ssa;2.713064934;492;0.022;100.242;0.0468428353029938
978;roundrobin;ssa;2.313558797;458;0.053;100.645;0.0462637861154206
977;roundrobin;ssa;2.695204179;510;0.038;100.592;0.0472776063296307
980;roundrobin;ssa;2.224823953;253;0.05;100.958;0.034465109395276
979;roundrobin;SMA;2.432202800;21;0.263;100.908;0.0044156703260322
981;roundrobin;SMA;2.329708487;377;0.001;100.959;0.0385801680617862
982;roundrobin;ssa;2.336168117;502;0.132;101.091;0.0472776063296307
984;roundrobin;SMA;2.107420816;172;0.006;101.155;0.0303277073168743
983;roundrobin;SMA;2.315873970;202;0.058;101.149;0.0260920139484302
986;roundrobin;SMA;1.985039723;415;0.003;101.475;0.0423559013427496
987;roundrobin;SMA;2.160078119;228;0.331;101.806;0.0294444332989678
988;roundrobin;SMA;1.944165151;416;0.251;102.057;0.0423559013427496
985;roundrobin;seadec;3.059568743;123;0.317;101.472;0.0194549251238626
990;roundrobin;SMA;1.902232746;391;0.289;102.384;0.0386866425310276
989;roundrobin;ssa;2.539477514;440;0.038;102.095;0.0464705153781347
991;roundrobin;SMA;2.318211281;200;0.122;102.506;0.0260920139484302
992;roundrobin;ssa;2.164971180;534;0.122;102.628;0.0656320663227048
994;roundrobin;ssa;2.256702393;243;0.107;102.758;0.034465109395276
996;roundrobin;seadec;2.084641626;87;0.073;102.837;0.0240361194750053
995;roundrobin;SMA;2.332515582;23;0.006;102.764;0.0044156703260322
993;roundrobin;ssa;2.579928451;555;0.023;102.651;0.0639327156526897
999;roundrobin;SMA;1.973228702;19;0.271;103.127;0.0044156703260322
998;roundrobin;ssa;2.565426632;559;0.004;102.856;0.0650104625049824
997;roundrobin;seadec;3.229181555;147;0.015;102.852;0.0196202016385114
