4;roundrobin;SMA;2.284162540;346;0.022;.133;0.0427559244477954
1;roundrobin;SMA;2.418122525;198;0.059;.097;0.0260920139484302
2;roundrobin;ssa;2.472038141;115;0.007;.104;0.0189752485931269
3;roundrobin;SMA;2.596847243;27;0.007;.111;0.0044156703260322
0;roundrobin;SMA;2.824131506;406;0.038;.038;0.0423559013427496
5;roundrobin;SMA;2.541588175;29;0.145;.278;0.0044156703260322
6;roundrobin;ssa;2.676750377;488;0.061;.339;0.0468428353029938
12;roundrobin;seadec;2.324090169;150;0.062;.591;0.0196202016385114
8;roundrobin;ssa;2.709610202;583;0.048;.414;0.0657184273159393
7;roundrobin;ssa;3.158048267;332;0.027;.366;0.0377148729094167
9;roundrobin;SMA;3.112512503;211;0.007;.421;0.0262853423085934
11;roundrobin;seadec;2.956658879;132;0.038;.529;0.0194549251238626
16;roundrobin;seadec;2.464017866;89;0.094;1.011;0.0240361194750053
10;roundrobin;ssa;3.387056286;263;0.07;.491;0.0351769567303275
13;roundrobin;ssa;3.309686030;343;0.221;.812;0.0377148729094167
14;roundrobin;ssa;3.241953604;549;0.053;.865;0.0639327156526897
15;roundrobin;seadec;3.409966291;74;0.052;.917;0.00929623085818988
18;roundrobin;seadec;3.231405799;157;0.017;1.061;0.0200366493973128
19;roundrobin;ssa;3.391006169;335;0.029;1.090;0.0377148729094167
26;roundrobin;seadec;2.788847895;148;0.029;1.320;0.0196202016385114
17;roundrobin;ssa;3.868335943;586;0.033;1.044;0.0658004472335592
24;roundrobin;ssa;3.210460436;255;0.005;1.288;0.034465109395276
22;roundrobin;ssa;3.622781590;597;0.015;1.255;0.0658004472335592
20;roundrobin;ssa;3.914874065;523;0.118;1.208;0.0482841409439691
23;roundrobin;SMA;3.634616072;215;0.028;1.283;0.0262853423085934
21;roundrobin;ssa;4.210375648;421;0.032;1.240;0.0450325086617828
34;roundrobin;seadec;3.061087064;161;0.01;1.793;0.0200366493973128
25;roundrobin;SMA;4.161012118;214;0.003;1.291;0.0262853423085934
27;roundrobin;ssa;3.896420672;441;0.198;1.518;0.0464705153781347
31;roundrobin;seadec;3.775629197;85;0.002;1.701;0.0240361194750053
37;roundrobin;seadec;3.403258196;66;0.036;1.895;0.00929623085818988
32;roundrobin;ssa;3.840925574;272;0.016;1.717;0.0351994025147571
28;roundrobin;ssa;4.127858377;499;0.059;1.577;0.0472776063296307
30;roundrobin;ssa;4.045831073;343;0.072;1.699;0.0377148729094167
29;roundrobin;SMA;4.306705249;418;0.05;1.627;0.0423559013427496
50;roundrobin;SMA;2.474689848;211;0.021;2.483;0.0262853423085934
36;roundrobin;SMA;4.202416646;366;0.015;1.859;0.0400802183599336
42;roundrobin;ssa;3.677908157;502;0.065;2.115;0.0472776063296307
41;roundrobin;ssa;3.897856058;331;0.051;2.050;0.0377148729094167
39;roundrobin;ssa;4.458537344;557;0.012;1.945;0.0650104625049824
46;roundrobin;SMA;3.586696730;217;0.065;2.286;0.0262853423085934
44;roundrobin;seadec;3.965662991;78;0.028;2.206;0.0240361194750053
33;roundrobin;ssa;5.092469399;556;0.066;1.783;0.0650104625049824
40;roundrobin;ssa;4.682162721;242;0.054;1.999;0.034465109395276
38;roundrobin;SMA;4.899597519;235;0.038;1.933;0.0294444332989678
58;roundrobin;SMA;2.734645957;16;0.055;2.940;0.0044156703260322
52;roundrobin;ssa;3.485435454;570;0.161;2.753;0.0650104625049824
54;roundrobin;SMA;3.518183635;38;0.03;2.811;0.00572928357269349
48;roundrobin;ssa;4.558146017;583;0.026;2.362;0.0657184273159393
43;roundrobin;ssa;5.239357493;519;0.063;2.178;0.0482841409439691
60;roundrobin;SMA;3.149221387;14;0.004;2.983;0.00312822529954525
45;roundrobin;SMA;5.230092222;177;0.015;2.221;0.0303277073168743
56;roundrobin;ssa;3.908049151;454;0.01;2.870;0.0462637861154206
47;roundrobin;ssa;5.236427004;120;0.05;2.336;0.0189752485931269
35;roundrobin;ssa;6.651158789;497;0.051;1.844;0.0472776063296307
51;roundrobin;SMA;5.145568537;35;0.109;2.592;0.00572928357269349
71;roundrobin;seadec;2.309120972;154;0.116;3.875;0.0200366493973128
62;roundrobin;ssa;3.992532211;447;0.012;3.050;0.0464705153781347
53;roundrobin;SMA;5.121987045;374;0.028;2.781;0.0400802183599336
55;roundrobin;SMA;5.095439332;213;0.049;2.860;0.0262853423085934
66;roundrobin;ssa;3.482066853;325;0.137;3.530;0.0369276456170677
74;roundrobin;SMA;2.354950051;42;0.019;4.053;0.00572928357269349
76;roundrobin;SMA;2.353457270;198;0.018;4.074;0.0260920139484302
64;roundrobin;ssa;4.112876327;593;0.242;3.371;0.0658004472335592
68;roundrobin;ssa;3.603081049;518;0.041;3.628;0.0482841409439691
70;roundrobin;ssa;3.375093068;117;0.089;3.759;0.0189752485931269
59;roundrobin;seadec;5.267843228;153;0.039;2.979;0.0200366493973128
78;roundrobin;seadec;2.378573926;147;0.041;4.193;0.0196202016385114
49;roundrobin;ssa;6.882957672;442;0.1;2.462;0.0464705153781347
63;roundrobin;SMA;5.168986250;395;0.079;3.129;0.0386866425310276
84;roundrobin;SMA;2.187502020;361;0.114;4.558;0.0400802183599336
82;roundrobin;ssa;2.521145189;558;0.041;4.441;0.0650104625049824
80;roundrobin;ssa;2.812069730;535;0.019;4.350;0.0656320663227048
88;roundrobin;seadec;2.107526068;105;0.067;4.806;0.0200421445003984
86;roundrobin;ssa;2.432786241;540;0.079;4.677;0.0656320663227048
61;roundrobin;ssa;6.302776168;499;0.055;3.038;0.0472776063296307
57;roundrobin;seadec;7.019788755;145;0.015;2.885;0.0196202016385114
72;roundrobin;SMA;4.685667113;230;0.145;4.020;0.0294444332989678
67;roundrobin;ssa;5.568630151;524;0.057;3.587;0.0482841409439691
92;roundrobin;SMA;2.058206909;230;0.052;5.037;0.0294444332989678
94;roundrobin;SMA;1.996192857;183;0.034;5.084;0.027678078136308
90;roundrobin;ssa;2.532287858;288;0.052;4.963;0.0354027676498525
69;roundrobin;SMA;6.131498903;232;0.042;3.670;0.0294444332989678
96;roundrobin;ssa;2.421027551;333;0.022;5.119;0.0377148729094167
75;roundrobin;SMA;5.505179153;202;0.003;4.056;0.0260920139484302
79;roundrobin;SMA;4.845414119;349;0.138;4.331;0.0427559244477954
65;roundrobin;ssa;7.290680834;253;0.022;3.393;0.034465109395276
98;roundrobin;ssa;2.892824923;330;0.007;5.137;0.0369276456170677
100;roundrobin;ssa;2.673763881;598;0.095;5.249;0.0658004472335592
77;roundrobin;SMA;5.854852020;227;0.078;4.152;0.0294444332989678
106;roundrobin;seadec;2.307219139;97;0.01;5.523;0.0200421445003984
104;roundrobin;ssa;2.905810800;436;0.062;5.378;0.0464705153781347
102;roundrobin;ssa;3.095922555;274;0.022;5.297;0.0351994025147571
87;roundrobin;seadec;4.815187655;47;0.062;4.739;0.00853866866997741
108;roundrobin;seadec;2.289845315;99;0.028;5.666;0.0200421445003984
73;roundrobin;SMA;6.966336485;415;0.014;4.034;0.0423559013427496
112;roundrobin;seadec;2.133169453;54;0.002;5.877;0.00853866866997741
110;roundrobin;ssa;2.467401218;569;0.079;5.783;0.0650104625049824
83;roundrobin;ssa;6.379096313;479;0.003;4.444;0.0463158279553995
114;roundrobin;ssa;2.445726930;494;0.071;5.954;0.0468428353029938
95;roundrobin;SMA;4.865109398;179;0.013;5.097;0.0303277073168743
120;roundrobin;seadec;2.094791372;68;0.012;6.053;0.00929623085818988
85;roundrobin;ssa;6.430523420;336;0.04;4.598;0.0377148729094167
118;roundrobin;ssa;2.453402855;323;0.011;6.026;0.0369276456170677
81;roundrobin;SMA;7.088361708;397;0.05;4.400;0.0386866425310276
124;roundrobin;SMA;2.091436699;174;0.001;6.225;0.0303277073168743
122;roundrobin;ssa;2.470080944;485;0.085;6.175;0.0468428353029938
126;roundrobin;ssa;2.328590425;530;0.163;6.397;0.0656320663227048
91;roundrobin;ssa;6.623583555;254;0.022;4.985;0.034465109395276
89;roundrobin;SMA;6.950292365;363;0.105;4.911;0.0400802183599336
130;roundrobin;SMA;2.109345685;197;0.013;6.543;0.0260920139484302
103;roundrobin;ssa;5.696591513;255;0.019;5.316;0.034465109395276
128;roundrobin;ssa;2.424737406;289;0.005;6.470;0.0354027676498525
116;roundrobin;seadec;3.910217636;150;0.022;6.012;0.0196202016385114
132;roundrobin;SMA;2.132634515;372;0.019;6.625;0.0400802183599336
134;roundrobin;SMA;2.119312433;237;0.005;6.649;0.0294444332989678
137;roundrobin;SMA;1.958772963;213;0.005;6.707;0.0262853423085934
93;roundrobin;ssa;7.291807800;499;0.013;5.050;0.0472776063296307
140;roundrobin;SMA;1.972839160;370;0.026;6.876;0.0400802183599336
138;roundrobin;ssa;2.341535252;570;0.104;6.811;0.0650104625049824
97;roundrobin;SMA;7.363747763;403;0.011;5.130;0.0386866425310276
111;roundrobin;seadec;5.538404086;60;0.092;5.875;0.00853866866997741
142;roundrobin;seadec;2.027658624;102;0.113;7.040;0.0200421445003984
99;roundrobin;ssa;7.640384580;576;0.017;5.154;0.0657184273159393
146;roundrobin;SMA;2.001770471;180;0.029;7.179;0.0303277073168743
101;roundrobin;SMA;7.653289768;414;0.026;5.275;0.0423559013427496
144;roundrobin;ssa;2.546340799;472;0.011;7.110;0.0463158279553995
148;roundrobin;ssa;2.256237944;115;0.085;7.284;0.0189752485931269
105;roundrobin;SMA;7.486340971;214;0.135;5.513;0.0262853423085934
119;roundrobin;SMA;5.759811093;172;0.015;6.041;0.0303277073168743
150;roundrobin;seadec;2.077329940;51;0.025;7.415;0.00853866866997741
152;roundrobin;SMA;2.083578609;27;0.087;7.514;0.0044156703260322
107;roundrobin;SMA;7.561689213;391;0.115;5.638;0.0386866425310276
109;roundrobin;SMA;7.559310790;389;0.038;5.704;0.0385801680617862
154;roundrobin;ssa;2.236903063;341;0.096;7.752;0.0377148729094167
113;roundrobin;seadec;7.428428310;129;0.006;5.883;0.0194549251238626
127;roundrobin;seadec;5.707917349;86;0.068;6.465;0.0240361194750053
156;roundrobin;ssa;2.261430169;553;0.092;7.880;0.0639327156526897
115;roundrobin;SMA;7.445199762;43;0.036;5.990;0.00572928357269349
160;roundrobin;SMA;2.152612142;175;0.075;7.996;0.0303277073168743
117;roundrobin;SMA;7.543986814;189;0.003;6.015;0.027678078136308
158;roundrobin;ssa;2.521833431;493;0.003;7.919;0.0468428353029938
162;roundrobin;seadec;2.118296387;130;0.081;8.126;0.0194549251238626
164;roundrobin;ssa;2.317837551;559;0.074;8.272;0.0650104625049824
121;roundrobin;ssa;8.179975045;322;0.037;6.090;0.0369276456170677
168;roundrobin;SMA;2.128483843;184;0.017;8.539;0.027678078136308
135;roundrobin;ssa;6.549513951;519;0.045;6.694;0.0482841409439691
166;roundrobin;ssa;2.496052500;539;0.133;8.416;0.0656320663227048
170;roundrobin;SMA;2.143740668;31;0.048;8.717;0.00572928357269349
123;roundrobin;ssa;8.476557767;484;0.049;6.224;0.0468428353029938
172;roundrobin;ssa;2.261376791;562;0.031;8.838;0.0650104625049824
125;roundrobin;ssa;8.739594170;496;0.009;6.234;0.0472776063296307
129;roundrobin;SMA;8.149237196;216;0.06;6.530;0.0262853423085934
174;roundrobin;ssa;2.452753364;482;0.065;9.012;0.0468428353029938
143;roundrobin;ssa;7.073804898;280;0.059;7.099;0.0351994025147571
180;roundrobin;SMA;2.279041345;231;0.038;9.317;0.0294444332989678
176;roundrobin;ssa;2.699105145;515;0.097;9.185;0.0482841409439691
182;roundrobin;SMA;2.271559198;18;0.016;9.345;0.0044156703260322
178;roundrobin;ssa;2.604147282;329;0.022;9.241;0.0369276456170677
184;roundrobin;SMA;2.133450684;42;0.066;9.458;0.00572928357269349
186;roundrobin;SMA;2.168156616;354;0.038;9.523;0.0427559244477954
131;roundrobin;ssa;9.314647035;437;0.063;6.606;0.0464705153781347
133;roundrobin;ssa;9.328680083;311;0.019;6.644;0.0360930160445306
151;roundrobin;SMA;7.436650735;178;0.012;7.427;0.0303277073168743
192;roundrobin;SMA;2.091216355;367;0.006;9.778;0.0400802183599336
188;roundrobin;ssa;2.669544629;498;0.01;9.559;0.0472776063296307
136;roundrobin;ssa;9.368984246;426;0.008;6.702;0.0450325086617828
194;roundrobin;SMA;2.215072523;20;0.018;9.858;0.0044156703260322
139;roundrobin;SMA;9.571409884;9;0.039;6.850;0.00312822529954525
190;roundrobin;ssa;2.942416792;492;0.057;9.732;0.0468428353029938
141;roundrobin;seadec;9.589578920;103;0.051;6.927;0.0200421445003984
159;roundrobin;SMA;7.246900641;191;0.002;7.921;0.027678078136308
145;roundrobin;seadec;9.280360265;94;0.04;7.150;0.0200421445003984
202;roundrobin;SMA;2.290180159;8;0.034;10.090;0.00312822529954525
204;roundrobin;seadec;2.413483006;99;0.009;10.139;0.0200421445003984
200;roundrobin;ssa;3.075784646;458;0.004;10.005;0.0462637861154206
198;roundrobin;ssa;3.344963176;495;0.037;9.998;0.0468428353029938
167;roundrobin;seadec;7.126959402;100;0.106;8.522;0.0200421445003984
153;roundrobin;SMA;9.223566981;31;0.142;7.656;0.00572928357269349
147;roundrobin;ssa;10.406179334;470;0.02;7.199;0.0463158279553995
149;roundrobin;ssa;10.167004928;272;0.106;7.390;0.0351994025147571
196;roundrobin;ssa;4.235365671;484;0.041;9.938;0.0468428353029938
208;roundrobin;ssa;3.499956368;531;0.02;10.324;0.0656320663227048
216;roundrobin;seadec;2.987467654;145;0.033;10.603;0.0196202016385114
206;roundrobin;ssa;3.913948015;449;0.111;10.284;0.0464705153781347
220;roundrobin;SMA;2.446236318;35;0.054;10.848;0.00572928357269349
161;roundrobin;seadec;9.296080431;156;0.049;8.045;0.0200366493973128
210;roundrobin;ssa;3.768835689;524;0.008;10.382;0.0482841409439691
155;roundrobin;SMA;10.232283962;383;0.036;7.788;0.0385801680617862
157;roundrobin;seadec;10.025399780;81;0.036;7.916;0.0240361194750053
175;roundrobin;ssa;7.471814216;519;0.076;9.088;0.0482841409439691
224;roundrobin;SMA;2.669512426;177;0.078;11.044;0.0303277073168743
218;roundrobin;ssa;3.551133141;484;0.077;10.789;0.0468428353029938
222;roundrobin;SMA;3.246958342;10;0.047;10.911;0.00312822529954525
214;roundrobin;ssa;4.339204159;287;0.054;10.562;0.0354027676498525
169;roundrobin;SMA;9.182758767;176;0.13;8.669;0.0303277073168743
163;roundrobin;SMA;10.333994681;395;0.072;8.198;0.0386866425310276
183;roundrobin;SMA;7.767752424;214;0.047;9.392;0.0262853423085934
232;roundrobin;seadec;2.287922907;90;0.012;11.534;0.0240361194750053
230;roundrobin;seadec;2.800574347;53;0.028;11.293;0.00853866866997741
226;roundrobin;ssa;3.198617666;286;0.093;11.153;0.0354027676498525
212;roundrobin;ssa;5.131398921;534;0.051;10.502;0.0656320663227048
236;roundrobin;seadec;2.275244685;144;0.045;11.654;0.0196202016385114
234;roundrobin;ssa;2.610541881;530;0.029;11.588;0.0656320663227048
228;roundrobin;seadec;3.603460778;126;0.022;11.206;0.0194549251238626
165;roundrobin;ssa;10.953930145;523;0.011;8.283;0.0482841409439691
240;roundrobin;seadec;2.206438219;101;0.077;11.835;0.0200421445003984
171;roundrobin;SMA;10.273015107;176;0.09;8.807;0.0303277073168743
191;roundrobin;SMA;8.179118765;175;0.04;9.772;0.0303277073168743
242;roundrobin;seadec;2.244022516;163;0.066;11.955;0.0200366493973128
238;roundrobin;ssa;2.914771918;473;0.032;11.706;0.0463158279553995
246;roundrobin;SMA;2.074353006;414;0.004;12.113;0.0423559013427496
244;roundrobin;SMA;2.217466817;356;0.029;12.106;0.0427559244477954
177;roundrobin;ssa;9.852076978;483;0.034;9.219;0.0468428353029938
248;roundrobin;SMA;1.931383183;191;0.03;12.281;0.027678078136308
199;roundrobin;SMA;8.500021158;24;0.003;10.001;0.0044156703260322
250;roundrobin;ssa;2.162427106;504;0.172;12.477;0.0472776063296307
173;roundrobin;ssa;11.620724593;525;0.109;8.947;0.0482841409439691
252;roundrobin;ssa;2.268159390;261;0.043;12.556;0.0351769567303275
179;roundrobin;ssa;10.860111781;523;0.038;9.279;0.0482841409439691
254;roundrobin;SMA;2.098109548;192;0.011;12.567;0.027678078136308
256;roundrobin;ssa;2.220522914;543;0.069;12.674;0.0639327156526897
185;roundrobin;ssa;10.999167124;270;0.027;9.485;0.0351769567303275
181;roundrobin;SMA;11.689237964;216;0.012;9.329;0.0262853423085934
258;roundrobin;ssa;2.540275842;336;0.002;12.734;0.0377148729094167
187;roundrobin;seadec;11.321076586;74;0.026;9.549;0.00929623085818988
260;roundrobin;ssa;2.358612809;582;0.087;12.834;0.0657184273159393
207;roundrobin;ssa;9.448271813;297;0.02;10.304;0.0354027676498525
262;roundrobin;ssa;2.545110929;533;0.002;12.995;0.0656320663227048
266;roundrobin;SMA;2.273042463;375;0.051;13.124;0.0400802183599336
189;roundrobin;seadec;11.995061888;89;0.116;9.675;0.0240361194750053
264;roundrobin;ssa;2.816680654;519;0.037;13.067;0.0482841409439691
193;roundrobin;ssa;11.714192474;510;0.062;9.840;0.0472776063296307
195;roundrobin;SMA;11.495855026;183;0.039;9.897;0.027678078136308
270;roundrobin;SMA;2.266429345;225;0.026;13.328;0.0262853423085934
215;roundrobin;SMA;9.818599029;203;0.008;10.570;0.0260920139484302
268;roundrobin;ssa;2.624914693;331;0.112;13.250;0.0377148729094167
272;roundrobin;SMA;2.263167483;200;0.02;13.429;0.0260920139484302
274;roundrobin;ssa;2.443639320;248;0.095;13.524;0.034465109395276
276;roundrobin;SMA;2.033818290;352;0.196;14.037;0.0427559244477954
197;roundrobin;SMA;12.164027156;384;0.023;9.961;0.0385801680617862
278;roundrobin;SMA;2.014201346;14;0.064;14.107;0.00312822529954525
203;roundrobin;seadec;11.858458357;153;0.04;10.130;0.0200366493973128
280;roundrobin;seadec;1.946986321;160;0.035;14.192;0.0200366493973128
282;roundrobin;seadec;1.948963261;123;0.016;14.366;0.0194549251238626
201;roundrobin;ssa;12.756228133;305;0.051;10.056;0.0360930160445306
223;roundrobin;ssa;10.351612764;276;0.055;10.966;0.0351994025147571
285;roundrobin;seadec;1.905802654;65;0.018;14.449;0.00929623085818988
287;roundrobin;ssa;2.261601644;570;0.023;14.472;0.0650104625049824
291;roundrobin;SMA;2.105160813;21;0.004;14.607;0.0044156703260322
205;roundrobin;ssa;13.326388891;554;0.034;10.173;0.0639327156526897
289;roundrobin;ssa;2.484019969;338;0.094;14.588;0.0377148729094167
211;roundrobin;ssa;12.957695103;560;0.069;10.451;0.0650104625049824
295;roundrobin;ssa;2.438508330;563;0.021;14.727;0.0650104625049824
293;roundrobin;ssa;2.653606334;440;0.014;14.673;0.0464705153781347
298;roundrobin;SMA;2.219989528;353;0.062;14.914;0.0427559244477954
296;roundrobin;ssa;2.582369209;551;0.054;14.781;0.0639327156526897
231;roundrobin;ssa;10.969632506;520;0.229;11.522;0.0482841409439691
209;roundrobin;ssa;14.039464505;496;0.05;10.374;0.0472776063296307
213;roundrobin;SMA;13.762582746;196;0.006;10.508;0.0260920139484302
300;roundrobin;ssa;2.456737193;265;0.021;14.961;0.0351769567303275
302;roundrobin;ssa;2.466599788;464;0.105;15.249;0.0462637861154206
219;roundrobin;ssa;13.804800411;315;0.005;10.794;0.0360930160445306
239;roundrobin;seadec;11.238989101;165;0.052;11.758;0.0200366493973128
306;roundrobin;SMA;2.112587299;42;0.064;15.466;0.00572928357269349
304;roundrobin;ssa;2.382334199;273;0.089;15.390;0.0351994025147571
217;roundrobin;SMA;14.263021995;394;0.109;10.712;0.0386866425310276
221;roundrobin;seadec;13.827909947;128;0.016;10.864;0.0194549251238626
308;roundrobin;SMA;2.171172127;404;0.098;15.575;0.0386866425310276
310;roundrobin;ssa;2.359771754;342;0.006;15.698;0.0377148729094167
312;roundrobin;ssa;2.277983236;513;0;15.721;0.0482841409439691
314;roundrobin;seadec;2.060082617;98;0.129;15.863;0.0200421445003984
227;roundrobin;seadec;13.704118054;70;0.031;11.184;0.00929623085818988
247;roundrobin;SMA;11.062159420;169;0.138;12.251;0.0303277073168743
225;roundrobin;SMA;14.199517930;389;0.016;11.060;0.0385801680617862
316;roundrobin;SMA;2.033526713;420;0.032;16.063;0.0423559013427496
229;roundrobin;SMA;13.790129095;362;0.059;11.265;0.0400802183599336
318;roundrobin;SMA;1.998513510;386;0.015;16.111;0.0385801680617862
322;roundrobin;SMA;1.989779901;360;0.008;16.267;0.0427559244477954
321;roundrobin;ssa;2.108117371;588;0.023;16.259;0.0658004472335592
235;roundrobin;SMA;13.740233009;369;0.021;11.609;0.0400802183599336
255;roundrobin;seadec;11.073330934;74;0.038;12.605;0.00929623085818988
237;roundrobin;SMA;13.879895984;374;0.02;11.674;0.0400802183599336
324;roundrobin;ssa;2.411790585;506;0.041;16.322;0.0472776063296307
233;roundrobin;ssa;14.695535037;279;0.025;11.559;0.0351994025147571
326;roundrobin;ssa;2.656616343;580;0.035;16.362;0.0657184273159393
330;roundrobin;SMA;2.133648208;233;0.017;16.544;0.0294444332989678
328;roundrobin;SMA;2.287669230;1;0.033;16.524;0.00312822529954525
243;roundrobin;seadec;13.685149818;104;0.122;12.077;0.0200421445003984
263;roundrobin;SMA;11.013254505;41;0.035;13.030;0.00572928357269349
336;roundrobin;SMA;2.243393812;417;0.01;16.733;0.0423559013427496
332;roundrobin;ssa;2.675175697;600;0.034;16.644;0.0658004472335592
334;roundrobin;ssa;2.485588624;303;0.054;16.722;0.0360930160445306
241;roundrobin;SMA;14.834869815;364;0.054;11.889;0.0400802183599336
245;roundrobin;ssa;14.287264113;592;0.003;12.109;0.0658004472335592
338;roundrobin;SMA;2.165132827;361;0.115;16.916;0.0400802183599336
340;roundrobin;ssa;2.329420290;511;0.019;16.938;0.0482841409439691
342;roundrobin;ssa;2.527740347;445;0.015;17.045;0.0464705153781347
251;roundrobin;ssa;14.196973999;522;0.036;12.513;0.0482841409439691
344;roundrobin;ssa;2.435239075;109;0.063;17.156;0.0189752485931269
249;roundrobin;SMA;14.780059360;8;0.024;12.305;0.00312822529954525
346;roundrobin;SMA;2.084509328;198;0.025;17.259;0.0260920139484302
253;roundrobin;seadec;14.266011727;86;0;12.556;0.0240361194750053
352;roundrobin;SMA;2.166421323;419;0.021;17.357;0.0423559013427496
348;roundrobin;ssa;2.552028737;468;0.004;17.275;0.0463158279553995
350;roundrobin;ssa;2.397775970;242;0.003;17.332;0.034465109395276
271;roundrobin;ssa;12.754700023;455;0.081;13.409;0.0462637861154206
259;roundrobin;SMA;14.225212111;386;0.013;12.747;0.0385801680617862
356;roundrobin;seadec;2.087331715;53;0.013;17.569;0.00853866866997741
257;roundrobin;seadec;14.641329972;131;0.058;12.732;0.0194549251238626
354;roundrobin;ssa;2.396072472;499;0.08;17.503;0.0472776063296307
279;roundrobin;ssa;12.312963576;317;0.05;14.157;0.0369276456170677
261;roundrobin;ssa;14.805020089;483;0.159;12.993;0.0468428353029938
362;roundrobin;SMA;2.218449680;224;0.036;17.891;0.0262853423085934
358;roundrobin;ssa;2.774407459;428;0.004;17.719;0.0450325086617828
360;roundrobin;ssa;2.518282423;574;0.05;17.843;0.0657184273159393
364;roundrobin;seadec;2.238598078;104;0.048;17.952;0.0200421445003984
265;roundrobin;seadec;14.762378616;62;0.006;13.073;0.00929623085818988
267;roundrobin;ssa;14.984783120;583;0.014;13.138;0.0657184273159393
368;roundrobin;SMA;2.095722298;216;0.106;18.176;0.0262853423085934
366;roundrobin;ssa;2.457629417;540;0.033;18.032;0.0656320663227048
370;roundrobin;seadec;2.080363128;128;0.017;18.212;0.0194549251238626
372;roundrobin;SMA;2.028421953;364;0.1;18.322;0.0400802183599336
374;roundrobin;SMA;1.931627963;206;0.07;18.421;0.0260920139484302
288;roundrobin;ssa;12.982763559;278;0.022;14.494;0.0351994025147571
273;roundrobin;seadec;15.097104584;64;0;13.429;0.00929623085818988
269;roundrobin;ssa;15.789869854;495;0.052;13.302;0.0468428353029938
376;roundrobin;ssa;2.225703903;314;0.023;18.463;0.0360930160445306
378;roundrobin;seadec;1.997963273;62;0.063;18.583;0.00929623085818988
275;roundrobin;ssa;15.498190071;440;0.317;13.841;0.0464705153781347
380;roundrobin;ssa;2.151502553;110;0.13;18.720;0.0189752485931269
382;roundrobin;SMA;1.990027476;181;0.009;18.826;0.027678078136308
277;roundrobin;SMA;15.646660021;228;0.006;14.043;0.0294444332989678
284;roundrobin;ssa;14.867257513;543;0.049;14.431;0.0639327156526897
384;roundrobin;ssa;2.236480877;579;0.013;18.864;0.0657184273159393
281;roundrobin;ssa;15.451471204;341;0.158;14.350;0.0377148729094167
386;roundrobin;SMA;2.056645779;411;0.009;19.024;0.0423559013427496
283;roundrobin;SMA;15.511954899;37;0.016;14.382;0.00572928357269349
286;roundrobin;seadec;15.618425241;87;0;14.449;0.0240361194750053
388;roundrobin;ssa;2.507647315;458;0.017;19.048;0.0462637861154206
390;roundrobin;ssa;2.575708812;573;0.002;19.077;0.0657184273159393
290;roundrobin;SMA;15.579625988;382;0.015;14.603;0.0385801680617862
303;roundrobin;ssa;14.036981588;242;0.052;15.301;0.034465109395276
392;roundrobin;ssa;2.748675101;559;0.003;19.113;0.0650104625049824
394;roundrobin;ssa;2.630296805;261;0.069;19.182;0.0351769567303275
396;roundrobin;ssa;2.541250129;555;0.114;19.353;0.0639327156526897
294;roundrobin;SMA;15.858924843;375;0.033;14.706;0.0400802183599336
398;roundrobin;seadec;2.296667787;153;0.077;19.458;0.0200366493973128
400;roundrobin;SMA;2.236531389;406;0.01;19.470;0.0423559013427496
292;roundrobin;ssa;16.080238229;544;0.052;14.659;0.0639327156526897
402;roundrobin;seadec;2.136405060;143;0.062;19.533;0.0196202016385114
404;roundrobin;ssa;2.323818977;106;0.118;19.686;0.0189752485931269
297;roundrobin;ssa;16.515075942;337;0.071;14.852;0.0377148729094167
301;roundrobin;SMA;16.001660228;239;0.183;15.144;0.0294444332989678
311;roundrobin;ssa;14.522735307;254;0.023;15.721;0.034465109395276
408;roundrobin;ssa;2.527238514;255;0.054;19.783;0.034465109395276
410;roundrobin;SMA;2.241803669;196;0.016;19.885;0.0260920139484302
406;roundrobin;ssa;2.727120025;584;0.032;19.719;0.0657184273159393
412;roundrobin;ssa;2.524963334;566;0.018;19.928;0.0650104625049824
299;roundrobin;ssa;17.083661640;491;0.026;14.940;0.0468428353029938
416;roundrobin;ssa;2.619009094;432;0.021;20.130;0.0450325086617828
418;roundrobin;ssa;2.459470433;112;0.039;20.191;0.0189752485931269
309;roundrobin;SMA;15.722328083;171;0.117;15.692;0.0303277073168743
420;roundrobin;seadec;2.184671859;59;0.078;20.305;0.00853866866997741
422;roundrobin;seadec;2.105651247;131;0.027;20.401;0.0194549251238626
414;roundrobin;seadec;3.074906210;52;0.113;20.056;0.00853866866997741
305;roundrobin;ssa;16.849724314;578;0.012;15.402;0.0657184273159393
424;roundrobin;SMA;1.981005606;38;0.01;20.665;0.00572928357269349
307;roundrobin;SMA;17.017912647;184;0.011;15.477;0.027678078136308
319;roundrobin;ssa;15.440106779;472;0.072;16.183;0.0463158279553995
426;roundrobin;ssa;2.132541155;578;0.012;20.686;0.0657184273159393
428;roundrobin;SMA;1.973338982;40;0.005;20.727;0.00572928357269349
317;roundrobin;SMA;16.015092910;4;0.033;16.096;0.00312822529954525
430;roundrobin;ssa;2.166105266;595;0.17;20.922;0.0658004472335592
432;roundrobin;seadec;1.997485803;46;0.044;20.987;0.00853866866997741
327;roundrobin;seadec;15.661579280;52;0.129;16.491;0.00853866866997741
315;roundrobin;SMA;16.993347853;12;0.168;16.031;0.00312822529954525
313;roundrobin;ssa;17.662065403;570;0.013;15.734;0.0650104625049824
434;roundrobin;ssa;2.387661536;450;0.033;21.061;0.0464705153781347
325;roundrobin;seadec;16.349510767;159;0.005;16.327;0.0200366493973128
436;roundrobin;SMA;2.029209483;17;0.157;21.341;0.0044156703260322
438;roundrobin;SMA;2.005238029;4;0.004;21.399;0.00312822529954525
335;roundrobin;SMA;15.865274330;220;0.001;16.723;0.0262853423085934
320;roundrobin;seadec;17.810400190;56;0.053;16.236;0.00853866866997741
440;roundrobin;ssa;2.446537480;477;0.039;21.449;0.0463158279553995
323;roundrobin;ssa;17.822770389;272;0.014;16.281;0.0351994025147571
333;roundrobin;ssa;17.002757536;342;0.024;16.668;0.0377148729094167
343;roundrobin;SMA;15.875872674;24;0.048;17.093;0.0044156703260322
329;roundrobin;seadec;17.856459994;80;0.003;16.527;0.0240361194750053
448;roundrobin;ssa;2.878068748;106;0.028;21.861;0.0189752485931269
442;roundrobin;ssa;3.477691004;427;0.061;21.611;0.0450325086617828
444;roundrobin;ssa;3.599363232;322;0.018;21.668;0.0369276456170677
331;roundrobin;ssa;18.252369661;107;0.066;16.610;0.0189752485931269
450;roundrobin;ssa;3.271508483;303;0.006;21.950;0.0360930160445306
446;roundrobin;ssa;3.717967109;462;0.041;21.748;0.0462637861154206
460;roundrobin;SMA;2.639569886;10;0.085;22.495;0.00312822529954525
351;roundrobin;ssa;16.605072597;273;0.004;17.336;0.0351994025147571
341;roundrobin;ssa;17.777301851;492;0.092;17.030;0.0468428353029938
452;roundrobin;ssa;3.908940596;433;0.007;22.042;0.0450325086617828
456;roundrobin;ssa;3.472463743;320;0.176;22.290;0.0369276456170677
337;roundrobin;ssa;18.668241026;430;0.068;16.801;0.0450325086617828
462;roundrobin;seadec;3.106101819;50;0.043;22.550;0.00853866866997741
466;roundrobin;SMA;2.549028540;373;0.013;22.752;0.0400802183599336
454;roundrobin;ssa;4.209327181;571;0.017;22.082;0.0657184273159393
339;roundrobin;ssa;18.909981802;281;0.003;16.919;0.0351994025147571
464;roundrobin;ssa;3.268875888;526;0.151;22.737;0.0656320663227048
349;roundrobin;SMA;17.933270037;172;0.054;17.329;0.0303277073168743
459;roundrobin;ssa;4.169246303;509;0.016;22.410;0.0472776063296307
468;roundrobin;SMA;3.083402938;201;0.054;22.893;0.0260920139484302
345;roundrobin;SMA;18.571763848;41;0.078;17.234;0.00572928357269349
359;roundrobin;ssa;17.075525516;517;0.074;17.793;0.0482841409439691
477;roundrobin;SMA;2.336945114;178;0.056;23.204;0.0303277073168743
347;roundrobin;SMA;18.886035894;180;0.012;17.271;0.0303277073168743
479;roundrobin;seadec;2.329595662;104;0.008;23.225;0.0200421445003984
475;roundrobin;SMA;3.156844536;19;0.055;23.086;0.0044156703260322
482;roundrobin;SMA;2.338238279;43;0.005;23.306;0.00572928357269349
357;roundrobin;seadec;17.986150123;55;0.146;17.715;0.00853866866997741
473;roundrobin;ssa;3.440514624;312;0.054;23.030;0.0360930160445306
470;roundrobin;ssa;3.981990904;332;0.025;22.919;0.0377148729094167
484;roundrobin;seadec;2.496496800;78;0.032;23.362;0.0240361194750053
471;roundrobin;ssa;3.978555473;553;0.039;22.958;0.0639327156526897
367;roundrobin;SMA;17.325226901;205;0.038;18.070;0.0260920139484302
353;roundrobin;ssa;19.407538312;326;0.066;17.423;0.0369276456170677
489;roundrobin;seadec;2.959900847;46;0.02;23.510;0.00853866866997741
487;roundrobin;SMA;3.216311344;355;0.046;23.467;0.0427559244477954
355;roundrobin;ssa;19.916125889;498;0.053;17.556;0.0472776063296307
375;roundrobin;seadec;17.474925252;47;0.019;18.440;0.00853866866997741
365;roundrobin;ssa;18.852501915;111;0.047;17.999;0.0189752485931269
499;roundrobin;SMA;2.409232031;27;0.055;23.875;0.0044156703260322
493;roundrobin;ssa;3.098551960;532;0.115;23.725;0.0656320663227048
501;roundrobin;seadec;2.389065310;127;0.001;23.878;0.0194549251238626
491;roundrobin;ssa;3.609023727;283;0.065;23.602;0.0351994025147571
497;roundrobin;ssa;3.019723255;550;0.014;23.798;0.0639327156526897
495;roundrobin;ssa;3.223779256;258;0.005;23.748;0.0351769567303275
504;roundrobin;SMA;2.449807853;26;0.019;23.989;0.0044156703260322
361;roundrobin;ssa;20.039742493;345;0.012;17.855;0.0377148729094167
373;roundrobin;seadec;18.754856786;122;0.029;18.351;0.0194549251238626
383;roundrobin;seadec;17.231647013;131;0.025;18.851;0.0194549251238626
506;roundrobin;ssa;2.395972074;578;0.104;24.237;0.0657184273159393
508;roundrobin;SMA;2.449641292;391;0.037;24.338;0.0386866425310276
363;roundrobin;ssa;20.484063325;571;0.013;17.904;0.0657184273159393
510;roundrobin;ssa;2.386174191;319;0.008;24.415;0.0369276456170677
369;roundrobin;SMA;20.233147422;194;0.019;18.195;0.027678078136308
514;roundrobin;SMA;2.132119770;395;0.051;24.793;0.0386866425310276
512;roundrobin;ssa;2.520978872;446;0.036;24.682;0.0464705153781347
517;roundrobin;SMA;2.075736296;184;0.008;24.890;0.027678078136308
515;roundrobin;ssa;2.433662581;467;0.031;24.824;0.0463158279553995
391;roundrobin;ssa;17.994737685;292;0.033;19.110;0.0354027676498525
381;roundrobin;ssa;19.202140985;446;0.097;18.817;0.0464705153781347
371;roundrobin;ssa;21.290983266;435;0.01;18.222;0.0450325086617828
519;roundrobin;ssa;2.370894884;445;0.329;25.270;0.0464705153781347
520;roundrobin;ssa;2.430348502;580;0.107;25.377;0.0657184273159393
377;roundrobin;ssa;20.902992430;271;0.057;18.520;0.0351994025147571
389;roundrobin;SMA;19.304990443;420;0.027;19.075;0.0423559013427496
522;roundrobin;ssa;2.335147987;536;0.242;25.742;0.0656320663227048
524;roundrobin;SMA;2.056788043;32;0.105;25.899;0.00572928357269349
399;roundrobin;ssa;18.641084269;328;0.002;19.460;0.0369276456170677
379;roundrobin;ssa;21.614939470;108;0.007;18.590;0.0189752485931269
397;roundrobin;seadec;19.478359395;144;0.028;19.381;0.0196202016385114
526;roundrobin;ssa;2.609689233;464;0.084;26.202;0.0462637861154206
531;roundrobin;seadec;2.201178519;132;0.071;26.467;0.0194549251238626
529;roundrobin;ssa;2.662484351;471;0.039;26.301;0.0463158279553995
385;roundrobin;ssa;21.228290700;321;0.151;19.015;0.0369276456170677
533;roundrobin;seadec;2.144471824;164;0.112;26.658;0.0200366493973128
387;roundrobin;SMA;21.443389178;206;0.007;19.031;0.0260920139484302
407;roundrobin;ssa;19.443037992;341;0.01;19.729;0.0377148729094167
528;roundrobin;ssa;3.654600442;497;0.027;26.262;0.0472776063296307
539;roundrobin;seadec;2.186944743;124;0.181;27.153;0.0194549251238626
536;roundrobin;ssa;2.756166450;246;0.029;26.846;0.034465109395276
393;roundrobin;seadec;21.736332160;47;0;19.113;0.00853866866997741
541;roundrobin;SMA;2.199313910;43;0.02;27.213;0.00572928357269349
543;roundrobin;seadec;2.289525338;79;0.001;27.225;0.0240361194750053
405;roundrobin;ssa;20.403881819;522;0.001;19.687;0.0482841409439691
547;roundrobin;SMA;2.195873478;347;0.056;27.345;0.0427559244477954
545;roundrobin;ssa;2.479676959;576;0.042;27.289;0.0657184273159393
548;roundrobin;SMA;2.245855245;172;0.079;27.424;0.0303277073168743
415;roundrobin;seadec;19.728887084;103;0.053;20.109;0.0200421445003984
395;roundrobin;ssa;22.206701741;245;0.057;19.239;0.034465109395276
550;roundrobin;ssa;2.524304668;559;0.016;27.465;0.0650104625049824
552;roundrobin;SMA;2.174610036;216;0.103;27.615;0.0262853423085934
556;roundrobin;SMA;2.194261721;22;0.003;27.695;0.0044156703260322
554;roundrobin;ssa;2.424575448;560;0.049;27.666;0.0650104625049824
413;roundrobin;SMA;20.877782071;34;0.015;19.943;0.00572928357269349
558;roundrobin;seadec;2.122482264;46;0.014;27.799;0.00853866866997741
423;roundrobin;SMA;19.654712398;33;0.254;20.655;0.00572928357269349
561;roundrobin;seadec;1.966920923;83;0.221;28.036;0.0240361194750053
401;roundrobin;ssa;22.852723734;598;0.001;19.471;0.0658004472335592
563;roundrobin;seadec;1.940983763;99;0.039;28.132;0.0200421445003984
565;roundrobin;SMA;1.887690516;371;0.082;28.259;0.0400802183599336
559;roundrobin;seadec;2.941278665;140;0.009;27.808;0.0196202016385114
421;roundrobin;SMA;21.052340143;180;0.069;20.374;0.0303277073168743
403;roundrobin;ssa;23.266870686;487;0.035;19.568;0.0468428353029938
569;roundrobin;seadec;1.897634695;93;0.201;28.626;0.0200421445003984
409;roundrobin;SMA;22.856587138;418;0.086;19.869;0.0423559013427496
571;roundrobin;ssa;2.144365017;551;0.02;28.657;0.0639327156526897
573;roundrobin;SMA;1.985220767;369;0.074;28.761;0.0400802183599336
431;roundrobin;ssa;20.561990808;445;0.021;20.943;0.0464705153781347
575;roundrobin;SMA;2.070019672;196;0.007;28.851;0.0260920139484302
411;roundrobin;SMA;23.429737171;38;0.025;19.910;0.00572928357269349
577;roundrobin;SMA;1.996484947;216;0.05;28.905;0.0262853423085934
417;roundrobin;SMA;23.301647717;347;0.022;20.152;0.0427559244477954
429;roundrobin;ssa;21.738067139;585;0.025;20.752;0.0657184273159393
579;roundrobin;ssa;2.461961368;593;0.028;28.938;0.0658004472335592
582;roundrobin;ssa;2.616750279;311;0.096;29.089;0.0360930160445306
588;roundrobin;SMA;2.277884104;416;0;29.210;0.0423559013427496
591;roundrobin;SMA;2.282810233;237;0.015;29.267;0.0294444332989678
439;roundrobin;ssa;21.061475332;535;0.011;21.410;0.0656320663227048
425;roundrobin;seadec;23.184664774;140;0.009;20.674;0.0196202016385114
584;roundrobin;ssa;2.829341880;470;0.003;29.130;0.0463158279553995
437;roundrobin;seadec;21.400660314;69;0.054;21.395;0.00929623085818988
419;roundrobin;ssa;24.280861487;302;0.036;20.227;0.0360930160445306
595;roundrobin;SMA;2.154383118;7;0.038;29.390;0.00312822529954525
581;roundrobin;ssa;3.472288804;245;0.041;28.993;0.034465109395276
586;roundrobin;SMA;3.139748818;23;0.061;29.209;0.0044156703260322
433;roundrobin;SMA;23.188452935;229;0.041;21.028;0.0294444332989678
427;roundrobin;seadec;24.218443636;53;0.036;20.722;0.00853866866997741
600;roundrobin;seadec;2.132123705;123;0.086;29.897;0.0194549251238626
447;roundrobin;seadec;21.430165662;62;0.085;21.833;0.00929623085818988
589;roundrobin;ssa;3.680154103;263;0.008;29.218;0.0351769567303275
445;roundrobin;ssa;22.310625489;431;0.039;21.707;0.0450325086617828
607;roundrobin;SMA;2.185655790;171;0.046;30.093;0.0303277073168743
441;roundrobin;SMA;22.905340077;175;0.101;21.550;0.0303277073168743
455;roundrobin;seadec;21.697687843;78;0.032;22.114;0.0240361194750053
435;roundrobin;SMA;24.065269881;350;0.123;21.184;0.0427559244477954
609;roundrobin;SMA;2.308089852;34;0.098;30.206;0.00572928357269349
604;roundrobin;ssa;3.186983938;438;0.053;30.017;0.0464705153781347
568;roundrobin;ssa;7.208869138;339;0.107;28.425;0.0377148729094167
612;roundrobin;seadec;2.335043251;70;0.005;30.268;0.00929623085818988
606;roundrobin;ssa;3.052437540;281;0.009;30.047;0.0351994025147571
598;roundrobin;ssa;3.857557797;590;0.089;29.777;0.0658004472335592
453;roundrobin;SMA;22.612865691;364;0.023;22.065;0.0400802183599336
443;roundrobin;SMA;23.940438598;360;0.039;21.650;0.0427559244477954
610;roundrobin;ssa;3.240511544;466;0.056;30.262;0.0463158279553995
622;roundrobin;SMA;2.295567661;39;0.065;30.683;0.00572928357269349
463;roundrobin;ssa;22.354753337;269;0.036;22.586;0.0351769567303275
449;roundrobin;ssa;23.902624314;328;0.083;21.944;0.0369276456170677
614;roundrobin;ssa;3.501618654;446;0.011;30.364;0.0464705153781347
618;roundrobin;ssa;3.352756856;249;0.008;30.533;0.034465109395276
451;roundrobin;SMA;24.312231675;4;0.085;22.035;0.00312822529954525
626;roundrobin;seadec;2.633475733;63;0.006;30.864;0.00929623085818988
461;roundrobin;ssa;23.394602647;301;0.012;22.507;0.0360930160445306
620;roundrobin;ssa;3.397515780;321;0.036;30.615;0.0369276456170677
616;roundrobin;ssa;4.024648056;456;0.095;30.459;0.0462637861154206
472;roundrobin;seadec;22.242116704;91;0.018;22.976;0.0200421445003984
457;roundrobin;SMA;24.229034055;395;0.001;22.291;0.0386866425310276
624;roundrobin;ssa;3.383881945;443;0.025;30.793;0.0464705153781347
634;roundrobin;SMA;2.347224297;178;0.012;31.509;0.0303277073168743
630;roundrobin;ssa;2.947206370;554;0.003;31.204;0.0639327156526897
628;roundrobin;ssa;3.189188992;548;0.134;31.116;0.0639327156526897
458;roundrobin;SMA;24.696235318;220;0.103;22.394;0.0262853423085934
636;roundrobin;SMA;2.316433493;19;0.018;31.592;0.0044156703260322
632;roundrobin;SMA;3.043367593;202;0.008;31.218;0.0260920139484302
638;roundrobin;ssa;2.271581979;515;0.052;31.830;0.0482841409439691
465;roundrobin;SMA;24.195331146;216;0.002;22.739;0.0262853423085934
640;roundrobin;SMA;2.181465280;227;0.014;31.902;0.0294444332989678
469;roundrobin;ssa;24.007003517;290;0.001;22.894;0.0354027676498525
480;roundrobin;ssa;22.930474368;502;0.022;23.247;0.0472776063296307
467;roundrobin;seadec;24.569352444;83;0.087;22.839;0.0240361194750053
642;roundrobin;ssa;2.361084131;571;0.02;32.063;0.0657184273159393
644;roundrobin;ssa;2.382699336;302;0.001;32.096;0.0360930160445306
646;roundrobin;SMA;2.127643143;215;0.043;32.257;0.0262853423085934
478;roundrobin;SMA;23.889325075;416;0.013;23.217;0.0423559013427496
648;roundrobin;ssa;2.415400238;522;0.02;32.322;0.0482841409439691
651;roundrobin;SMA;2.028632352;43;0.009;32.585;0.00572928357269349
474;roundrobin;ssa;24.763702138;312;0.001;23.031;0.0360930160445306
476;roundrobin;seadec;24.582536190;63;0.062;23.148;0.00929623085818988
655;roundrobin;SMA;1.926760607;35;0.008;32.838;0.00572928357269349
488;roundrobin;ssa;23.818481364;572;0.023;23.490;0.0657184273159393
653;roundrobin;ssa;2.181343350;248;0.109;32.761;0.034465109395276
656;roundrobin;seadec;1.984579397;78;0.019;32.857;0.0240361194750053
485;roundrobin;seadec;24.479173037;88;0.001;23.363;0.0240361194750053
658;roundrobin;SMA;1.977269681;368;0.019;33.097;0.0400802183599336
481;roundrobin;seadec;24.995181292;151;0.054;23.301;0.0200366493973128
661;roundrobin;SMA;1.892648104;397;0.046;33.173;0.0386866425310276
663;roundrobin;SMA;1.922652114;403;0.046;33.243;0.0386866425310276
664;roundrobin;ssa;2.388859986;331;0.027;33.270;0.0377148729094167
494;roundrobin;SMA;24.415477257;33;0.018;23.743;0.00572928357269349
483;roundrobin;ssa;25.774736112;494;0.024;23.330;0.0468428353029938
496;roundrobin;ssa;24.467963306;540;0.036;23.784;0.0656320663227048
666;roundrobin;ssa;2.377346049;539;0.033;33.424;0.0656320663227048
669;roundrobin;SMA;2.138776032;362;0.039;33.499;0.0400802183599336
673;roundrobin;SMA;2.111178962;25;0.041;33.661;0.0044156703260322
671;roundrobin;ssa;2.369160838;564;0.004;33.554;0.0650104625049824
490;roundrobin;ssa;25.921283674;255;0.027;23.537;0.034465109395276
676;roundrobin;SMA;2.018760449;19;0.069;33.778;0.0044156703260322
503;roundrobin;seadec;24.661708178;149;0.07;23.970;0.0196202016385114
492;roundrobin;seadec;25.979352976;77;0.008;23.610;0.0240361194750053
505;roundrobin;SMA;24.504020640;27;0.144;24.133;0.0044156703260322
679;roundrobin;ssa;2.215887573;542;0.03;33.933;0.0639327156526897
681;roundrobin;SMA;1.983623633;226;0.029;34.047;0.0294444332989678
677;roundrobin;SMA;2.481764705;213;0.083;33.861;0.0262853423085934
498;roundrobin;SMA;25.940325342;403;0.022;23.820;0.0386866425310276
685;roundrobin;seadec;2.044850082;96;0.03;34.168;0.0200421445003984
511;roundrobin;SMA;24.332846813;192;0.231;24.646;0.027678078136308
675;roundrobin;ssa;3.362309436;300;0.032;33.709;0.0354027676498525
687;roundrobin;seadec;2.022307288;87;0.034;34.339;0.0240361194750053
689;roundrobin;SMA;2.005881246;25;0.022;34.478;0.0044156703260322
500;roundrobin;ssa;26.774769239;460;0.002;23.877;0.0462637861154206
690;roundrobin;ssa;2.276414373;253;0.009;34.487;0.034465109395276
507;roundrobin;seadec;25.930304883;148;0.064;24.301;0.0196202016385114
513;roundrobin;ssa;24.920216935;492;0.06;24.742;0.0468428353029938
692;roundrobin;ssa;2.314950161;331;0.074;34.764;0.0377148729094167
694;roundrobin;seadec;2.073991137;139;0.041;34.926;0.0196202016385114
696;roundrobin;seadec;2.004167171;67;0.05;34.983;0.00929623085818988
518;roundrobin;ssa;25.084853683;282;0.051;24.941;0.0351994025147571
486;roundrobin;seadec;29.537819048;46;0.058;23.421;0.00853866866997741
698;roundrobin;ssa;2.547163504;439;0.039;35.035;0.0464705153781347
700;roundrobin;ssa;2.385299235;572;0.074;35.128;0.0657184273159393
509;roundrobin;SMA;27.526701842;186;0.069;24.407;0.027678078136308
502;roundrobin;ssa;28.588194417;478;0.022;23.900;0.0463158279553995
706;roundrobin;seadec;2.201388290;104;0.029;35.392;0.0200421445003984
525;roundrobin;seadec;24.338877237;146;0.219;26.118;0.0196202016385114
702;roundrobin;ssa;2.726431934;436;0.026;35.185;0.0464705153781347
527;roundrobin;SMA;24.341705499;409;0.033;26.235;0.0423559013427496
708;roundrobin;seadec;2.185340144;104;0.053;35.516;0.0200421445003984
704;roundrobin;ssa;2.650289136;540;0.113;35.348;0.0656320663227048
710;roundrobin;seadec;2.141451193;86;0.089;35.653;0.0240361194750053
521;roundrobin;ssa;25.934881924;108;0.123;25.500;0.0189752485931269
712;roundrobin;ssa;2.300604896;517;0.011;35.743;0.0482841409439691
534;roundrobin;SMA;24.148079108;360;0.157;26.815;0.0427559244477954
716;roundrobin;SMA;2.045796836;418;0.007;36.063;0.0423559013427496
714;roundrobin;ssa;2.294059525;285;0.107;36.028;0.0351994025147571
516;roundrobin;ssa;28.064177243;281;0.058;24.882;0.0351994025147571
718;roundrobin;ssa;2.268552672;506;0.026;36.140;0.0472776063296307
720;roundrobin;SMA;2.109448319;234;0.024;36.235;0.0294444332989678
722;roundrobin;SMA;2.035734791;3;0.024;36.282;0.00312822529954525
535;roundrobin;ssa;25.123438676;477;0.002;26.817;0.0463158279553995
724;roundrobin;SMA;2.014350001;376;0.024;36.345;0.0385801680617862
530;roundrobin;seadec;26.015321402;83;0.095;26.396;0.0240361194750053
726;roundrobin;ssa;2.209784639;554;0.041;36.494;0.0639327156526897
523;roundrobin;SMA;27.550886657;363;0.052;25.794;0.0400802183599336
542;roundrobin;ssa;24.903020473;279;0.011;27.224;0.0351994025147571
728;roundrobin;ssa;2.406873093;449;0.001;36.562;0.0464705153781347
730;roundrobin;SMA;2.095027855;12;0.177;36.748;0.00312822529954525
538;roundrobin;ssa;25.814095149;106;0.107;26.972;0.0189752485931269
732;roundrobin;SMA;2.050457618;236;0.032;36.793;0.0294444332989678
734;roundrobin;SMA;1.982219640;19;0.073;36.921;0.0044156703260322
532;roundrobin;SMA;27.325419524;401;0.079;26.546;0.0386866425310276
549;roundrobin;seadec;25.419389857;77;0.025;27.449;0.0240361194750053
544;roundrobin;ssa;25.901951657;434;0.022;27.247;0.0450325086617828
736;roundrobin;ssa;2.196967858;297;0.055;37.095;0.0354027676498525
546;roundrobin;SMA;26.222593412;214;0;27.289;0.0262853423085934
738;roundrobin;ssa;2.305285658;551;0.183;37.289;0.0639327156526897
742;roundrobin;seadec;2.091756789;62;0.02;37.535;0.00929623085818988
551;roundrobin;seadec;26.352156005;47;0.047;27.512;0.00853866866997741
740;roundrobin;ssa;2.466216986;450;0.014;37.450;0.0464705153781347
744;roundrobin;SMA;2.066873595;235;0;37.599;0.0294444332989678
747;roundrobin;seadec;1.967645074;57;0.032;37.823;0.00853866866997741
557;roundrobin;ssa;26.062240830;564;0.09;27.785;0.0650104625049824
540;roundrobin;ssa;27.914193840;488;0.04;27.193;0.0468428353029938
749;roundrobin;ssa;2.410888789;336;0.025;37.877;0.0377148729094167
560;roundrobin;SMA;26.471383862;210;0.007;27.815;0.0260920139484302
553;roundrobin;ssa;27.196033212;427;0.002;27.617;0.0450325086617828
752;roundrobin;seadec;2.038861413;156;0.118;38.176;0.0200366493973128
566;roundrobin;SMA;26.000951181;8;0.019;28.278;0.00312822529954525
756;roundrobin;SMA;2.061355941;181;0.003;38.332;0.027678078136308
751;roundrobin;SMA;2.627311366;365;0.074;38.058;0.0400802183599336
754;roundrobin;ssa;2.284242002;287;0.06;38.328;0.0354027676498525
758;roundrobin;seadec;2.005429336;54;0.046;38.403;0.00853866866997741
562;roundrobin;SMA;27.098649199;352;0.057;28.093;0.0427559244477954
567;roundrobin;SMA;26.668304919;185;0.04;28.318;0.027678078136308
537;roundrobin;ssa;30.119386306;589;0.019;26.865;0.0658004472335592
760;roundrobin;ssa;2.474389671;324;0.083;38.508;0.0369276456170677
762;roundrobin;ssa;2.471924371;508;0.083;38.593;0.0472776063296307
766;roundrobin;SMA;2.183639803;40;0.021;38.752;0.00572928357269349
576;roundrobin;SMA;26.354323307;3;0.004;28.855;0.00312822529954525
570;roundrobin;SMA;27.018798050;388;0.011;28.637;0.0385801680617862
574;roundrobin;ssa;26.497845396;482;0.083;28.844;0.0468428353029938
770;roundrobin;SMA;2.013140435;349;0.026;38.860;0.0427559244477954
768;roundrobin;ssa;2.445242009;422;0.058;38.810;0.0450325086617828
772;roundrobin;ssa;2.319714341;547;0.036;38.933;0.0639327156526897
555;roundrobin;ssa;29.945546664;560;0.026;27.692;0.0650104625049824
776;roundrobin;SMA;2.167298192;417;0.036;39.054;0.0423559013427496
774;roundrobin;ssa;2.619992812;298;0.037;38.988;0.0354027676498525
578;roundrobin;seadec;27.373258526;80;0.005;28.910;0.0240361194750053
587;roundrobin;seadec;26.536209545;49;0.001;29.210;0.00853866866997741
583;roundrobin;SMA;26.818769465;210;0.038;29.127;0.0260920139484302
779;roundrobin;ssa;2.250031686;117;0.101;39.249;0.0189752485931269
781;roundrobin;ssa;2.371966740;299;0.002;39.254;0.0354027676498525
564;roundrobin;SMA;30.011264505;2;0.045;28.177;0.00312822529954525
783;roundrobin;ssa;2.528609424;431;0.035;39.299;0.0450325086617828
585;roundrobin;SMA;27.839943865;392;0.018;29.148;0.0386866425310276
594;roundrobin;SMA;27.180426900;365;0.072;29.352;0.0400802183599336
789;roundrobin;seadec;2.235016202;164;0.085;39.523;0.0200366493973128
785;roundrobin;ssa;2.814357370;467;0.017;39.316;0.0463158279553995
787;roundrobin;ssa;2.561953215;118;0.028;39.363;0.0189752485931269
778;roundrobin;SMA;3.607418948;9;0.035;39.148;0.00312822529954525
590;roundrobin;ssa;27.950138650;519;0.034;29.252;0.0482841409439691
792;roundrobin;seadec;2.068479028;91;0.034;39.621;0.0200421445003984
572;roundrobin;SMA;29.897868537;396;0.03;28.687;0.0386866425310276
794;roundrobin;SMA;1.979772865;20;0.099;39.771;0.0044156703260322
599;roundrobin;seadec;27.426114210;121;0.034;29.811;0.0194549251238626
602;roundrobin;SMA;27.132416592;383;0.002;29.925;0.0385801680617862
796;roundrobin;ssa;2.248237697;323;0.086;39.876;0.0369276456170677
596;roundrobin;SMA;28.158327815;357;0.266;29.656;0.0427559244477954
580;roundrobin;SMA;30.244193550;217;0.014;28.952;0.0262853423085934
798;roundrobin;ssa;2.470339367;335;0.15;40.139;0.0377148729094167
802;roundrobin;seadec;2.183818604;89;0.025;40.261;0.0240361194750053
608;roundrobin;seadec;27.419318491;57;0.015;30.108;0.00853866866997741
597;roundrobin;SMA;28.795055525;234;0.032;29.688;0.0294444332989678
800;roundrobin;ssa;2.622320544;472;0.059;40.233;0.0463158279553995
804;roundrobin;ssa;2.468283735;534;0.003;40.275;0.0656320663227048
806;roundrobin;SMA;2.214316031;371;0.108;40.393;0.0400802183599336
808;roundrobin;ssa;2.373081972;241;0.085;40.522;0.034465109395276
810;roundrobin;seadec;2.040012089;160;0.092;40.726;0.0200366493973128
812;roundrobin;SMA;2.021694789;232;0.088;40.929;0.0294444332989678
603;roundrobin;ssa;29.304153247;440;0.039;29.964;0.0464705153781347
814;roundrobin;seadec;1.957353553;131;0.063;41.070;0.0194549251238626
593;roundrobin;ssa;31.001241004;296;0.01;29.280;0.0354027676498525
615;roundrobin;ssa;28.612130427;517;0;30.364;0.0482841409439691
816;roundrobin;ssa;2.127253042;547;0.133;41.292;0.0639327156526897
613;roundrobin;ssa;29.029410722;489;0.085;30.353;0.0468428353029938
818;roundrobin;SMA;2.003159007;227;0.03;41.405;0.0294444332989678
601;roundrobin;SMA;30.618909847;360;0.026;29.923;0.0427559244477954
820;roundrobin;seadec;1.996145448;135;0.047;41.557;0.0194549251238626
822;roundrobin;ssa;2.102528205;599;0.056;41.619;0.0658004472335592
623;roundrobin;SMA;28.911124738;199;0.085;30.768;0.0260920139484302
824;roundrobin;ssa;2.382632941;117;0.007;41.703;0.0189752485931269
823;roundrobin;ssa;2.483674905;560;0.077;41.696;0.0650104625049824
826;roundrobin;SMA;2.140122515;168;0.113;41.867;0.0303277073168743
592;roundrobin;ssa;33.466440687;444;0.003;29.270;0.0464705153781347
621;roundrobin;SMA;29.981538668;44;0.003;30.618;0.00572928357269349
828;roundrobin;ssa;2.445713529;255;0.028;41.928;0.034465109395276
830;roundrobin;ssa;2.451192614;328;0.009;41.942;0.0369276456170677
833;roundrobin;SMA;2.074370919;37;0.036;42.023;0.00572928357269349
617;roundrobin;SMA;30.755315227;182;0.066;30.525;0.027678078136308
841;roundrobin;SMA;2.037797988;216;0.013;42.323;0.0262853423085934
832;roundrobin;ssa;3.233225340;504;0.013;41.987;0.0472776063296307
631;roundrobin;seadec;29.993283519;87;0.006;31.210;0.0240361194750053
836;roundrobin;ssa;2.746646972;259;0.003;42.169;0.0351769567303275
838;roundrobin;SMA;2.566074168;386;0.07;42.245;0.0385801680617862
834;roundrobin;ssa;3.415840345;338;0.05;42.073;0.0377148729094167
629;roundrobin;SMA;30.745046682;415;0.085;31.201;0.0423559013427496
844;roundrobin;ssa;2.370522808;309;0.052;42.527;0.0360930160445306
846;roundrobin;SMA;2.047743850;197;0.072;42.768;0.0260920139484302
848;roundrobin;SMA;1.985854123;188;0.126;42.978;0.027678078136308
850;roundrobin;seadec;1.888089480;75;0.105;43.148;0.00929623085818988
605;roundrobin;seadec;34.758765501;68;0.021;30.038;0.00929623085818988
625;roundrobin;ssa;32.845919787;427;0.065;30.858;0.0450325086617828
852;roundrobin;ssa;2.295009828;118;0.052;43.206;0.0189752485931269
854;roundrobin;ssa;2.269416889;529;0.013;43.223;0.0656320663227048
856;roundrobin;SMA;2.063521126;21;0.024;43.309;0.0044156703260322
637;roundrobin;SMA;31.748607140;419;0.186;31.778;0.0423559013427496
639;roundrobin;ssa;31.519760274;518;0.058;31.888;0.0482841409439691
858;roundrobin;ssa;2.414424409;480;0.066;43.410;0.0463158279553995
860;roundrobin;seadec;1.976606753;74;0.059;43.681;0.00929623085818988
862;roundrobin;ssa;2.264122663;304;0.209;43.921;0.0360930160445306
864;roundrobin;ssa;2.205984551;253;0.06;44.015;0.034465109395276
611;roundrobin;ssa;36.619883876;559;0.001;30.263;0.0650104625049824
645;roundrobin;seadec;32.205878438;73;0.118;32.214;0.00929623085818988
647;roundrobin;SMA;32.002352062;1;0.045;32.302;0.00312822529954525
868;roundrobin;SMA;2.106667508;5;0.019;44.121;0.00312822529954525
866;roundrobin;ssa;2.285723840;506;0.016;44.093;0.0472776063296307
633;roundrobin;ssa;34.307592151;515;0.279;31.497;0.0482841409439691
870;roundrobin;ssa;2.376611543;336;0.009;44.172;0.0377148729094167
619;roundrobin;SMA;36.787819329;36;0.046;30.579;0.00572928357269349
873;roundrobin;ssa;2.616888745;470;0.021;44.327;0.0463158279553995
875;roundrobin;ssa;2.386111120;558;0.072;44.402;0.0650104625049824
877;roundrobin;SMA;2.108892051;377;0.105;44.538;0.0385801680617862
641;roundrobin;SMA;34.377277406;400;0.141;32.043;0.0386866425310276
649;roundrobin;ssa;33.420352991;506;0.027;32.349;0.0472776063296307
872;roundrobin;SMA;3.076279540;189;0.085;44.306;0.027678078136308
654;roundrobin;ssa;32.683137855;585;0.069;32.830;0.0657184273159393
879;roundrobin;ssa;2.362564559;425;0.023;44.618;0.0450325086617828
882;roundrobin;SMA;2.102323589;367;0.077;44.788;0.0400802183599336
884;roundrobin;SMA;1.978603402;193;0.084;44.917;0.027678078136308
886;roundrobin;SMA;1.929319283;201;0.016;44.967;0.0260920139484302
650;roundrobin;SMA;34.213527015;16;0.227;32.576;0.0044156703260322
889;roundrobin;ssa;2.240623799;290;0.033;45.125;0.0354027676498525
627;roundrobin;ssa;38.133121251;562;0.118;30.982;0.0650104625049824
659;roundrobin;ssa;33.808358130;563;0.029;33.126;0.0650104625049824
891;roundrobin;ssa;2.261776856;336;0.079;45.236;0.0377148729094167
893;roundrobin;seadec;2.049290029;51;0.049;45.354;0.00853866866997741
662;roundrobin;ssa;33.735343401;445;0.024;33.197;0.0464705153781347
657;roundrobin;seadec;34.524084144;126;0.221;33.078;0.0194549251238626
888;roundrobin;ssa;3.342385851;475;0.05;45.092;0.0463158279553995
635;roundrobin;SMA;38.209267565;367;0.065;31.574;0.0400802183599336
672;roundrobin;SMA;33.459762328;195;0.066;33.620;0.027678078136308
900;roundrobin;SMA;2.047106843;399;0.015;45.987;0.0386866425310276
898;roundrobin;ssa;2.319691206;271;0.127;45.908;0.0351994025147571
902;roundrobin;ssa;2.384144075;512;0.086;46.094;0.0482841409439691
670;roundrobin;ssa;34.529456984;434;0.051;33.550;0.0450325086617828
905;roundrobin;seadec;2.206454349;47;0.017;46.121;0.00853866866997741
680;roundrobin;SMA;33.626735162;393;0.085;34.018;0.0386866425310276
665;roundrobin;ssa;35.570140269;463;0.121;33.391;0.0462637861154206
903;roundrobin;ssa;2.833452656;450;0.003;46.097;0.0464705153781347
908;roundrobin;SMA;2.297152773;220;0.099;46.288;0.0262853423085934
643;roundrobin;ssa;38.600337578;254;0.032;32.095;0.034465109395276
910;roundrobin;seadec;2.272905235;62;0.138;46.429;0.00929623085818988
906;roundrobin;ssa;2.881127372;494;0.031;46.152;0.0468428353029938
912;roundrobin;SMA;2.230578455;31;0.025;46.515;0.00572928357269349
678;roundrobin;SMA;34.773966745;205;0.042;33.903;0.0260920139484302
915;roundrobin;SMA;2.052407577;199;0.011;46.679;0.0260920139484302
688;roundrobin;seadec;33.741390679;124;0.117;34.456;0.0194549251238626
917;roundrobin;ssa;2.399270712;496;0.015;46.884;0.0472776063296307
919;roundrobin;ssa;2.287783344;571;0.029;46.926;0.0657184273159393
921;roundrobin;SMA;2.073479113;394;0.035;47.027;0.0386866425310276
674;roundrobin;ssa;36.348715238;552;0.016;33.677;0.0639327156526897
652;roundrobin;ssa;38.940082802;526;0.067;32.652;0.0656320663227048
922;roundrobin;SMA;2.045411432;383;0.069;47.096;0.0385801680617862
695;roundrobin;SMA;33.948965547;210;0.007;34.933;0.0260920139484302
924;roundrobin;SMA;1.917329168;416;0.134;47.290;0.0423559013427496
686;roundrobin;ssa;35.450018528;304;0.137;34.305;0.0360930160445306
928;roundrobin;seadec;2.010928964;104;0.024;47.411;0.0200421445003984
926;roundrobin;ssa;2.286070123;260;0.054;47.377;0.0351769567303275
660;roundrobin;SMA;39.048648797;183;0.001;33.127;0.027678078136308
703;roundrobin;seadec;34.147549252;163;0.05;35.235;0.0200366493973128
930;roundrobin;ssa;2.254640612;325;0.005;47.527;0.0369276456170677
683;roundrobin;ssa;36.936702064;575;0.049;34.098;0.0657184273159393
693;roundrobin;seadec;35.505990610;133;0.121;34.885;0.0194549251238626
932;roundrobin;ssa;2.319410209;331;0.072;47.609;0.0377148729094167
934;roundrobin;SMA;2.077212305;418;0.058;47.668;0.0423559013427496
937;roundrobin;SMA;1.878960125;42;0.014;48.159;0.00572928357269349
667;roundrobin;ssa;39.840469280;286;0.026;33.450;0.0354027676498525
711;roundrobin;ssa;34.960132017;425;0.079;35.732;0.0450325086617828
939;roundrobin;ssa;2.464722967;255;0.016;48.191;0.034465109395276
682;roundrobin;ssa;38.819732968;544;0.002;34.049;0.0639327156526897
701;roundrobin;ssa;36.341174629;317;0.031;35.159;0.0369276456170677
941;roundrobin;SMA;2.067977992;42;0.13;48.406;0.00572928357269349
936;roundrobin;ssa;3.799987680;555;0.165;48.145;0.0639327156526897
697;roundrobin;SMA;37.853021012;177;0.013;34.996;0.0303277073168743
719;roundrobin;seadec;34.952358331;102;0.071;36.211;0.0200421445003984
709;roundrobin;SMA;36.411545927;221;0.048;35.564;0.0262853423085934
668;roundrobin;ssa;41.452727970;336;0.01;33.460;0.0377148729094167
950;roundrobin;seadec;2.232199558;99;0.127;48.701;0.0200421445003984
946;roundrobin;ssa;3.057309730;578;0.002;48.463;0.0657184273159393
943;roundrobin;ssa;3.395828202;460;0.012;48.426;0.0462637861154206
954;roundrobin;SMA;2.361514973;193;0.061;48.816;0.027678078136308
948;roundrobin;ssa;3.425141070;429;0.031;48.517;0.0450325086617828
956;roundrobin;SMA;2.338674025;377;0.085;48.974;0.0385801680617862
952;roundrobin;ssa;3.051295064;256;0.015;48.723;0.0351769567303275
705;roundrobin;SMA;37.963432365;34;0.015;35.363;0.00572928357269349
684;roundrobin;SMA;40.700252767;218;0.04;34.138;0.0262853423085934
959;roundrobin;seadec;2.385365630;149;0.012;49.021;0.0196202016385114
958;roundrobin;seadec;2.661339119;91;0.007;49.009;0.0200421445003984
717;roundrobin;ssa;36.826272052;327;0.051;36.114;0.0369276456170677
962;roundrobin;ssa;2.571028586;538;0.08;49.179;0.0656320663227048
964;roundrobin;seadec;2.470578907;131;0.038;49.248;0.0194549251238626
966;roundrobin;SMA;2.114421027;27;0.072;49.573;0.0044156703260322
691;roundrobin;SMA;40.763679383;225;0.203;34.690;0.0262853423085934
968;roundrobin;SMA;1.945417759;211;0.165;49.813;0.0262853423085934
727;roundrobin;ssa;36.307793457;290;0.067;36.561;0.0354027676498525
970;roundrobin;SMA;1.922815975;230;0.006;49.962;0.0294444332989678
713;roundrobin;ssa;38.370448416;261;0.178;35.921;0.0351769567303275
972;roundrobin;SMA;1.914416973;34;0.046;50.047;0.00572928357269349
974;roundrobin;SMA;1.951712941;378;0.034;50.101;0.0385801680617862
735;roundrobin;ssa;36.119577267;242;0.119;37.040;0.034465109395276
976;roundrobin;SMA;1.886166664;222;0.156;50.268;0.0262853423085934
725;roundrobin;ssa;37.846822302;488;0.108;36.453;0.0468428353029938
699;roundrobin;ssa;41.448042077;266;0.019;35.054;0.0351769567303275
721;roundrobin;SMA;38.513182237;225;0.023;36.258;0.0262853423085934
978;roundrobin;ssa;2.360632666;458;0.027;50.314;0.0462637861154206
743;roundrobin;seadec;36.033221770;67;0.064;37.599;0.00929623085818988
984;roundrobin;SMA;2.137215598;172;0.003;50.568;0.0303277073168743
980;roundrobin;ssa;2.466701860;253;0.025;50.470;0.034465109395276
733;roundrobin;SMA;37.898360300;21;0.055;36.848;0.0044156703260322
982;roundrobin;ssa;2.405010627;502;0.066;50.536;0.0472776063296307
986;roundrobin;SMA;2.091230761;415;0.001;50.728;0.0423559013427496
988;roundrobin;SMA;1.953059022;416;0.125;51.019;0.0423559013427496
729;roundrobin;ssa;39.254908682;280;0.009;36.571;0.0351994025147571
745;roundrobin;SMA;36.834104100;8;0.148;37.747;0.00312822529954525
990;roundrobin;SMA;1.944031549;391;0.144;51.182;0.0386866425310276
707;roundrobin;ssa;42.237313928;457;0.071;35.463;0.0462637861154206
759;roundrobin;SMA;36.234855320;40;0.022;38.425;0.00572928357269349
992;roundrobin;ssa;2.647925795;534;0.061;51.304;0.0656320663227048
996;roundrobin;seadec;2.231950001;87;0.037;51.410;0.0240361194750053
994;roundrobin;ssa;2.436408111;243;0.054;51.370;0.034465109395276
715;roundrobin;seadec;42.109516412;53;0.028;36.056;0.00853866866997741
741;roundrobin;ssa;38.687578392;296;0.065;37.515;0.0354027676498525
998;roundrobin;ssa;2.392932957;559;0.002;51.419;0.0650104625049824
737;roundrobin;ssa;39.802631503;560;0.011;37.106;0.0650104625049824
769;roundrobin;SMA;36.010790967;31;0.024;38.834;0.00572928357269349
723;roundrobin;SMA;42.436368356;375;0.039;36.321;0.0400802183599336
750;roundrobin;ssa;38.849793095;448;0.107;37.984;0.0464705153781347
746;roundrobin;SMA;39.511170682;215;0.044;37.791;0.0262853423085934
777;roundrobin;seadec;36.214104077;134;0.059;39.113;0.0194549251238626
757;roundrobin;SMA;39.118977564;12;0.025;38.357;0.00312822529954525
753;roundrobin;seadec;39.598217284;143;0.092;38.268;0.0196202016385114
731;roundrobin;ssa;43.344725526;454;0.013;36.761;0.0462637861154206
767;roundrobin;SMA;39.026709082;11;0;38.752;0.00312822529954525
786;roundrobin;ssa;37.031305197;423;0.019;39.335;0.0450325086617828
739;roundrobin;SMA;43.165543562;187;0.147;37.436;0.027678078136308
761;roundrobin;ssa;40.468424202;245;0.002;38.510;0.034465109395276
793;roundrobin;seadec;37.130928516;63;0.051;39.672;0.00929623085818988
771;roundrobin;SMA;40.299254245;2;0.037;38.897;0.00312822529954525
775;roundrobin;ssa;40.151218550;477;0.03;39.018;0.0463158279553995
748;roundrobin;ssa;43.907160306;492;0.029;37.852;0.0468428353029938
801;roundrobin;seadec;37.178807754;95;0.003;40.236;0.0200421445003984
780;roundrobin;SMA;40.261815916;26;0.003;39.252;0.0044156703260322
784;roundrobin;SMA;40.167620192;347;0;39.299;0.0427559244477954
809;roundrobin;ssa;37.985623248;485;0.112;40.634;0.0468428353029938
755;roundrobin;ssa;45.027196179;456;0.001;38.329;0.0462637861154206
788;roundrobin;ssa;41.199640323;328;0.075;39.438;0.0369276456170677
791;roundrobin;ssa;40.903459444;109;0.038;39.587;0.0189752485931269
817;roundrobin;SMA;37.576897231;223;0.083;41.375;0.0262853423085934
763;roundrobin;seadec;45.137607775;104;0.023;38.616;0.0200421445003984
795;roundrobin;ssa;41.875934013;342;0.019;39.790;0.0377148729094167
799;roundrobin;ssa;41.170762382;508;0.035;40.174;0.0472776063296307
773;roundrobin;ssa;45.654986170;510;0.018;38.951;0.0472776063296307
765;roundrobin;ssa;46.563446205;438;0.03;38.731;0.0464705153781347
807;roundrobin;seadec;41.344414476;79;0.044;40.437;0.0240361194750053
803;roundrobin;SMA;41.902206041;382;0.011;40.272;0.0385801680617862
782;roundrobin;SMA;45.621796534;33;0.01;39.264;0.00572928357269349
831;roundrobin;seadec;38.648004079;60;0.032;41.974;0.00853866866997741
811;roundrobin;ssa;42.288965883;541;0.115;40.841;0.0639327156526897
815;roundrobin;ssa;41.758895602;431;0.089;41.159;0.0450325086617828
790;roundrobin;ssa;46.369164322;276;0.026;39.549;0.0351994025147571
840;roundrobin;ssa;39.119671875;274;0.024;42.310;0.0351994025147571
819;roundrobin;ssa;42.524196656;520;0.105;41.510;0.0482841409439691
764;roundrobin;ssa;50.087724698;270;0.085;38.701;0.0351769567303275
847;roundrobin;SMA;39.021066974;170;0.084;42.852;0.0303277073168743
797;roundrobin;ssa;46.818366552;316;0.113;39.989;0.0369276456170677
825;roundrobin;seadec;42.858192440;126;0.051;41.754;0.0194549251238626
829;roundrobin;SMA;42.337662136;11;0.005;41.933;0.00312822529954525
855;roundrobin;SMA;38.944155810;186;0.062;43.285;0.027678078136308
835;roundrobin;ssa;43.134344280;562;0.093;42.166;0.0650104625049824
805;roundrobin;ssa;47.836336927;430;0.01;40.285;0.0450325086617828
839;roundrobin;ssa;42.844115391;425;0.041;42.286;0.0450325086617828
863;roundrobin;ssa;39.134539252;429;0.034;43.955;0.0450325086617828
842;roundrobin;ssa;44.056725144;597;0.092;42.415;0.0658004472335592
813;roundrobin;ssa;48.104541998;285;0.078;41.007;0.0351994025147571
845;roundrobin;ssa;43.530396347;249;0.169;42.696;0.034465109395276
871;roundrobin;ssa;40.176575160;473;0.049;44.221;0.0463158279553995
821;roundrobin;seadec;48.063384729;133;0.006;41.563;0.0194549251238626
853;roundrobin;seadec;43.335594392;68;0.004;43.210;0.00929623085818988
849;roundrobin;ssa;44.623971674;447;0.065;43.043;0.0464705153781347
880;roundrobin;ssa;40.494807444;120;0.047;44.665;0.0189752485931269
827;roundrobin;SMA;48.299996346;368;0.033;41.900;0.0400802183599336
861;roundrobin;SMA;43.257342455;362;0.031;43.712;0.0400802183599336
857;roundrobin;SMA;44.715494403;414;0.035;43.344;0.0423559013427496
837;roundrobin;SMA;48.314406895;364;0.006;42.175;0.0400802183599336
865;roundrobin;SMA;44.162491038;191;0.062;44.077;0.027678078136308
887;roundrobin;ssa;41.264162093;486;0.075;45.042;0.0468428353029938
869;roundrobin;ssa;43.817319059;460;0.042;44.163;0.0462637861154206
843;roundrobin;seadec;48.562385897;50;0.06;42.475;0.00853866866997741
874;roundrobin;SMA;44.226526859;204;0.003;44.330;0.0260920139484302
895;roundrobin;SMA;41.233859446;34;0.022;45.395;0.00572928357269349
878;roundrobin;seadec;43.540312280;163;0.057;44.595;0.0200366493973128
851;roundrobin;SMA;48.062573829;390;0.006;43.154;0.0385801680617862
904;roundrobin;SMA;40.798508077;8;0.007;46.104;0.00312822529954525
859;roundrobin;SMA;47.913175174;233;0.212;43.622;0.0294444332989678
881;roundrobin;ssa;44.793160066;500;0.046;44.711;0.0472776063296307
885;roundrobin;ssa;44.104229895;300;0.034;44.951;0.0354027676498525
911;roundrobin;SMA;41.020223085;207;0.061;46.490;0.0260920139484302
867;roundrobin;seadec;47.702742134;161;0.009;44.102;0.0200366493973128
890;roundrobin;SMA;44.600065806;377;0.032;45.157;0.0385801680617862
920;roundrobin;SMA;40.838077293;193;0.066;46.992;0.027678078136308
894;roundrobin;ssa;44.721504648;477;0.019;45.373;0.0463158279553995
876;roundrobin;SMA;47.667190473;193;0.031;44.433;0.027678078136308
899;roundrobin;ssa;44.578241182;588;0.064;45.972;0.0658004472335592
927;roundrobin;seadec;40.840220706;147;0.01;47.387;0.0196202016385114
883;roundrobin;SMA;47.714601607;402;0.045;44.833;0.0386866425310276
896;roundrobin;ssa;46.172377483;489;0.237;45.632;0.0468428353029938
897;roundrobin;ssa;46.556899237;521;0.149;45.781;0.0482841409439691
935;roundrobin;ssa;41.060600636;538;0.312;47.980;0.0656320663227048
892;roundrobin;ssa;48.266640987;113;0.069;45.305;0.0189752485931269
909;roundrobin;ssa;46.101958652;569;0.003;46.291;0.0650104625049824
913;roundrobin;ssa;46.563744702;326;0.02;46.535;0.0369276456170677
944;roundrobin;ssa;41.553410997;562;0.008;48.434;0.0650104625049824
918;roundrobin;ssa;46.384454951;555;0.013;46.897;0.0639327156526897
901;roundrobin;ssa;48.597749558;475;0.021;46.008;0.0463158279553995
914;roundrobin;SMA;47.382530977;189;0.133;46.668;0.027678078136308
951;roundrobin;SMA;41.896467082;1;0.007;48.708;0.00312822529954525
925;roundrobin;seadec;46.361308434;152;0.033;47.323;0.0200366493973128
960;roundrobin;seadec;42.097001885;96;0.029;49.050;0.0200421445003984
933;roundrobin;seadec;46.411080953;130;0.001;47.610;0.0194549251238626
967;roundrobin;seadec;42.082438379;71;0.075;49.648;0.00929623085818988
929;roundrobin;ssa;47.320224239;465;0.111;47.522;0.0462637861154206
942;roundrobin;ssa;46.377954108;457;0.008;48.414;0.0462637861154206
975;roundrobin;ssa;42.861983337;492;0.011;50.112;0.0468428353029938
983;roundrobin;SMA;42.812221749;202;0.029;50.565;0.0260920139484302
991;roundrobin;SMA;42.493356151;200;0.061;51.243;0.0260920139484302
999;roundrobin;SMA;42.464414089;19;0.136;51.555;0.0044156703260322
907;roundrobin;ssa;61.449386486;501;0.037;46.189;0.0472776063296307
916;roundrobin;seadec;62.065061813;64;0.19;46.869;0.00929623085818988
923;roundrobin;ssa;61.523957936;563;0.06;47.156;0.0650104625049824
931;roundrobin;seadec;62.018990494;96;0.01;47.537;0.0200421445003984
947;roundrobin;SMA;61.619536542;390;0.023;48.486;0.0385801680617862
945;roundrobin;ssa;61.744464857;437;0.027;48.461;0.0464705153781347
938;roundrobin;ssa;62.607593085;600;0.016;48.175;0.0658004472335592
940;roundrobin;SMA;62.302046726;213;0.085;48.276;0.0262853423085934
949;roundrobin;ssa;61.460981576;517;0.057;48.574;0.0482841409439691
953;roundrobin;ssa;61.535956489;475;0.032;48.755;0.0463158279553995
955;roundrobin;SMA;62.625447132;8;0.073;48.889;0.00312822529954525
957;roundrobin;seadec;62.333062152;56;0.028;49.002;0.00853866866997741
963;roundrobin;SMA;61.833037666;362;0.031;49.210;0.0400802183599336
961;roundrobin;SMA;62.060611663;178;0.049;49.099;0.0303277073168743
965;roundrobin;seadec;61.489296832;84;0.253;49.501;0.0240361194750053
973;roundrobin;seadec;62.040093592;157;0.02;50.067;0.0200366493973128
971;roundrobin;ssa;62.283303900;463;0.039;50.001;0.0462637861154206
969;roundrobin;SMA;62.493498497;229;0.143;49.956;0.0294444332989678
977;roundrobin;ssa;61.451960132;510;0.019;50.287;0.0472776063296307
979;roundrobin;SMA;61.496760264;21;0.131;50.445;0.0044156703260322
981;roundrobin;SMA;61.554154145;377;0;50.470;0.0385801680617862
987;roundrobin;SMA;62.182646836;228;0.166;50.894;0.0294444332989678
989;roundrobin;ssa;61.873794682;440;0.019;51.038;0.0464705153781347
985;roundrobin;seadec;62.493676718;123;0.159;50.727;0.0194549251238626
993;roundrobin;ssa;61.520483838;555;0.012;51.316;0.0639327156526897
995;roundrobin;SMA;61.509916481;23;0.003;51.373;0.0044156703260322
997;roundrobin;seadec;62.661754552;147;0.007;51.417;0.0196202016385114
