0;rede;SMA;1.050307157;406;1.007;1.007;0.0423559013427496
1;rede;SMA;1.012663463;198;0.055;1.062;0.0260920139484302
2;rede;ssa;1.053921004;115;0.88;1.942;0.0189752485931269
3;rede;SMA;.933141646;27;0.294;2.236;0.0044156703260322
4;rede;SMA;.971982315;346;0.199;2.435;0.0427559244477954
5;rede;SMA;.991892873;29;0.163;2.598;0.0044156703260322
6;rede;ssa;1.070798855;488;0.718;3.316;0.0468428353029938
7;rede;ssa;1.176747222;332;0.612;3.928;0.0377148729094167
9;rede;SMA;.758961305;211;0.238;6.871;0.0262853423085934
8;rede;ssa;1.134520514;583;2.705;6.633;0.0657184273159393
10;rede;ssa;1.905476257;263;0.409;7.280;0.0351769567303275
11;rede;seadec;1.082182415;132;1.575;8.855;0.0194549251238626
12;rede;seadec;.984216575;150;0.084;8.939;0.0196202016385114
13;rede;ssa;1.252119627;343;0.013;8.952;0.0377148729094167
14;rede;ssa;1.211448938;549;0.225;9.177;0.0639327156526897
15;rede;seadec;1.052759893;74;0.39;9.567;0.00929623085818988
16;rede;seadec;1.093301860;89;1.974;11.541;0.0240361194750053
17;rede;ssa;1.142385412;586;0.238;11.779;0.0658004472335592
18;rede;seadec;.868630996;157;1.404;13.183;0.0200366493973128
19;rede;ssa;1.194592737;335;0.276;13.459;0.0377148729094167
20;rede;ssa;.967404479;523;3.24;16.699;0.0482841409439691
21;rede;ssa;1.254304205;421;0.49;17.189;0.0450325086617828
22;rede;ssa;1.103523399;597;2.086;19.275;0.0658004472335592
23;rede;SMA;.833865054;215;0.268;19.543;0.0262853423085934
24;rede;ssa;1.151785586;255;1.184;20.727;0.034465109395276
25;rede;SMA;.821142569;214;0.804;21.531;0.0262853423085934
26;rede;seadec;.986693130;148;1.766;23.297;0.0196202016385114
27;rede;ssa;1.274933742;441;2.016;25.313;0.0464705153781347
29;rede;SMA;.980591040;418;0.059;26.876;0.0423559013427496
28;rede;ssa;1.086634050;499;1.504;26.817;0.0472776063296307
31;rede;seadec;.984292196;85;0.087;28.167;0.0240361194750053
30;rede;ssa;1.284619343;343;1.204;28.080;0.0377148729094167
32;rede;ssa;1.939659832;272;0.574;28.741;0.0351994025147571
33;rede;ssa;1.104836745;556;0.974;29.715;0.0650104625049824
34;rede;seadec;.878810601;161;0.676;30.391;0.0200366493973128
35;rede;ssa;1.193032467;497;0.148;30.539;0.0472776063296307
36;rede;SMA;.965467030;366;0.282;30.821;0.0400802183599336
37;rede;seadec;1.023516192;66;0.612;31.433;0.00929623085818988
38;rede;SMA;.981835691;235;0.041;31.474;0.0294444332989678
39;rede;ssa;1.816801787;557;0.394;31.868;0.0650104625049824
40;rede;ssa;1.288722661;242;3.202;35.070;0.034465109395276
43;rede;ssa;.962329344;519;0.02;35.787;0.0482841409439691
41;rede;ssa;1.307711953;331;0.514;35.584;0.0377148729094167
42;rede;ssa;1.210221292;502;0.183;35.767;0.0472776063296307
44;rede;seadec;.785414629;78;0.711;36.498;0.0240361194750053
45;rede;SMA;.896109021;177;0.185;36.683;0.0303277073168743
46;rede;SMA;1.009476390;217;2.369;39.052;0.0262853423085934
47;rede;ssa;1.214478758;120;1.014;40.066;0.0189752485931269
48;rede;ssa;1.182938133;583;0.213;40.279;0.0657184273159393
50;rede;SMA;.808682324;211;0.194;40.621;0.0262853423085934
51;rede;SMA;.866470256;35;0.14;40.761;0.00572928357269349
49;rede;ssa;1.296968256;442;0.148;40.427;0.0464705153781347
52;rede;ssa;1.139378071;570;1.412;42.173;0.0650104625049824
53;rede;SMA;1.018671943;374;0.251;42.424;0.0400802183599336
54;rede;SMA;.797320508;38;0.941;43.365;0.00572928357269349
55;rede;SMA;.774225976;213;1.774;45.139;0.0262853423085934
57;rede;seadec;1.036922856;145;0.176;46.337;0.0196202016385114
58;rede;SMA;.974297636;16;0.145;46.482;0.0044156703260322
56;rede;ssa;1.474501254;454;1.022;46.161;0.0462637861154206
59;rede;seadec;1.017059977;153;0.31;46.792;0.0200366493973128
60;rede;SMA;.820837548;14;0.275;47.067;0.00312822529954525
61;rede;ssa;1.303202247;499;1.217;48.284;0.0472776063296307
62;rede;ssa;1.088003178;447;1.747;50.031;0.0464705153781347
63;rede;SMA;.962202670;395;1.444;51.475;0.0386866425310276
64;rede;ssa;1.064793308;593;1.931;53.406;0.0658004472335592
65;rede;ssa;1.220787703;253;2.275;55.681;0.034465109395276
66;rede;ssa;1.303209512;325;0.21;55.891;0.0369276456170677
67;rede;ssa;1.079885892;524;1.545;57.436;0.0482841409439691
68;rede;ssa;1.003325931;518;1.257;58.693;0.0482841409439691
69;rede;SMA;1.067393455;232;1.085;59.778;0.0294444332989678
70;rede;ssa;1.152990254;117;0.078;59.856;0.0189752485931269
71;rede;seadec;.987738027;154;1.879;61.735;0.0200366493973128
72;rede;SMA;.972137628;230;0.491;62.226;0.0294444332989678
73;rede;SMA;.765567773;415;0.343;62.569;0.0423559013427496
74;rede;SMA;.981640381;42;1.793;64.362;0.00572928357269349
75;rede;SMA;.793404252;202;0.206;64.568;0.0260920139484302
76;rede;SMA;.994607068;198;0.013;64.581;0.0260920139484302
77;rede;SMA;.986543964;227;1.821;66.402;0.0294444332989678
78;rede;seadec;.820433679;147;0.891;67.293;0.0196202016385114
79;rede;SMA;.878946072;349;0.801;68.094;0.0427559244477954
80;rede;ssa;1.115068597;535;3.019;71.113;0.0656320663227048
81;rede;SMA;.850367582;397;0.209;71.322;0.0386866425310276
82;rede;ssa;.975142282;558;0.784;72.106;0.0650104625049824
83;rede;ssa;1.308119513;479;1.161;73.267;0.0463158279553995
84;rede;SMA;.794944994;361;1.593;74.860;0.0400802183599336
85;rede;ssa;1.339909855;336;1.421;76.281;0.0377148729094167
86;rede;ssa;1.166518743;540;0.188;76.469;0.0656320663227048
87;rede;seadec;.951092492;47;1.612;78.081;0.00853866866997741
88;rede;seadec;1.003009110;105;0.526;78.607;0.0200421445003984
89;rede;SMA;1.006265866;363;0.121;78.728;0.0400802183599336
90;rede;ssa;1.260623910;288;0.98;79.708;0.0354027676498525
91;rede;ssa;1.208393866;254;0.165;79.873;0.034465109395276
92;rede;SMA;.772528319;230;2.214;82.087;0.0294444332989678
94;rede;SMA;.827699665;183;0.121;82.349;0.027678078136308
93;rede;ssa;2.161270816;499;0.141;82.228;0.0472776063296307
95;rede;SMA;.969680521;179;1.186;83.535;0.0303277073168743
97;rede;SMA;1.049678745;403;0.292;84.554;0.0386866425310276
96;rede;ssa;1.421266714;333;0.727;84.262;0.0377148729094167
98;rede;ssa;1.260025058;330;0.509;85.063;0.0369276456170677
99;rede;ssa;1.448589611;576;1.342;86.405;0.0657184273159393
101;rede;SMA;1.186935355;414;0.085;86.519;0.0423559013427496
100;rede;ssa;1.504892986;598;0.029;86.434;0.0658004472335592
102;rede;ssa;1.274016810;274;0.051;86.570;0.0351994025147571
103;rede;ssa;1.270725272;255;0.045;86.615;0.034465109395276
105;rede;SMA;.864608265;214;0.816;88.845;0.0262853423085934
104;rede;ssa;2.107611519;436;1.414;88.029;0.0464705153781347
106;rede;seadec;.763819362;97;2.188;91.033;0.0200421445003984
107;rede;SMA;.992542144;391;1.265;92.298;0.0386866425310276
108;rede;seadec;.750407404;99;0.44;92.738;0.0200421445003984
109;rede;SMA;1.007347680;389;2.866;95.604;0.0385801680617862
111;rede;seadec;.749711874;60;0.375;96.619;0.00853866866997741
110;rede;ssa;1.835497458;569;0.64;96.244;0.0650104625049824
112;rede;seadec;.722125008;54;0.699;97.318;0.00853866866997741
113;rede;seadec;.799113259;129;1.378;98.696;0.0194549251238626
114;rede;ssa;1.143706524;494;0.574;99.270;0.0468428353029938
115;rede;SMA;.985165047;43;0.191;99.461;0.00572928357269349
116;rede;seadec;1.017427333;150;0.363;99.824;0.0196202016385114
117;rede;SMA;.791389818;189;2.483;102.307;0.027678078136308
118;rede;ssa;1.268148870;323;0.718;103.025;0.0369276456170677
119;rede;SMA;.793292861;172;1.12;104.145;0.0303277073168743
120;rede;seadec;.828833339;68;1.508;105.653;0.00929623085818988
121;rede;ssa;1.295353581;322;0.501;106.154;0.0369276456170677
122;rede;ssa;1.193713602;485;1.083;107.237;0.0468428353029938
123;rede;ssa;1.327736912;484;0.614;107.851;0.0468428353029938
124;rede;SMA;.957298421;174;0.7;108.551;0.0303277073168743
125;rede;ssa;2.146305291;496;0.186;108.737;0.0472776063296307
126;rede;ssa;1.073465645;530;1.636;110.373;0.0656320663227048
127;rede;seadec;1.001956825;86;1.788;112.161;0.0240361194750053
129;rede;SMA;.995142866;216;0.084;113.900;0.0262853423085934
128;rede;ssa;1.304776188;289;1.655;113.816;0.0354027676498525
130;rede;SMA;.958563744;197;0.511;114.411;0.0260920139484302
131;rede;ssa;1.125274247;437;0.936;115.347;0.0464705153781347
132;rede;SMA;.778651965;372;3.737;119.084;0.0400802183599336
133;rede;ssa;1.021780082;311;0.365;119.449;0.0360930160445306
134;rede;SMA;.980635668;237;0.745;120.194;0.0294444332989678
135;rede;ssa;.993556680;519;1.178;121.372;0.0482841409439691
137;rede;SMA;.879357555;213;0.17;122.454;0.0262853423085934
136;rede;ssa;1.248375339;426;0.912;122.284;0.0450325086617828
138;rede;ssa;1.228628190;570;0.234;122.688;0.0650104625049824
139;rede;SMA;1.037383005;9;0.134;122.822;0.00312822529954525
140;rede;SMA;.988860891;370;1.356;124.178;0.0400802183599336
141;rede;seadec;.924395614;103;0.665;124.843;0.0200421445003984
142;rede;seadec;.962609827;102;1.616;126.459;0.0200421445003984
143;rede;ssa;1.205611315;280;0.317;126.776;0.0351994025147571
144;rede;ssa;1.288958388;472;6.29;133.066;0.0463158279553995
145;rede;seadec;1.065928654;94;0.975;134.041;0.0200421445003984
146;rede;SMA;1.027451144;180;0.009;134.050;0.0303277073168743
147;rede;ssa;1.322356829;470;1.727;135.777;0.0463158279553995
148;rede;ssa;1.128885106;115;0.255;136.032;0.0189752485931269
149;rede;ssa;1.254146516;272;5.378;141.410;0.0351994025147571
150;rede;seadec;.795150511;51;0.837;142.247;0.00853866866997741
151;rede;SMA;.956864735;178;0.047;142.294;0.0303277073168743
152;rede;SMA;.966920948;27;2.364;144.658;0.0044156703260322
153;rede;SMA;1.009403713;31;4.693;149.351;0.00572928357269349
154;rede;ssa;1.214333881;341;2.359;151.710;0.0377148729094167
155;rede;SMA;.767077401;383;1.155;152.865;0.0385801680617862
156;rede;ssa;1.161129733;553;1.162;154.027;0.0639327156526897
157;rede;seadec;.854438848;81;0.62;154.647;0.0240361194750053
158;rede;ssa;1.118847764;493;2.338;156.985;0.0468428353029938
159;rede;SMA;.960103379;191;1.738;158.723;0.027678078136308
160;rede;SMA;1.055737306;175;2.948;161.671;0.0303277073168743
161;rede;seadec;.792413519;156;1.387;163.058;0.0200366493973128
163;rede;SMA;.975568590;395;0.296;164.844;0.0386866425310276
162;rede;seadec;1.626546303;130;1.49;164.548;0.0194549251238626
164;rede;ssa;1.003291563;559;0.894;165.738;0.0650104625049824
165;rede;ssa;1.196607402;523;0.846;166.584;0.0482841409439691
166;rede;ssa;1.137140356;539;0.052;166.636;0.0656320663227048
167;rede;seadec;1.000599443;100;2.325;168.961;0.0200421445003984
168;rede;SMA;.971049290;184;0.357;169.318;0.027678078136308
169;rede;SMA;1.007890826;176;1.842;171.160;0.0303277073168743
170;rede;SMA;.956882197;31;0.06;171.220;0.00572928357269349
171;rede;SMA;.863363052;176;0.603;171.823;0.0303277073168743
172;rede;ssa;1.130248564;562;0.946;172.769;0.0650104625049824
173;rede;ssa;1.153268947;525;0.383;173.152;0.0482841409439691
174;rede;ssa;1.300398664;482;0.546;173.698;0.0468428353029938
175;rede;ssa;1.118512202;519;0.74;174.438;0.0482841409439691
176;rede;ssa;1.180434906;515;0.358;174.796;0.0482841409439691
177;rede;ssa;1.420110526;483;0.144;174.940;0.0468428353029938
178;rede;ssa;1.117806530;329;1.706;176.646;0.0369276456170677
179;rede;ssa;1.137996760;523;0.565;177.211;0.0482841409439691
180;rede;SMA;1.006545836;231;7.171;184.382;0.0294444332989678
181;rede;SMA;.810483577;216;0.501;184.883;0.0262853423085934
182;rede;SMA;.739717799;18;0.661;185.544;0.0044156703260322
183;rede;SMA;.989884134;214;0.952;186.496;0.0262853423085934
184;rede;SMA;.974076124;42;0.424;186.920;0.00572928357269349
185;rede;ssa;1.076680832;270;0.7;187.620;0.0351769567303275
186;rede;SMA;.966387856;354;0.931;188.551;0.0427559244477954
187;rede;seadec;1.033390740;74;0.392;188.943;0.00929623085818988
188;rede;ssa;1.145174287;498;1.386;190.329;0.0472776063296307
189;rede;seadec;.937762356;89;0.37;190.699;0.0240361194750053
190;rede;ssa;1.301684624;492;0.691;191.390;0.0468428353029938
191;rede;SMA;1.032354496;175;1.201;192.591;0.0303277073168743
192;rede;SMA;.752343525;367;1.715;194.306;0.0400802183599336
193;rede;ssa;1.164059590;510;1.9;196.206;0.0472776063296307
194;rede;SMA;.989846043;20;0.234;196.440;0.0044156703260322
195;rede;SMA;.978645685;183;2.185;198.625;0.027678078136308
196;rede;ssa;1.255548685;484;1.555;200.180;0.0468428353029938
197;rede;SMA;1.000151341;384;0.601;200.781;0.0385801680617862
199;rede;SMA;.969770805;24;0.167;201.698;0.0044156703260322
198;rede;ssa;1.371414118;495;0.75;201.531;0.0468428353029938
201;rede;ssa;1.270327254;305;0.055;203.958;0.0360930160445306
200;rede;ssa;1.420828694;458;2.205;203.903;0.0462637861154206
202;rede;SMA;.726451868;8;0.727;204.685;0.00312822529954525
203;rede;seadec;.777863464;153;0.583;205.268;0.0200366493973128
204;rede;seadec;.963995368;99;0.198;205.466;0.0200421445003984
205;rede;ssa;.937932844;554;3.539;209.005;0.0639327156526897
206;rede;ssa;1.337474782;449;4.009;213.014;0.0464705153781347
207;rede;ssa;1.200789545;297;0.682;213.696;0.0354027676498525
208;rede;ssa;.986554892;531;0.999;214.695;0.0656320663227048
209;rede;ssa;1.288279183;496;0.87;215.565;0.0472776063296307
210;rede;ssa;1.026420462;524;0.646;216.211;0.0482841409439691
211;rede;ssa;1.182399298;560;1.351;217.562;0.0650104625049824
212;rede;ssa;1.100684407;534;4.461;222.023;0.0656320663227048
213;rede;SMA;.970391507;196;3.45;225.473;0.0260920139484302
214;rede;ssa;1.254385043;287;0.461;225.934;0.0354027676498525
215;rede;SMA;.793735993;203;2.254;228.188;0.0260920139484302
216;rede;seadec;.860767527;145;2.205;230.393;0.0196202016385114
217;rede;SMA;.857277242;394;0.274;230.667;0.0386866425310276
218;rede;ssa;1.335035444;484;1.346;232.013;0.0468428353029938
219;rede;ssa;1.223145234;315;0.749;232.762;0.0360930160445306
220;rede;SMA;.911607340;35;0.588;233.350;0.00572928357269349
221;rede;seadec;.996024894;128;2.537;235.887;0.0194549251238626
222;rede;SMA;.752777409;10;0.8;236.687;0.00312822529954525
223;rede;ssa;1.306578233;276;1.476;238.163;0.0351994025147571
224;rede;SMA;1.004576109;177;0.327;238.490;0.0303277073168743
225;rede;SMA;1.042009928;389;0.082;238.572;0.0385801680617862
226;rede;ssa;1.221578339;286;0.561;239.133;0.0354027676498525
227;rede;seadec;.984416028;70;2.129;241.262;0.00929623085818988
228;rede;seadec;.755442324;126;0.568;241.830;0.0194549251238626
229;rede;SMA;.998945290;362;2.33;244.160;0.0400802183599336
230;rede;seadec;.979988195;53;0.073;244.233;0.00853866866997741
231;rede;ssa;1.170856166;520;1.637;245.870;0.0482841409439691
232;rede;seadec;.847298947;90;0.739;246.609;0.0240361194750053
233;rede;ssa;1.186514044;279;0.548;247.157;0.0351994025147571
234;rede;ssa;1.856347233;530;0.19;247.347;0.0656320663227048
235;rede;SMA;.775078659;369;2.605;249.952;0.0400802183599336
236;rede;seadec;.854869255;144;1.654;251.606;0.0196202016385114
237;rede;SMA;.802769591;374;0.402;252.008;0.0400802183599336
238;rede;ssa;1.301422569;473;0.77;252.778;0.0463158279553995
240;rede;seadec;.745633349;101;0.125;253.783;0.0200421445003984
239;rede;seadec;.976459622;165;0.88;253.658;0.0200366493973128
241;rede;SMA;.807258234;364;1.074;254.857;0.0400802183599336
242;rede;seadec;.817730349;163;0.149;255.006;0.0200366493973128
243;rede;seadec;.966439135;104;0.62;255.626;0.0200421445003984
244;rede;SMA;.974908990;356;4.522;260.148;0.0427559244477954
245;rede;ssa;1.090205175;592;0.35;260.498;0.0658004472335592
247;rede;SMA;.766938337;169;0.616;261.397;0.0303277073168743
246;rede;SMA;1.581489853;414;0.283;260.781;0.0423559013427496
248;rede;SMA;.944677298;191;3.445;264.842;0.027678078136308
249;rede;SMA;.985620147;8;0.345;265.187;0.00312822529954525
250;rede;ssa;1.110489433;504;1.996;267.183;0.0472776063296307
251;rede;ssa;1.097912566;522;0.362;267.545;0.0482841409439691
252;rede;ssa;1.169165671;261;0.095;267.640;0.0351769567303275
253;rede;seadec;.969290333;86;0.219;267.859;0.0240361194750053
254;rede;SMA;.955201676;192;0.926;268.785;0.027678078136308
255;rede;seadec;.975292518;74;1.699;270.484;0.00929623085818988
257;rede;seadec;.807881677;131;0.37;270.977;0.0194549251238626
256;rede;ssa;1.859350580;543;0.123;270.607;0.0639327156526897
258;rede;ssa;1.234657825;336;0.542;271.519;0.0377148729094167
259;rede;SMA;1.017362297;386;2.878;274.397;0.0385801680617862
260;rede;ssa;1.120139714;582;0.117;274.514;0.0657184273159393
263;rede;SMA;1.060825022;41;0.151;277.341;0.00572928357269349
261;rede;ssa;1.654947741;483;2.555;277.069;0.0468428353029938
264;rede;ssa;1.244869112;519;0.034;277.375;0.0482841409439691
262;rede;ssa;1.526039965;533;0.121;277.190;0.0656320663227048
266;rede;SMA;.765385289;375;0.177;277.868;0.0400802183599336
265;rede;seadec;1.682140319;62;0.316;277.691;0.00929623085818988
267;rede;ssa;1.115005537;583;2.358;280.226;0.0657184273159393
269;rede;ssa;1.197668398;495;0.204;282.065;0.0468428353029938
270;rede;SMA;.955656213;225;0.374;282.439;0.0262853423085934
268;rede;ssa;2.019844774;331;1.635;281.861;0.0377148729094167
271;rede;ssa;1.315511911;455;1.296;283.735;0.0462637861154206
272;rede;SMA;.820747754;200;1.281;285.016;0.0260920139484302
273;rede;seadec;.825108463;64;0.184;285.200;0.00929623085818988
274;rede;ssa;1.052554214;248;1.836;287.036;0.034465109395276
275;rede;ssa;1.302280517;440;0.24;287.276;0.0464705153781347
276;rede;SMA;.813911808;352;0.684;287.960;0.0427559244477954
277;rede;SMA;.763179386;228;4.456;292.416;0.0294444332989678
278;rede;SMA;.989422737;14;1.42;293.836;0.00312822529954525
279;rede;ssa;1.206598053;317;0.152;293.988;0.0369276456170677
280;rede;seadec;.775590789;160;4.367;298.355;0.0200366493973128
281;rede;ssa;1.227609060;341;2.347;300.702;0.0377148729094167
282;rede;seadec;.781000177;123;0.535;301.237;0.0194549251238626
284;rede;ssa;1.114460165;543;0.55;304.625;0.0639327156526897
283;rede;SMA;1.982018440;37;2.838;304.075;0.00572928357269349
285;rede;seadec;.987325379;65;1.269;305.894;0.00929623085818988
286;rede;seadec;.773483638;87;0.57;306.464;0.0240361194750053
287;rede;ssa;1.103089029;570;2.839;309.303;0.0650104625049824
288;rede;ssa;1.060088331;278;1.158;310.461;0.0351994025147571
290;rede;SMA;.784476611;382;0.306;312.815;0.0385801680617862
289;rede;ssa;1.234726431;338;2.048;312.509;0.0377148729094167
291;rede;SMA;.779716305;21;0.608;313.423;0.0044156703260322
292;rede;ssa;.929664997;544;1.711;315.134;0.0639327156526897
293;rede;ssa;1.335000869;440;2.035;317.169;0.0464705153781347
294;rede;SMA;1.098068985;375;1.087;318.256;0.0400802183599336
295;rede;ssa;1.136318434;563;0.765;319.021;0.0650104625049824
296;rede;ssa;1.112162376;551;2.689;321.710;0.0639327156526897
298;rede;SMA;1.020505892;353;0.037;321.864;0.0427559244477954
297;rede;ssa;1.293646493;337;0.117;321.827;0.0377148729094167
299;rede;ssa;1.299370722;491;2.795;324.659;0.0468428353029938
301;rede;SMA;.970325931;239;0.422;326.428;0.0294444332989678
300;rede;ssa;1.983275676;265;1.347;326.006;0.0351769567303275
302;rede;ssa;1.128404962;464;0.956;327.384;0.0462637861154206
303;rede;ssa;1.183111870;242;0.56;327.944;0.034465109395276
304;rede;ssa;1.237170465;273;0.192;328.136;0.0351994025147571
305;rede;ssa;1.139540444;578;0.306;328.442;0.0657184273159393
306;rede;SMA;.791405895;42;0.509;328.951;0.00572928357269349
307;rede;SMA;.816356035;184;0.177;329.128;0.027678078136308
309;rede;SMA;.950879683;171;0.019;330.308;0.0303277073168743
308;rede;SMA;1.558951096;404;1.161;330.289;0.0386866425310276
310;rede;ssa;1.025667470;342;1.54;331.848;0.0377148729094167
311;rede;ssa;1.144360625;254;0.76;332.608;0.034465109395276
312;rede;ssa;1.086077830;513;1.777;334.385;0.0482841409439691
313;rede;ssa;.973889025;570;0.237;334.622;0.0650104625049824
314;rede;seadec;.992213087;98;0.828;335.450;0.0200421445003984
315;rede;SMA;.999806205;12;0.495;335.945;0.00312822529954525
316;rede;SMA;1.000071795;420;0.126;336.071;0.0423559013427496
317;rede;SMA;1.062807877;4;0.131;336.202;0.00312822529954525
318;rede;SMA;.953786986;386;0.267;336.469;0.0385801680617862
319;rede;ssa;2.124208701;472;0.528;336.997;0.0463158279553995
320;rede;seadec;.795311155;56;1.608;338.605;0.00853866866997741
322;rede;SMA;1.032147163;360;0.019;339.788;0.0427559244477954
321;rede;ssa;1.317756100;588;1.164;339.769;0.0658004472335592
323;rede;ssa;1.210448305;272;0.706;340.494;0.0351994025147571
325;rede;seadec;.981892981;159;0.086;341.199;0.0200366493973128
324;rede;ssa;1.222830879;506;0.619;341.113;0.0472776063296307
326;rede;ssa;1.135090893;580;0.381;341.580;0.0657184273159393
327;rede;seadec;.843219417;52;0.298;341.878;0.00853866866997741
328;rede;SMA;.974492959;1;2.543;344.421;0.00312822529954525
329;rede;seadec;1.009588770;80;0.191;344.612;0.0240361194750053
330;rede;SMA;1.062616674;233;0.089;344.701;0.0294444332989678
331;rede;ssa;1.141742980;107;0.279;344.980;0.0189752485931269
332;rede;ssa;1.066384082;600;1.155;346.135;0.0658004472335592
333;rede;ssa;1.217530712;342;0.146;346.281;0.0377148729094167
334;rede;ssa;1.209331736;303;2.535;348.816;0.0360930160445306
335;rede;SMA;.786923665;220;1.667;350.483;0.0262853423085934
336;rede;SMA;.996503902;417;0.789;351.272;0.0423559013427496
337;rede;ssa;1.276301980;430;0.435;351.707;0.0450325086617828
338;rede;SMA;.797969012;361;1.027;352.734;0.0400802183599336
341;rede;ssa;1.290549650;492;0.52;353.500;0.0468428353029938
339;rede;ssa;2.408621494;281;0.059;352.793;0.0351994025147571
340;rede;ssa;2.303911568;511;0.187;352.980;0.0482841409439691
343;rede;SMA;.972444280;24;0.262;356.805;0.0044156703260322
342;rede;ssa;1.301280809;445;3.043;356.543;0.0464705153781347
344;rede;ssa;1.118200957;109;1.749;358.554;0.0189752485931269
345;rede;SMA;.815882363;41;0.415;358.969;0.00572928357269349
346;rede;SMA;.848127156;198;0.752;359.721;0.0260920139484302
347;rede;SMA;.957869607;180;2.365;362.086;0.0303277073168743
349;rede;SMA;.752217076;172;0.502;363.014;0.0303277073168743
348;rede;ssa;1.329625452;468;0.426;362.512;0.0463158279553995
350;rede;ssa;1.145357924;242;1.748;364.762;0.034465109395276
351;rede;ssa;1.089142640;273;1.481;366.243;0.0351994025147571
352;rede;SMA;.939042185;419;0.319;366.562;0.0423559013427496
353;rede;ssa;1.016138873;326;0.728;367.290;0.0369276456170677
354;rede;ssa;2.162939796;499;0.686;367.976;0.0472776063296307
355;rede;ssa;1.321265737;498;0.724;368.700;0.0472776063296307
356;rede;seadec;.826471862;53;1.095;369.795;0.00853866866997741
357;rede;seadec;.761273162;55;1.531;371.326;0.00853866866997741
359;rede;ssa;1.178469560;517;0.072;372.290;0.0482841409439691
358;rede;ssa;1.334248330;428;0.892;372.218;0.0450325086617828
360;rede;ssa;1.843297524;574;0.517;372.807;0.0657184273159393
361;rede;ssa;1.222446842;345;1.352;374.159;0.0377148729094167
362;rede;SMA;.800090201;224;1.391;375.550;0.0262853423085934
363;rede;ssa;1.149252557;571;0.694;376.244;0.0657184273159393
364;rede;seadec;.811903435;104;1.6;377.844;0.0200421445003984
365;rede;ssa;1.110428825;111;0.116;377.960;0.0189752485931269
366;rede;ssa;1.086526335;540;1.897;379.857;0.0656320663227048
367;rede;SMA;.985551406;205;1.919;381.776;0.0260920139484302
368;rede;SMA;.992765168;216;0.007;381.783;0.0262853423085934
369;rede;SMA;1.574655285;194;2.377;384.160;0.027678078136308
370;rede;seadec;.980335075;128;0.589;384.749;0.0194549251238626
372;rede;SMA;.821607387;364;0.08;384.972;0.0400802183599336
371;rede;ssa;1.263836764;435;0.143;384.892;0.0450325086617828
373;rede;seadec;.817828450;122;1.674;386.646;0.0194549251238626
375;rede;seadec;.725546783;47;0.171;387.851;0.00853866866997741
374;rede;SMA;.977294311;206;1.034;387.680;0.0260920139484302
377;rede;ssa;1.164945923;271;0.303;388.676;0.0351994025147571
376;rede;ssa;1.939126709;314;0.522;388.373;0.0360930160445306
378;rede;seadec;.771750746;62;3.796;392.472;0.00929623085818988
381;rede;ssa;1.083521492;446;0.573;395.975;0.0464705153781347
379;rede;ssa;2.228149911;108;2.614;395.086;0.0189752485931269
380;rede;ssa;2.139736859;110;0.316;395.402;0.0189752485931269
382;rede;SMA;.993091983;181;1.995;397.970;0.027678078136308
383;rede;seadec;.971701842;131;0.944;398.914;0.0194549251238626
384;rede;ssa;1.195722205;579;0.06;398.974;0.0657184273159393
386;rede;SMA;1.034851378;411;0.065;400.889;0.0423559013427496
385;rede;ssa;1.270096283;321;1.85;400.824;0.0369276456170677
387;rede;SMA;.792529625;206;1.086;401.975;0.0260920139484302
389;rede;SMA;1.005335710;420;0.584;402.579;0.0423559013427496
388;rede;ssa;2.154854770;458;0.02;401.995;0.0462637861154206
390;rede;ssa;1.122323545;573;0.892;403.471;0.0657184273159393
391;rede;ssa;1.236396359;292;3.773;407.244;0.0354027676498525
392;rede;ssa;1.136328748;559;0.56;407.804;0.0650104625049824
393;rede;seadec;.770218315;47;0.815;408.619;0.00853866866997741
394;rede;ssa;1.163266847;261;2.361;410.980;0.0351769567303275
395;rede;ssa;1.189094898;245;2.314;413.294;0.034465109395276
396;rede;ssa;1.008860334;555;0.942;414.236;0.0639327156526897
397;rede;seadec;1.002663020;144;0.973;415.209;0.0196202016385114
398;rede;seadec;.778037905;153;0.878;416.087;0.0200366493973128
399;rede;ssa;1.328260217;328;1.947;418.034;0.0369276456170677
400;rede;SMA;1.215761035;406;0.178;418.212;0.0423559013427496
401;rede;ssa;1.242771608;598;0.084;418.296;0.0658004472335592
402;rede;seadec;.945075711;143;3.262;421.558;0.0196202016385114
403;rede;ssa;1.296250019;487;0.694;422.252;0.0468428353029938
404;rede;ssa;1.141045434;106;0.066;422.318;0.0189752485931269
405;rede;ssa;1.092163212;522;0.554;422.872;0.0482841409439691
406;rede;ssa;1.134134119;584;3.703;426.575;0.0657184273159393
407;rede;ssa;1.104220716;341;2.308;428.883;0.0377148729094167
408;rede;ssa;1.189011405;255;0.393;429.276;0.034465109395276
409;rede;SMA;.968718664;418;1.108;430.384;0.0423559013427496
410;rede;SMA;.773971111;196;1.318;431.702;0.0260920139484302
411;rede;SMA;.980188669;38;0.925;432.627;0.00572928357269349
412;rede;ssa;1.122740609;566;0.478;433.105;0.0650104625049824
413;rede;SMA;.789255520;34;0.516;433.621;0.00572928357269349
414;rede;seadec;.754527568;52;0.599;434.220;0.00853866866997741
415;rede;seadec;.991710082;103;0.257;434.477;0.0200421445003984
416;rede;ssa;1.271746410;432;0.123;434.600;0.0450325086617828
417;rede;SMA;1.101120940;347;1.693;436.293;0.0427559244477954
418;rede;ssa;1.200289156;112;0.054;436.347;0.0189752485931269
419;rede;ssa;1.278319799;302;0.011;436.358;0.0360930160445306
420;rede;seadec;1.081686192;59;1.213;437.571;0.00853866866997741
421;rede;SMA;.967752033;180;0.474;438.045;0.0303277073168743
422;rede;seadec;.992816090;131;0.811;438.856;0.0194549251238626
423;rede;SMA;.957710763;33;0.313;439.169;0.00572928357269349
424;rede;SMA;.959002477;38;0.559;439.728;0.00572928357269349
425;rede;seadec;.930045204;140;0.444;440.172;0.0196202016385114
426;rede;ssa;1.915964527;578;0.191;440.363;0.0657184273159393
427;rede;seadec;1.016548480;53;1.281;441.644;0.00853866866997741
428;rede;SMA;.976456851;40;0.118;441.762;0.00572928357269349
429;rede;ssa;1.156148388;585;0.151;441.913;0.0657184273159393
430;rede;ssa;1.017875208;595;0.233;442.146;0.0658004472335592
431;rede;ssa;1.254455634;445;0.381;442.527;0.0464705153781347
432;rede;seadec;1.029893309;46;1.614;444.141;0.00853866866997741
433;rede;SMA;.995975191;229;0.096;444.237;0.0294444332989678
434;rede;ssa;1.245678532;450;2.923;447.160;0.0464705153781347
435;rede;SMA;.777875278;350;1.113;448.273;0.0427559244477954
436;rede;SMA;.984126195;17;1.209;449.482;0.0044156703260322
437;rede;seadec;1.034630906;69;0.23;449.712;0.00929623085818988
438;rede;SMA;1.035706719;4;0.012;449.724;0.00312822529954525
439;rede;ssa;1.815970546;535;1.045;450.769;0.0656320663227048
440;rede;ssa;1.124789239;477;1.01;451.779;0.0463158279553995
441;rede;SMA;1.034021054;175;0.147;451.926;0.0303277073168743
442;rede;ssa;1.331412879;427;3.395;455.321;0.0450325086617828
443;rede;SMA;.852808378;360;1.297;456.618;0.0427559244477954
444;rede;ssa;1.183142981;322;0.736;457.354;0.0369276456170677
445;rede;ssa;1.301786197;431;1.736;459.090;0.0450325086617828
446;rede;ssa;1.300419273;462;2.809;461.899;0.0462637861154206
447;rede;seadec;.854195146;62;0.589;462.488;0.00929623085818988
448;rede;ssa;1.109106431;106;2.786;465.274;0.0189752485931269
449;rede;ssa;1.254018022;328;0.087;465.361;0.0369276456170677
450;rede;ssa;1.245318631;303;3.592;468.953;0.0360930160445306
451;rede;SMA;.824442035;4;0.553;469.506;0.00312822529954525
452;rede;ssa;1.122099007;433;0.515;470.021;0.0450325086617828
453;rede;SMA;.994561111;364;4.509;474.530;0.0400802183599336
454;rede;ssa;1.204403101;571;0.636;475.166;0.0657184273159393
455;rede;seadec;1.066578286;78;0.293;475.459;0.0240361194750053
456;rede;ssa;1.175197974;320;1.365;476.824;0.0369276456170677
457;rede;SMA;.886425380;395;0.992;477.816;0.0386866425310276
458;rede;SMA;1.569528067;220;0.532;478.348;0.0262853423085934
460;rede;SMA;.992753631;10;0.039;478.796;0.00312822529954525
459;rede;ssa;1.167055910;509;0.409;478.757;0.0472776063296307
461;rede;ssa;1.368598974;301;0.472;479.268;0.0360930160445306
462;rede;seadec;1.076488696;50;0.4;479.668;0.00853866866997741
463;rede;ssa;1.147050638;269;0.132;479.800;0.0351769567303275
465;rede;SMA;1.069902776;216;0.114;481.076;0.0262853423085934
466;rede;SMA;1.079808286;373;0.189;481.265;0.0400802183599336
464;rede;ssa;1.488493879;526;1.162;480.962;0.0656320663227048
467;rede;seadec;1.085257437;83;0.352;481.617;0.0240361194750053
468;rede;SMA;.822853949;201;0.206;481.823;0.0260920139484302
469;rede;ssa;1.183066758;290;0.376;482.199;0.0354027676498525
470;rede;ssa;1.205531929;332;0.233;482.432;0.0377148729094167
472;rede;seadec;1.010844363;91;0.291;482.933;0.0200421445003984
471;rede;ssa;1.803464064;553;0.21;482.642;0.0639327156526897
473;rede;ssa;1.236131907;312;0.601;483.534;0.0360930160445306
474;rede;ssa;1.017692070;312;1.179;484.713;0.0360930160445306
475;rede;SMA;.850068952;19;1.413;486.126;0.0044156703260322
476;rede;seadec;.915167748;63;0.303;486.429;0.00929623085818988
477;rede;SMA;.840569404;178;0.599;487.028;0.0303277073168743
478;rede;SMA;.972860889;416;1.718;488.746;0.0423559013427496
479;rede;seadec;.791981461;104;1.012;489.758;0.0200421445003984
480;rede;ssa;1.041352366;502;0.179;489.937;0.0472776063296307
481;rede;seadec;1.014602029;151;0.885;490.822;0.0200366493973128
482;rede;SMA;.965661751;43;0.537;491.359;0.00572928357269349
483;rede;ssa;1.070131371;494;0.861;492.220;0.0468428353029938
484;rede;seadec;1.010913025;78;0.874;493.094;0.0240361194750053
485;rede;seadec;1.000319766;88;0.097;493.191;0.0240361194750053
486;rede;seadec;.837963637;46;0.603;493.794;0.00853866866997741
487;rede;SMA;1.011600477;355;1.034;494.828;0.0427559244477954
488;rede;ssa;1.129535836;572;0.095;494.923;0.0657184273159393
489;rede;seadec;.800508539;46;3.392;498.315;0.00853866866997741
491;rede;ssa;1.262175944;283;0.052;498.737;0.0351994025147571
490;rede;ssa;2.098276032;255;0.37;498.685;0.034465109395276
492;rede;seadec;.755404679;77;1.235;499.972;0.0240361194750053
494;rede;SMA;.994845202;33;0.055;501.447;0.00572928357269349
493;rede;ssa;1.168659416;532;1.42;501.392;0.0656320663227048
496;rede;ssa;1.020050302;540;0.032;502.613;0.0656320663227048
495;rede;ssa;2.022100390;258;1.134;502.581;0.0351769567303275
497;rede;ssa;1.137717987;550;1.685;504.298;0.0639327156526897
498;rede;SMA;1.010179457;403;0.161;504.459;0.0386866425310276
499;rede;SMA;.821964092;27;2.532;506.991;0.0044156703260322
500;rede;ssa;1.275748335;460;0.312;507.303;0.0462637861154206
501;rede;seadec;.932073834;127;1.123;508.426;0.0194549251238626
502;rede;ssa;1.272117449;478;1.407;509.833;0.0463158279553995
503;rede;seadec;1.058668002;149;0.97;510.803;0.0196202016385114
505;rede;SMA;.888983524;27;0.052;510.923;0.0044156703260322
504;rede;SMA;1.111898060;26;0.068;510.871;0.0044156703260322
506;rede;ssa;1.013794307;578;2.253;513.176;0.0657184273159393
507;rede;seadec;.921064474;148;0.293;513.469;0.0196202016385114
508;rede;SMA;1.021997350;391;0.706;514.175;0.0386866425310276
509;rede;SMA;.855495110;186;1.923;516.098;0.027678078136308
510;rede;ssa;1.183845648;319;1.23;517.328;0.0369276456170677
511;rede;SMA;.791623016;192;0.923;518.251;0.027678078136308
512;rede;ssa;1.172970625;446;0.057;518.308;0.0464705153781347
514;rede;SMA;1.033909321;395;0.092;518.856;0.0386866425310276
513;rede;ssa;1.525842409;492;0.456;518.764;0.0468428353029938
516;rede;ssa;1.289481660;281;0.066;519.139;0.0351994025147571
515;rede;ssa;1.527226092;467;0.217;519.073;0.0463158279553995
517;rede;SMA;.777863867;184;0.816;519.955;0.027678078136308
518;rede;ssa;1.222228244;282;1.799;521.754;0.0351994025147571
519;rede;ssa;1.344770386;445;0.306;522.060;0.0464705153781347
520;rede;ssa;.940836440;580;1.621;523.681;0.0657184273159393
521;rede;ssa;1.119933131;108;0.345;524.026;0.0189752485931269
522;rede;ssa;1.206142956;536;0.474;524.500;0.0656320663227048
523;rede;SMA;.773287154;363;1.598;526.098;0.0400802183599336
524;rede;SMA;.962383156;32;1.952;528.050;0.00572928357269349
525;rede;seadec;1.009223749;146;0.19;528.240;0.0196202016385114
526;rede;ssa;1.090143180;464;0.68;528.920;0.0462637861154206
527;rede;SMA;1.052617861;409;1.537;530.457;0.0423559013427496
528;rede;ssa;1.399827805;497;0.514;530.971;0.0472776063296307
529;rede;ssa;1.089171904;471;1.134;532.105;0.0463158279553995
530;rede;seadec;.968433382;83;1.699;533.804;0.0240361194750053
531;rede;seadec;.836542019;132;1.321;535.125;0.0194549251238626
533;rede;seadec;1.023610174;164;0.241;535.468;0.0200366493973128
532;rede;SMA;1.812799367;401;0.102;535.227;0.0386866425310276
534;rede;SMA;1.166367712;360;0.585;536.053;0.0427559244477954
535;rede;ssa;1.115622324;477;0.468;536.521;0.0463158279553995
536;rede;ssa;1.374245691;246;0.503;537.024;0.034465109395276
537;rede;ssa;1.322045830;589;0.049;537.073;0.0658004472335592
538;rede;ssa;1.126075310;106;0.26;537.333;0.0189752485931269
539;rede;seadec;.747331799;124;0.733;538.066;0.0194549251238626
541;rede;SMA;.983183603;43;0.025;538.874;0.00572928357269349
542;rede;ssa;1.201831387;279;0.135;539.009;0.0351994025147571
540;rede;ssa;2.207518226;488;0.783;538.849;0.0468428353029938
543;rede;seadec;.872793164;79;1.3;540.309;0.0240361194750053
544;rede;ssa;1.131339503;434;0.973;541.282;0.0450325086617828
545;rede;ssa;1.311519585;576;0.734;542.016;0.0657184273159393
546;rede;SMA;1.019411509;214;0.645;542.661;0.0262853423085934
547;rede;SMA;1.078137296;347;0.21;542.871;0.0427559244477954
548;rede;SMA;.874584760;172;0.343;543.214;0.0303277073168743
549;rede;seadec;1.033667570;77;1.129;544.343;0.0240361194750053
550;rede;ssa;1.145647562;559;0.477;544.820;0.0650104625049824
551;rede;seadec;.838821665;47;0.695;545.515;0.00853866866997741
552;rede;SMA;1.620144485;216;0.704;546.219;0.0262853423085934
553;rede;ssa;1.296725290;427;1;547.219;0.0450325086617828
554;rede;ssa;1.002375437;560;0.344;547.563;0.0650104625049824
555;rede;ssa;1.095430510;560;0.497;548.060;0.0650104625049824
556;rede;SMA;1.000696842;22;1.063;549.123;0.0044156703260322
557;rede;ssa;1.024765102;564;0.814;549.937;0.0650104625049824
558;rede;seadec;.871807360;46;0.475;550.412;0.00853866866997741
559;rede;seadec;1.006645353;140;0.254;550.666;0.0196202016385114
560;rede;SMA;.973303719;210;0.267;550.933;0.0260920139484302
561;rede;seadec;.973089707;83;1.793;552.726;0.0240361194750053
562;rede;SMA;.980847056;352;1.735;554.461;0.0427559244477954
563;rede;seadec;.996671829;99;0.366;554.827;0.0200421445003984
564;rede;SMA;.802251449;2;2.445;557.272;0.00312822529954525
566;rede;SMA;.969636898;8;0.178;559.028;0.00312822529954525
567;rede;SMA;.979743919;185;0.123;559.151;0.027678078136308
565;rede;SMA;1.555568404;371;1.578;558.850;0.0400802183599336
568;rede;ssa;2.023986193;339;1.518;560.669;0.0377148729094167
569;rede;seadec;1.032453246;93;2.67;563.339;0.0200421445003984
570;rede;SMA;.769837947;388;0.855;564.194;0.0385801680617862
571;rede;ssa;1.181189821;551;1.594;565.788;0.0639327156526897
572;rede;SMA;.996910892;396;1.984;567.772;0.0386866425310276
573;rede;SMA;.942585414;369;0.023;567.795;0.0400802183599336
575;rede;SMA;.968329550;196;0.155;569.544;0.0260920139484302
574;rede;ssa;1.344138750;482;1.594;569.389;0.0468428353029938
576;rede;SMA;.729491650;3;1.035;570.579;0.00312822529954525
577;rede;SMA;.878715428;216;1.225;571.804;0.0262853423085934
579;rede;ssa;1.123315872;593;0.063;572.037;0.0658004472335592
578;rede;seadec;1.582753790;80;0.17;571.974;0.0240361194750053
580;rede;SMA;1.044726843;217;1.963;574.000;0.0262853423085934
581;rede;ssa;.138924494;245;1.145;575.145;0.034465109395276
582;rede;ssa;1.071740202;311;1.89;577.035;0.0360930160445306
583;rede;SMA;.876982615;210;0.537;577.572;0.0260920139484302
584;rede;ssa;1.070598398;470;1.024;578.596;0.0463158279553995
585;rede;SMA;.982530492;392;2.506;581.102;0.0386866425310276
586;rede;SMA;1.049697681;23;2.638;583.740;0.0044156703260322
587;rede;seadec;.985106324;49;0.271;584.011;0.00853866866997741
588;rede;SMA;.832226937;416;1.975;585.986;0.0423559013427496
589;rede;ssa;1.187771635;263;0.74;586.726;0.0351769567303275
591;rede;SMA;1.158394305;237;0.036;587.730;0.0294444332989678
590;rede;ssa;1.321345504;519;0.968;587.694;0.0482841409439691
592;rede;ssa;1.239178727;444;0.145;587.875;0.0464705153781347
593;rede;ssa;1.080598798;296;2.954;590.829;0.0354027676498525
594;rede;SMA;1.040990479;365;3.624;594.453;0.0400802183599336
595;rede;SMA;.959436789;7;1.959;596.412;0.00312822529954525
596;rede;SMA;.804818709;357;1.057;597.469;0.0427559244477954
597;rede;SMA;.937535910;234;0.828;598.297;0.0294444332989678
598;rede;ssa;1.117001417;590;1.877;600.174;0.0658004472335592
599;rede;seadec;.965482664;121;2.022;602.196;0.0194549251238626
600;rede;seadec;.986582873;123;1.668;603.864;0.0194549251238626
601;rede;SMA;.992562327;360;0.796;604.660;0.0427559244477954
602;rede;SMA;.775671040;383;0.505;605.165;0.0385801680617862
603;rede;ssa;1.309711514;440;1.056;606.221;0.0464705153781347
604;rede;ssa;1.282107739;438;0.436;606.657;0.0464705153781347
605;rede;seadec;.974940098;68;2.259;608.916;0.00929623085818988
606;rede;ssa;1.148826800;281;0.708;609.624;0.0351994025147571
607;rede;SMA;.841111959;171;1.224;610.848;0.0303277073168743
608;rede;seadec;.826846506;57;1.22;612.068;0.00853866866997741
609;rede;SMA;.821955891;34;2.158;614.226;0.00572928357269349
611;rede;ssa;1.147503145;559;0.529;615.605;0.0650104625049824
612;rede;seadec;.831462964;70;0.603;616.208;0.00929623085818988
610;rede;ssa;2.153004300;466;0.85;615.076;0.0463158279553995
613;rede;ssa;1.591339684;489;2.019;618.227;0.0468428353029938
614;rede;ssa;1.470215591;446;0.071;618.298;0.0464705153781347
615;rede;ssa;1.423979226;517;0.027;618.325;0.0482841409439691
616;rede;ssa;1.133095936;456;1.449;619.774;0.0462637861154206
617;rede;SMA;.972639101;182;1.045;620.819;0.027678078136308
618;rede;ssa;1.206326205;249;1.708;622.527;0.034465109395276
619;rede;SMA;1.011961685;36;1.038;623.565;0.00572928357269349
621;rede;SMA;1.002076030;44;0.038;625.146;0.00572928357269349
620;rede;ssa;1.289942886;321;1.543;625.108;0.0369276456170677
622;rede;SMA;.954112466;39;0.571;625.717;0.00572928357269349
623;rede;SMA;.785246271;199;0.159;625.876;0.0260920139484302
624;rede;ssa;1.263688492;443;0.054;625.930;0.0464705153781347
625;rede;ssa;1.389440061;427;1.335;627.265;0.0450325086617828
626;rede;seadec;1.029368389;63;0.461;627.726;0.00929623085818988
627;rede;ssa;1.176425941;562;0.079;627.805;0.0650104625049824
629;rede;SMA;.996174161;415;0.709;629.674;0.0423559013427496
628;rede;ssa;1.825932683;548;1.16;628.965;0.0639327156526897
631;rede;seadec;.896187188;87;0.16;632.054;0.0240361194750053
630;rede;ssa;1.112911890;554;2.22;631.894;0.0639327156526897
632;rede;SMA;.976903386;202;0.181;632.235;0.0260920139484302
633;rede;ssa;1.246658217;515;0.111;632.346;0.0482841409439691
634;rede;SMA;1.569278351;178;0.578;632.924;0.0303277073168743
635;rede;SMA;.957659480;367;2.611;635.535;0.0400802183599336
636;rede;SMA;.833453976;19;0.746;636.281;0.0044156703260322
637;rede;SMA;.993492237;419;1.939;638.220;0.0423559013427496
638;rede;ssa;1.179344326;515;0.429;638.649;0.0482841409439691
640;rede;SMA;.861848266;227;0.225;639.051;0.0294444332989678
639;rede;ssa;1.177543422;518;0.177;638.826;0.0482841409439691
641;rede;SMA;.801580779;400;1.449;640.500;0.0386866425310276
642;rede;ssa;1.106619176;571;1.828;642.328;0.0657184273159393
643;rede;ssa;1.212169599;254;2.358;644.686;0.034465109395276
644;rede;ssa;1.185394009;302;0.778;645.464;0.0360930160445306
645;rede;seadec;.821873458;73;0.934;646.398;0.00929623085818988
646;rede;SMA;1.082311644;215;1.59;647.988;0.0262853423085934
647;rede;SMA;.858099827;1;0.199;648.187;0.00312822529954525
648;rede;ssa;1.208753476;522;0.068;648.255;0.0482841409439691
649;rede;ssa;1.129378887;506;0.614;648.869;0.0472776063296307
650;rede;SMA;.953703032;16;2.167;651.036;0.0044156703260322
651;rede;SMA;1.004845732;43;0.372;651.408;0.00572928357269349
652;rede;ssa;1.168491458;526;0.041;651.449;0.0656320663227048
653;rede;ssa;1.306029657;248;0.931;652.380;0.034465109395276
654;rede;ssa;1.200331573;585;0.059;652.439;0.0657184273159393
655;rede;SMA;.907266882;35;0.732;653.171;0.00572928357269349
656;rede;seadec;.958880103;78;1.285;654.456;0.0240361194750053
657;rede;seadec;.805994795;126;2.245;656.701;0.0194549251238626
658;rede;SMA;1.002216300;368;0.157;656.858;0.0400802183599336
659;rede;ssa;1.151316143;563;0.435;657.293;0.0650104625049824
660;rede;SMA;.943751438;183;2.602;659.895;0.027678078136308
661;rede;SMA;.795467870;397;0.781;660.676;0.0386866425310276
663;rede;SMA;1.022107533;403;0.084;662.158;0.0386866425310276
662;rede;ssa;1.182031255;445;1.398;662.074;0.0464705153781347
664;rede;ssa;1.201230843;331;0.578;662.736;0.0377148729094167
665;rede;ssa;1.340594426;463;2.311;665.047;0.0462637861154206
666;rede;ssa;1.319514616;539;0.549;665.596;0.0656320663227048
667;rede;ssa;1.427582303;286;0.074;665.670;0.0354027676498525
668;rede;ssa;1.189884740;336;0.574;666.244;0.0377148729094167
669;rede;SMA;1.573235271;362;0.595;666.839;0.0400802183599336
672;rede;SMA;1.079081286;195;0.103;668.641;0.027678078136308
670;rede;ssa;1.582286710;434;1.61;668.449;0.0450325086617828
673;rede;SMA;1.106114174;25;0.173;668.814;0.0044156703260322
671;rede;ssa;1.521612962;564;0.089;668.538;0.0650104625049824
676;rede;SMA;.848869213;19;0.387;669.593;0.0044156703260322
674;rede;ssa;1.870407766;552;0.08;668.894;0.0639327156526897
675;rede;ssa;2.348872019;300;0.312;669.206;0.0354027676498525
677;rede;SMA;.776372590;213;2.349;671.942;0.0262853423085934
678;rede;SMA;.949223807;205;1.539;673.481;0.0260920139484302
679;rede;ssa;1.159063614;542;2.204;675.685;0.0639327156526897
680;rede;SMA;1.107338369;393;0.289;675.974;0.0386866425310276
681;rede;SMA;1.101067610;226;0.026;676.000;0.0294444332989678
682;rede;ssa;1.110565599;544;3.067;679.067;0.0639327156526897
683;rede;ssa;1.060357725;575;1.361;680.428;0.0657184273159393
684;rede;SMA;.826897206;218;0.702;681.130;0.0262853423085934
685;rede;seadec;.887175450;96;2.184;683.314;0.0200421445003984
687;rede;seadec;.943838172;87;0.021;683.433;0.0240361194750053
686;rede;ssa;1.285341832;304;0.098;683.412;0.0360930160445306
688;rede;seadec;1.007738108;124;0.935;684.368;0.0194549251238626
689;rede;SMA;.989999613;25;0.366;684.734;0.0044156703260322
691;rede;SMA;.723670919;225;0.24;685.471;0.0262853423085934
690;rede;ssa;1.202702541;253;0.497;685.231;0.034465109395276
692;rede;ssa;1.991456513;331;1.06;686.531;0.0377148729094167
693;rede;seadec;.984875009;133;5.99;692.521;0.0194549251238626
694;rede;seadec;.791858566;139;0.386;692.907;0.0196202016385114
695;rede;SMA;.968203374;210;0.481;693.388;0.0260920139484302
696;rede;seadec;1.027672398;67;0.672;694.060;0.00929623085818988
697;rede;SMA;.798068478;177;0.998;695.058;0.0303277073168743
698;rede;ssa;1.160317659;439;0.194;695.252;0.0464705153781347
699;rede;ssa;1.430720383;266;0.286;695.538;0.0351769567303275
700;rede;ssa;1.689707174;572;0.012;695.550;0.0657184273159393
701;rede;ssa;1.540293159;317;0.153;695.703;0.0369276456170677
702;rede;ssa;1.526284748;436;0.017;695.720;0.0464705153781347
703;rede;seadec;.739905607;163;0.851;696.571;0.0200366493973128
704;rede;ssa;.978985505;540;0.799;697.370;0.0656320663227048
705;rede;SMA;.949428979;34;0.217;697.587;0.00572928357269349
706;rede;seadec;1.590432061;104;1.255;698.842;0.0200421445003984
707;rede;ssa;1.317999792;457;0.857;699.699;0.0462637861154206
708;rede;seadec;.766324744;104;1.237;700.936;0.0200421445003984
709;rede;SMA;.976537730;221;0.643;701.579;0.0262853423085934
710;rede;seadec;.981075625;86;1.813;703.392;0.0240361194750053
711;rede;ssa;2.182629653;425;0.665;704.057;0.0450325086617828
712;rede;ssa;1.253769650;517;1.427;705.484;0.0482841409439691
713;rede;ssa;1.254998536;261;0.03;705.514;0.0351769567303275
714;rede;ssa;.984022172;285;0.275;705.789;0.0351994025147571
715;rede;seadec;.778722459;53;0.985;706.774;0.00853866866997741
716;rede;SMA;.999962529;418;0.779;707.553;0.0423559013427496
717;rede;ssa;1.236697282;327;0.127;707.680;0.0369276456170677
718;rede;ssa;.963396257;506;0.462;708.142;0.0472776063296307
719;rede;seadec;.967239961;102;7.1;715.242;0.0200421445003984
720;rede;SMA;.970389250;234;0.257;715.499;0.0294444332989678
721;rede;SMA;.796093929;225;1.176;716.675;0.0262853423085934
722;rede;SMA;.958134506;3;2.452;719.127;0.00312822529954525
723;rede;SMA;1.043082695;375;0.352;719.479;0.0400802183599336
724;rede;SMA;.743606798;376;0.218;719.697;0.0385801680617862
725;rede;ssa;1.100105012;488;2.617;722.314;0.0468428353029938
726;rede;ssa;1.104506318;554;1.289;723.603;0.0639327156526897
727;rede;ssa;1.190972216;290;2.653;726.256;0.0354027676498525
728;rede;ssa;1.125431328;449;0.589;726.845;0.0464705153781347
729;rede;ssa;1.955959223;280;0.635;727.480;0.0351994025147571
730;rede;SMA;.949978879;12;1.313;728.793;0.00312822529954525
733;rede;SMA;.763033833;21;0.185;735.065;0.0044156703260322
732;rede;SMA;1.043412524;236;0.217;734.880;0.0294444332989678
731;rede;ssa;1.372407430;454;5.87;734.663;0.0462637861154206
734;rede;SMA;.767281279;19;0.273;735.338;0.0044156703260322
735;rede;ssa;1.131690945;242;0.714;736.052;0.034465109395276
736;rede;ssa;1.306482619;297;1.512;737.564;0.0354027676498525
737;rede;ssa;1.257226934;560;0.051;737.615;0.0650104625049824
739;rede;SMA;.852399458;187;0.195;738.563;0.027678078136308
738;rede;ssa;1.797987223;551;0.753;738.368;0.0639327156526897
741;rede;ssa;1.281412417;296;0.099;739.029;0.0354027676498525
742;rede;seadec;1.025480325;62;0.24;739.269;0.00929623085818988
740;rede;ssa;1.539597579;450;0.367;738.930;0.0464705153781347
743;rede;seadec;.772846845;67;0.878;740.147;0.00929623085818988
744;rede;SMA;.773977444;235;0.831;740.978;0.0294444332989678
745;rede;SMA;.921980389;8;0.204;741.182;0.00312822529954525
746;rede;SMA;1.014456136;215;1.728;742.910;0.0262853423085934
747;rede;seadec;.772955342;57;0.518;743.428;0.00853866866997741
748;rede;ssa;1.339312962;492;0.965;744.393;0.0468428353029938
749;rede;ssa;1.006531555;336;1.957;746.350;0.0377148729094167
750;rede;ssa;1.283293323;448;0.44;746.790;0.0464705153781347
751;rede;SMA;1.563889228;365;0.48;747.270;0.0400802183599336
752;rede;seadec;.863890183;156;1.53;748.800;0.0200366493973128
753;rede;seadec;1.079827620;143;0.074;748.874;0.0196202016385114
754;rede;ssa;1.302121410;287;0.141;749.015;0.0354027676498525
755;rede;ssa;1.337266852;456;0.658;749.673;0.0462637861154206
756;rede;SMA;.982877141;181;0.715;750.388;0.027678078136308
757;rede;SMA;.994900405;12;1.473;751.861;0.00312822529954525
758;rede;seadec;1.006882218;54;0.354;752.215;0.00853866866997741
759;rede;SMA;.971473549;40;2.79;755.005;0.00572928357269349
760;rede;ssa;1.213632199;324;1.893;756.898;0.0369276456170677
762;rede;ssa;1.093845646;508;0.67;758.168;0.0472776063296307
761;rede;ssa;1.930692252;245;0.6;757.498;0.034465109395276
763;rede;seadec;.752209039;104;0.449;758.617;0.0200421445003984
764;rede;ssa;1.084429647;270;0.816;759.433;0.0351769567303275
766;rede;SMA;.795259029;40;0.299;760.018;0.00572928357269349
765;rede;ssa;1.352952568;438;0.286;759.719;0.0464705153781347
767;rede;SMA;.965275245;11;0.448;760.466;0.00312822529954525
768;rede;ssa;1.290626974;422;1.779;762.245;0.0450325086617828
769;rede;SMA;.717580769;31;0.974;763.219;0.00572928357269349
770;rede;SMA;.956244741;349;1.245;764.464;0.0427559244477954
771;rede;SMA;.743874680;2;2.965;767.429;0.00312822529954525
772;rede;ssa;1.190880426;547;1.007;768.436;0.0639327156526897
773;rede;ssa;.980250914;510;0.203;768.639;0.0472776063296307
774;rede;ssa;1.287729297;298;0.048;768.687;0.0354027676498525
776;rede;SMA;.758494982;417;0.552;769.316;0.0423559013427496
775;rede;ssa;1.404674559;477;0.077;768.764;0.0463158279553995
777;rede;seadec;1.018545418;134;2.086;771.402;0.0194549251238626
778;rede;SMA;1.014023917;9;0.411;771.813;0.00312822529954525
779;rede;ssa;.950062258;117;3.349;775.162;0.0189752485931269
780;rede;SMA;.951341663;26;0.563;775.725;0.0044156703260322
782;rede;SMA;.996886109;33;0.105;776.398;0.00572928357269349
781;rede;ssa;1.307401237;299;0.568;776.293;0.0354027676498525
784;rede;SMA;.810812101;347;0.347;776.890;0.0427559244477954
783;rede;ssa;1.380515467;431;0.145;776.543;0.0450325086617828
785;rede;ssa;1.047833754;467;0.747;777.637;0.0463158279553995
786;rede;ssa;1.329944125;423;1.066;778.703;0.0450325086617828
787;rede;ssa;1.166647137;118;0.615;779.318;0.0189752485931269
788;rede;ssa;1.272222758;328;1.089;780.407;0.0369276456170677
789;rede;seadec;1.012960171;164;3.439;783.846;0.0200366493973128
790;rede;ssa;1.258374416;276;0.386;784.232;0.0351994025147571
791;rede;ssa;1.037195014;109;0.523;784.755;0.0189752485931269
792;rede;seadec;.923542678;91;0.091;784.846;0.0200421445003984
793;rede;seadec;1.038553897;63;0.934;785.780;0.00929623085818988
794;rede;SMA;.993396853;20;0.074;785.854;0.0044156703260322
795;rede;ssa;1.224393366;342;0.708;786.562;0.0377148729094167
798;rede;ssa;1.264820281;335;0.605;789.064;0.0377148729094167
796;rede;ssa;2.566082617;323;1.834;788.396;0.0369276456170677
797;rede;ssa;2.434377411;316;0.063;788.459;0.0369276456170677
799;rede;ssa;1.105210675;508;0.816;789.880;0.0472776063296307
800;rede;ssa;1.337506522;472;0.628;790.508;0.0463158279553995
801;rede;seadec;1.231825302;95;0.12;790.628;0.0200421445003984
802;rede;seadec;1.034188173;89;0.41;791.038;0.0240361194750053
803;rede;SMA;1.006794522;382;0.094;791.132;0.0385801680617862
804;rede;ssa;1.866668117;534;0.627;791.759;0.0656320663227048
805;rede;ssa;1.326721325;430;0.614;792.373;0.0450325086617828
806;rede;SMA;1.067147845;371;0.318;792.691;0.0400802183599336
807;rede;seadec;.858106741;79;2.385;795.076;0.0240361194750053
808;rede;ssa;1.227021665;241;0.461;795.537;0.034465109395276
809;rede;ssa;1.378830869;485;0.025;795.562;0.0468428353029938
810;rede;seadec;.859381696;160;1.279;796.841;0.0200366493973128
811;rede;ssa;1.104918582;541;1.605;798.446;0.0639327156526897
812;rede;SMA;.987105474;232;2.278;800.724;0.0294444332989678
813;rede;ssa;1.205524094;285;1.519;802.243;0.0351994025147571
814;rede;seadec;.759840227;131;0.888;803.131;0.0194549251238626
815;rede;ssa;1.262227598;431;1.014;804.145;0.0450325086617828
817;rede;SMA;.960782666;223;0.698;805.973;0.0262853423085934
816;rede;ssa;1.862494358;547;1.13;805.275;0.0639327156526897
818;rede;SMA;.839041979;227;1.043;807.016;0.0294444332989678
819;rede;ssa;1.114171524;520;3.713;810.729;0.0482841409439691
820;rede;seadec;.823567408;135;0.84;811.569;0.0194549251238626
821;rede;seadec;.843428377;133;0.057;811.626;0.0194549251238626
822;rede;ssa;1.850398584;599;1.626;813.252;0.0658004472335592
823;rede;ssa;1.124022620;560;1.315;814.567;0.0650104625049824
824;rede;ssa;1.144667019;117;0.073;814.640;0.0189752485931269
825;rede;seadec;.748411822;126;0.796;815.436;0.0194549251238626
826;rede;SMA;.997790868;168;1.316;816.752;0.0303277073168743
827;rede;SMA;.839848292;368;0.696;817.448;0.0400802183599336
829;rede;SMA;.793694638;11;0.001;817.527;0.00312822529954525
828;rede;ssa;1.998376673;255;0.078;817.526;0.034465109395276
830;rede;ssa;1.228748196;328;0.989;818.516;0.0369276456170677
831;rede;seadec;.852906591;60;0.351;818.867;0.00853866866997741
832;rede;ssa;1.044012672;504;0.009;818.876;0.0472776063296307
833;rede;SMA;1.007169230;37;0.548;819.424;0.00572928357269349
834;rede;ssa;1.283822624;338;0.358;819.782;0.0377148729094167
835;rede;ssa;1.019303168;562;0.468;820.250;0.0650104625049824
836;rede;ssa;1.215340052;259;0.5;820.750;0.0351769567303275
837;rede;SMA;.800759471;364;0.996;821.746;0.0400802183599336
838;rede;SMA;.960790153;386;1.234;822.980;0.0385801680617862
839;rede;ssa;1.076995728;425;0.349;823.329;0.0450325086617828
840;rede;ssa;1.086817344;274;2.325;825.654;0.0351994025147571
841;rede;SMA;.892959671;216;0.658;826.312;0.0262853423085934
842;rede;ssa;1.216909328;597;3.505;829.817;0.0658004472335592
843;rede;seadec;.743219145;50;2.42;832.237;0.00853866866997741
844;rede;ssa;1.292450408;309;0.213;832.450;0.0360930160445306
845;rede;ssa;1.256179634;249;0.213;832.663;0.034465109395276
846;rede;SMA;.834011788;197;0.472;833.135;0.0260920139484302
847;rede;SMA;.980032099;170;1.636;834.771;0.0303277073168743
848;rede;SMA;.823637514;188;0.365;835.136;0.027678078136308
850;rede;seadec;.921525259;75;0.04;835.199;0.00929623085818988
849;rede;ssa;1.368055562;447;0.023;835.159;0.0464705153781347
851;rede;SMA;.989495408;390;2.232;837.431;0.0385801680617862
852;rede;ssa;1.118228655;118;0.247;837.678;0.0189752485931269
853;rede;seadec;.770695321;68;1.146;838.824;0.00929623085818988
855;rede;SMA;1.018543736;186;0.008;839.409;0.027678078136308
854;rede;ssa;1.204755690;529;0.577;839.401;0.0656320663227048
856;rede;SMA;1.029648141;21;0.345;839.754;0.0044156703260322
857;rede;SMA;1.007996638;414;2.884;842.638;0.0423559013427496
859;rede;SMA;.833605111;233;0.237;843.859;0.0294444332989678
858;rede;ssa;1.400565864;480;0.984;843.622;0.0463158279553995
860;rede;seadec;1.101826311;74;0.188;844.047;0.00929623085818988
861;rede;SMA;.836098447;362;3.313;847.360;0.0400802183599336
862;rede;ssa;1.241704420;304;1.268;848.628;0.0360930160445306
863;rede;ssa;1.141449735;429;0.94;849.568;0.0450325086617828
865;rede;SMA;.794544048;191;0.152;850.662;0.027678078136308
864;rede;ssa;1.196550239;253;0.942;850.510;0.034465109395276
866;rede;ssa;1.133064333;506;4.123;854.785;0.0472776063296307
867;rede;seadec;.985162427;161;0.627;855.412;0.0200366493973128
868;rede;SMA;.757159116;5;0.337;855.749;0.00312822529954525
871;rede;ssa;1.317180640;473;0.372;857.267;0.0463158279553995
869;rede;ssa;2.673605521;460;0.884;856.633;0.0462637861154206
870;rede;ssa;2.488132329;336;0.262;856.895;0.0377148729094167
872;rede;SMA;.974167522;189;3.467;860.734;0.027678078136308
874;rede;SMA;.831721470;204;0.36;861.478;0.0260920139484302
873;rede;ssa;1.355209426;470;0.384;861.118;0.0463158279553995
875;rede;ssa;1.092432619;558;0.126;861.604;0.0650104625049824
876;rede;SMA;.953533594;193;0.886;862.490;0.027678078136308
877;rede;SMA;.792921077;377;1.23;863.720;0.0385801680617862
878;rede;seadec;.986319818;163;0.361;864.081;0.0200366493973128
879;rede;ssa;1.322005905;425;0.26;864.341;0.0450325086617828
880;rede;ssa;1.058519922;120;1.294;865.635;0.0189752485931269
881;rede;ssa;1.152855115;500;2.925;868.560;0.0472776063296307
882;rede;SMA;.746308167;367;2.504;871.064;0.0400802183599336
883;rede;SMA;1.026752864;402;1.432;872.496;0.0386866425310276
884;rede;SMA;.994200116;193;0.02;872.516;0.027678078136308
885;rede;ssa;1.217581692;300;1.435;873.951;0.0354027676498525
886;rede;SMA;.915969696;201;1.647;875.598;0.0260920139484302
887;rede;ssa;1.336902608;486;1.213;876.811;0.0468428353029938
888;rede;ssa;1.313579018;475;0.008;876.819;0.0463158279553995
889;rede;ssa;1.246383672;290;2.077;878.896;0.0354027676498525
890;rede;SMA;.829917780;377;0.452;879.348;0.0385801680617862
891;rede;ssa;2.438044518;336;0.588;879.936;0.0377148729094167
892;rede;ssa;2.180464491;113;0.267;880.203;0.0189752485931269
893;rede;seadec;1.021210700;51;1.584;881.787;0.00853866866997741
894;rede;ssa;1.334327798;477;0.877;882.664;0.0463158279553995
895;rede;SMA;.728785290;34;1.954;884.618;0.00572928357269349
897;rede;ssa;1.196358461;521;0.121;885.942;0.0482841409439691
896;rede;ssa;1.428458000;489;1.203;885.821;0.0468428353029938
898;rede;ssa;.980377361;271;1.101;887.043;0.0351994025147571
899;rede;ssa;1.824674951;588;2.172;889.215;0.0658004472335592
900;rede;SMA;.967413578;399;1.431;890.646;0.0386866425310276
901;rede;ssa;1.443165711;475;1.56;892.206;0.0463158279553995
902;rede;ssa;1.185555065;512;0.621;892.827;0.0482841409439691
903;rede;ssa;1.340198947;450;2.082;894.909;0.0464705153781347
905;rede;seadec;.807602132;47;0.014;895.319;0.00853866866997741
904;rede;SMA;1.017324494;8;0.396;895.305;0.00312822529954525
906;rede;ssa;1.559091908;494;0.771;896.090;0.0468428353029938
908;rede;SMA;1.026997179;220;0.133;896.492;0.0262853423085934
907;rede;ssa;1.338556337;501;0.269;896.359;0.0472776063296307
909;rede;ssa;1.894535590;569;0.268;896.760;0.0650104625049824
910;rede;seadec;1.025371283;62;2.005;898.765;0.00929623085818988
911;rede;SMA;.744704463;207;1.158;899.923;0.0260920139484302
912;rede;SMA;.941729715;31;1.128;901.051;0.00572928357269349
913;rede;ssa;1.258944555;326;0.237;901.288;0.0369276456170677
914;rede;SMA;.843516580;189;1.081;902.369;0.027678078136308
917;rede;ssa;1.326317387;496;0.255;903.267;0.0472776063296307
915;rede;SMA;1.833095364;199;0.512;902.881;0.0260920139484302
916;rede;seadec;1.808540084;64;0.131;903.012;0.00929623085818988
918;rede;ssa;.998222796;555;1.262;904.529;0.0639327156526897
919;rede;ssa;1.131822507;571;0.317;904.846;0.0657184273159393
920;rede;SMA;.746516991;193;0.366;905.212;0.027678078136308
922;rede;SMA;1.010250916;383;0.535;906.300;0.0385801680617862
921;rede;SMA;1.613147742;394;0.553;905.765;0.0386866425310276
923;rede;ssa;1.133291311;563;4.579;910.879;0.0650104625049824
924;rede;SMA;.973489643;416;1.87;912.749;0.0423559013427496
925;rede;seadec;.984607158;152;2.503;915.252;0.0200366493973128
928;rede;seadec;.743584035;104;0.02;915.881;0.0200421445003984
927;rede;seadec;1.974730156;147;0.284;915.861;0.0196202016385114
926;rede;ssa;2.406227057;260;0.325;915.577;0.0351769567303275
930;rede;ssa;1.371451289;325;0.145;917.027;0.0369276456170677
929;rede;ssa;1.623743488;465;1.001;916.882;0.0462637861154206
931;rede;seadec;1.016051429;96;1.062;918.089;0.0200421445003984
933;rede;seadec;1.040518253;130;0.08;918.242;0.0194549251238626
934;rede;SMA;.739073179;418;0.278;918.520;0.0423559013427496
932;rede;ssa;1.315890307;331;0.073;918.162;0.0377148729094167
935;rede;ssa;1.834978054;538;0.118;918.638;0.0656320663227048
937;rede;SMA;.963480337;42;0.068;921.681;0.00572928357269349
936;rede;ssa;1.208762036;555;2.975;921.613;0.0639327156526897
938;rede;ssa;.960125591;600;0.732;922.413;0.0658004472335592
939;rede;ssa;1.240904690;255;1.153;923.566;0.034465109395276
940;rede;SMA;.982311973;213;0.256;923.822;0.0262853423085934
941;rede;SMA;.948649134;42;1.363;925.185;0.00572928357269349
942;rede;ssa;1.342237363;457;3.918;929.103;0.0462637861154206
943;rede;ssa;1.359386728;460;0.181;929.284;0.0462637861154206
944;rede;ssa;1.821569723;562;0.73;930.014;0.0650104625049824
945;rede;ssa;1.297003808;437;2.943;932.957;0.0464705153781347
946;rede;ssa;1.134041076;578;1.418;934.375;0.0657184273159393
947;rede;SMA;.763207531;390;1.442;935.817;0.0385801680617862
948;rede;ssa;1.326577466;429;0.061;935.878;0.0450325086617828
949;rede;ssa;1.173009091;517;0.348;936.226;0.0482841409439691
950;rede;seadec;1.903166253;99;5.838;942.064;0.0200421445003984
951;rede;SMA;1.825755682;1;0.044;942.108;0.00312822529954525
952;rede;ssa;1.215450027;256;1.468;943.576;0.0351769567303275
953;rede;ssa;1.074653194;475;1.338;944.914;0.0463158279553995
954;rede;SMA;.979149779;193;0.661;945.575;0.027678078136308
955;rede;SMA;.740847518;8;1.242;946.817;0.00312822529954525
956;rede;SMA;.897119241;377;0.246;947.063;0.0385801680617862
957;rede;seadec;1.010475313;56;0.211;947.274;0.00853866866997741
958;rede;seadec;1.009229520;91;0.08;947.354;0.0200421445003984
959;rede;seadec;.996300487;149;0.169;947.523;0.0196202016385114
961;rede;SMA;.715823269;178;0.396;948.465;0.0303277073168743
960;rede;seadec;1.568339786;96;0.546;948.069;0.0200421445003984
962;rede;ssa;1.181303313;538;0.682;949.147;0.0656320663227048
963;rede;SMA;1.039410075;362;0.161;949.308;0.0400802183599336
964;rede;seadec;.757465583;131;0.894;950.202;0.0194549251238626
965;rede;seadec;.975054502;84;1.676;951.878;0.0240361194750053
966;rede;SMA;.999672025;27;0.534;952.412;0.0044156703260322
968;rede;SMA;.756469746;211;0.707;953.588;0.0262853423085934
967;rede;seadec;1.584982171;71;0.469;952.881;0.00929623085818988
969;rede;SMA;.993839284;229;1.344;954.932;0.0294444332989678
970;rede;SMA;1.031721867;230;0.094;955.026;0.0294444332989678
971;rede;ssa;1.347696124;463;0.499;955.525;0.0462637861154206
972;rede;SMA;.956749689;34;0.909;956.434;0.00572928357269349
973;rede;seadec;1.033491822;157;0.257;956.691;0.0200366493973128
974;rede;SMA;1.085648642;378;2.052;958.743;0.0385801680617862
975;rede;ssa;1.427642192;492;0.036;958.779;0.0468428353029938
976;rede;SMA;.989766974;222;0.431;959.210;0.0262853423085934
978;rede;ssa;1.110838410;458;0.261;960.007;0.0462637861154206
977;rede;ssa;1.838791693;510;0.536;959.746;0.0472776063296307
979;rede;SMA;.953284923;21;0.633;960.640;0.0044156703260322
980;rede;ssa;1.282161022;253;1.358;961.998;0.034465109395276
981;rede;SMA;1.231655192;377;0.079;962.077;0.0385801680617862
982;rede;ssa;1.324304731;502;0.204;962.281;0.0472776063296307
983;rede;SMA;.754523682;202;4.089;966.370;0.0260920139484302
984;rede;SMA;.947882625;172;2.432;968.802;0.0303277073168743
985;rede;seadec;.812405985;123;1.028;969.830;0.0194549251238626
986;rede;SMA;.977558744;415;2.206;972.036;0.0423559013427496
987;rede;SMA;.809543656;228;0.41;972.446;0.0294444332989678
988;rede;SMA;.983167031;416;2.267;974.713;0.0423559013427496
989;rede;ssa;1.032978798;440;0.993;975.706;0.0464705153781347
990;rede;SMA;.982008412;391;1.129;976.835;0.0386866425310276
991;rede;SMA;.783921970;200;1.246;978.081;0.0260920139484302
992;rede;ssa;1.149898200;534;0.571;978.652;0.0656320663227048
994;rede;ssa;.996512666;243;0.525;979.386;0.034465109395276
993;rede;ssa;1.985097305;555;0.209;978.861;0.0639327156526897
995;rede;SMA;.968991821;23;1.585;980.971;0.0044156703260322
996;rede;seadec;1.021999634;87;0.087;981.058;0.0240361194750053
997;rede;seadec;.999160390;147;1.538;982.596;0.0196202016385114
999;rede;SMA;.897316593;19;0.026;983.559;0.0044156703260322
998;rede;ssa;1.104610989;559;0.937;983.533;0.0650104625049824
