0;roundrobin;SMA;1.909230447;406;1.007;1.007;0.0423559013427496
1;roundrobin;SMA;2.209242160;198;0.055;1.062;0.0260920139484302
2;roundrobin;ssa;2.062915063;115;0.88;1.942;0.0189752485931269
3;roundrobin;SMA;2.157398427;27;0.294;2.236;0.0044156703260322
4;roundrobin;SMA;1.966485897;346;0.199;2.435;0.0427559244477954
5;roundrobin;SMA;2.248006025;29;0.163;2.598;0.0044156703260322
6;roundrobin;ssa;2.241471884;488;0.718;3.316;0.0468428353029938
7;roundrobin;ssa;2.439194706;332;0.612;3.928;0.0377148729094167
8;roundrobin;ssa;2.133113595;583;2.705;6.633;0.0657184273159393
10;roundrobin;ssa;2.415665235;263;0.409;7.280;0.0351769567303275
9;roundrobin;SMA;2.924598354;211;0.238;6.871;0.0262853423085934
12;roundrobin;seadec;2.161644764;150;0.084;8.939;0.0196202016385114
13;roundrobin;ssa;2.195816763;343;0.013;8.952;0.0377148729094167
11;roundrobin;seadec;2.940005899;132;1.575;8.855;0.0194549251238626
14;roundrobin;ssa;2.432462880;549;0.225;9.177;0.0639327156526897
15;roundrobin;seadec;2.295022670;74;0.39;9.567;0.00929623085818988
16;roundrobin;seadec;1.919471918;89;1.974;11.541;0.0240361194750053
17;roundrobin;ssa;2.425724674;586;0.238;11.779;0.0658004472335592
18;roundrobin;seadec;1.927307130;157;1.404;13.183;0.0200366493973128
19;roundrobin;ssa;2.457916319;335;0.276;13.459;0.0377148729094167
20;roundrobin;ssa;2.102810421;523;3.24;16.699;0.0482841409439691
21;roundrobin;ssa;2.513757019;421;0.49;17.189;0.0450325086617828
22;roundrobin;ssa;2.112021772;597;2.086;19.275;0.0658004472335592
23;roundrobin;SMA;2.196533356;215;0.268;19.543;0.0262853423085934
24;roundrobin;ssa;2.194463481;255;1.184;20.727;0.034465109395276
25;roundrobin;SMA;2.135777056;214;0.804;21.531;0.0262853423085934
26;roundrobin;seadec;1.876349432;148;1.766;23.297;0.0196202016385114
27;roundrobin;ssa;3.519191812;441;2.016;25.313;0.0464705153781347
28;roundrobin;ssa;2.281218630;499;1.504;26.817;0.0472776063296307
29;roundrobin;SMA;2.298921119;418;0.059;26.876;0.0423559013427496
30;roundrobin;ssa;2.190507404;343;1.204;28.080;0.0377148729094167
31;roundrobin;seadec;2.220776841;85;0.087;28.167;0.0240361194750053
32;roundrobin;ssa;2.576327651;272;0.574;28.741;0.0351994025147571
33;roundrobin;ssa;2.404711632;556;0.974;29.715;0.0650104625049824
34;roundrobin;seadec;1.927880269;161;0.676;30.391;0.0200366493973128
36;roundrobin;SMA;1.887916194;366;0.282;30.821;0.0400802183599336
35;roundrobin;ssa;2.549871655;497;0.148;30.539;0.0472776063296307
38;roundrobin;SMA;1.871829431;235;0.041;31.474;0.0294444332989678
37;roundrobin;seadec;2.170776948;66;0.612;31.433;0.00929623085818988
39;roundrobin;ssa;2.409624920;557;0.394;31.868;0.0650104625049824
40;roundrobin;ssa;2.186646188;242;3.202;35.070;0.034465109395276
42;roundrobin;ssa;2.155329517;502;0.183;35.767;0.0472776063296307
41;roundrobin;ssa;2.440920445;331;0.514;35.584;0.0377148729094167
43;roundrobin;ssa;2.478792673;519;0.02;35.787;0.0482841409439691
44;roundrobin;seadec;1.936853473;78;0.711;36.498;0.0240361194750053
45;roundrobin;SMA;2.160057853;177;0.185;36.683;0.0303277073168743
46;roundrobin;SMA;1.925108339;217;2.369;39.052;0.0262853423085934
48;roundrobin;ssa;2.091774735;583;0.213;40.279;0.0657184273159393
47;roundrobin;ssa;2.426094166;120;1.014;40.066;0.0189752485931269
50;roundrobin;SMA;1.963623786;211;0.194;40.621;0.0262853423085934
49;roundrobin;ssa;2.599448858;442;0.148;40.427;0.0464705153781347
51;roundrobin;SMA;2.242663310;35;0.14;40.761;0.00572928357269349
52;roundrobin;ssa;2.118551164;570;1.412;42.173;0.0650104625049824
53;roundrobin;SMA;2.191970695;374;0.251;42.424;0.0400802183599336
54;roundrobin;SMA;1.888552281;38;0.941;43.365;0.00572928357269349
55;roundrobin;SMA;2.148776932;213;1.774;45.139;0.0262853423085934
56;roundrobin;ssa;2.281468999;454;1.022;46.161;0.0462637861154206
58;roundrobin;SMA;1.985314715;16;0.145;46.482;0.0044156703260322
57;roundrobin;seadec;2.221503916;145;0.176;46.337;0.0196202016385114
59;roundrobin;seadec;2.184012687;153;0.31;46.792;0.0200366493973128
60;roundrobin;SMA;1.915200730;14;0.275;47.067;0.00312822529954525
61;roundrobin;ssa;2.543077223;499;1.217;48.284;0.0472776063296307
62;roundrobin;ssa;2.237391526;447;1.747;50.031;0.0464705153781347
63;roundrobin;SMA;2.193735801;395;1.444;51.475;0.0386866425310276
64;roundrobin;ssa;2.128319834;593;1.931;53.406;0.0658004472335592
66;roundrobin;ssa;2.154187264;325;0.21;55.891;0.0369276456170677
65;roundrobin;ssa;2.461132767;253;2.275;55.681;0.034465109395276
67;roundrobin;ssa;2.410032901;524;1.545;57.436;0.0482841409439691
68;roundrobin;ssa;2.059476810;518;1.257;58.693;0.0482841409439691
69;roundrobin;SMA;2.146848992;232;1.085;59.778;0.0294444332989678
70;roundrobin;ssa;2.112355107;117;0.078;59.856;0.0189752485931269
71;roundrobin;seadec;2.174457581;154;1.879;61.735;0.0200366493973128
72;roundrobin;SMA;1.879633462;230;0.491;62.226;0.0294444332989678
73;roundrobin;SMA;2.143337511;415;0.343;62.569;0.0423559013427496
74;roundrobin;SMA;1.878762534;42;1.793;64.362;0.00572928357269349
76;roundrobin;SMA;1.917039657;198;0.013;64.581;0.0260920139484302
75;roundrobin;SMA;2.153148554;202;0.206;64.568;0.0260920139484302
77;roundrobin;SMA;2.160188051;227;1.821;66.402;0.0294444332989678
78;roundrobin;seadec;1.932694675;147;0.891;67.293;0.0196202016385114
79;roundrobin;SMA;2.150117485;349;0.801;68.094;0.0427559244477954
80;roundrobin;ssa;2.077960651;535;3.019;71.113;0.0656320663227048
81;roundrobin;SMA;2.162500100;397;0.209;71.322;0.0386866425310276
82;roundrobin;ssa;2.092264059;558;0.784;72.106;0.0650104625049824
83;roundrobin;ssa;2.508667116;479;1.161;73.267;0.0463158279553995
84;roundrobin;SMA;1.920826145;361;1.593;74.860;0.0400802183599336
86;roundrobin;ssa;2.092713245;540;0.188;76.469;0.0656320663227048
85;roundrobin;ssa;2.443677925;336;1.421;76.281;0.0377148729094167
87;roundrobin;seadec;2.185287083;47;1.612;78.081;0.00853866866997741
88;roundrobin;seadec;1.872600848;105;0.526;78.607;0.0200421445003984
89;roundrobin;SMA;2.181247203;363;0.121;78.728;0.0400802183599336
90;roundrobin;ssa;2.176279685;288;0.98;79.708;0.0354027676498525
91;roundrobin;ssa;2.452613857;254;0.165;79.873;0.034465109395276
92;roundrobin;SMA;1.872505152;230;2.214;82.087;0.0294444332989678
94;roundrobin;SMA;1.869729139;183;0.121;82.349;0.027678078136308
93;roundrobin;ssa;2.548859483;499;0.141;82.228;0.0472776063296307
95;roundrobin;SMA;2.163986378;179;1.186;83.535;0.0303277073168743
96;roundrobin;ssa;2.194684242;333;0.727;84.262;0.0377148729094167
97;roundrobin;SMA;2.230335746;403;0.292;84.554;0.0386866425310276
98;roundrobin;ssa;2.175123018;330;0.509;85.063;0.0369276456170677
100;roundrobin;ssa;2.141799875;598;0.029;86.434;0.0658004472335592
99;roundrobin;ssa;2.499893574;576;1.342;86.405;0.0657184273159393
102;roundrobin;ssa;2.265459837;274;0.051;86.570;0.0351994025147571
101;roundrobin;SMA;2.359749111;414;0.085;86.519;0.0423559013427496
103;roundrobin;ssa;2.571441419;255;0.045;86.615;0.034465109395276
104;roundrobin;ssa;2.232044334;436;1.414;88.029;0.0464705153781347
105;roundrobin;SMA;2.150257156;214;0.816;88.845;0.0262853423085934
106;roundrobin;seadec;1.912049789;97;2.188;91.033;0.0200421445003984
107;roundrobin;SMA;2.187729032;391;1.265;92.298;0.0386866425310276
108;roundrobin;seadec;1.914132384;99;0.44;92.738;0.0200421445003984
109;roundrobin;SMA;2.158188373;389;2.866;95.604;0.0385801680617862
111;roundrobin;seadec;1.918465820;60;0.375;96.619;0.00853866866997741
112;roundrobin;seadec;1.872194627;54;0.699;97.318;0.00853866866997741
110;roundrobin;ssa;3.467172975;569;0.64;96.244;0.0650104625049824
113;roundrobin;seadec;2.184547929;129;1.378;98.696;0.0194549251238626
114;roundrobin;ssa;2.250455473;494;0.574;99.270;0.0468428353029938
115;roundrobin;SMA;2.153351456;43;0.191;99.461;0.00572928357269349
116;roundrobin;seadec;1.975752667;150;0.363;99.824;0.0196202016385114
117;roundrobin;SMA;2.165451521;189;2.483;102.307;0.027678078136308
118;roundrobin;ssa;2.208787607;323;0.718;103.025;0.0369276456170677
119;roundrobin;SMA;2.131152472;172;1.12;104.145;0.0303277073168743
120;roundrobin;seadec;1.915111479;68;1.508;105.653;0.00929623085818988
121;roundrobin;ssa;2.419621265;322;0.501;106.154;0.0369276456170677
122;roundrobin;ssa;2.208798641;485;1.083;107.237;0.0468428353029938
123;roundrobin;ssa;2.497141206;484;0.614;107.851;0.0468428353029938
124;roundrobin;SMA;1.871668023;174;0.7;108.551;0.0303277073168743
125;roundrobin;ssa;2.502363381;496;0.186;108.737;0.0472776063296307
126;roundrobin;ssa;2.094644965;530;1.636;110.373;0.0656320663227048
127;roundrobin;seadec;2.199291213;86;1.788;112.161;0.0240361194750053
128;roundrobin;ssa;2.132528564;289;1.655;113.816;0.0354027676498525
129;roundrobin;SMA;2.161563052;216;0.084;113.900;0.0262853423085934
130;roundrobin;SMA;1.920208296;197;0.511;114.411;0.0260920139484302
131;roundrobin;ssa;2.489176541;437;0.936;115.347;0.0464705153781347
132;roundrobin;SMA;1.913904607;372;3.737;119.084;0.0400802183599336
133;roundrobin;ssa;2.462209305;311;0.365;119.449;0.0360930160445306
134;roundrobin;SMA;1.883647844;237;0.745;120.194;0.0294444332989678
135;roundrobin;ssa;2.433153974;519;1.178;121.372;0.0482841409439691
136;roundrobin;ssa;2.257001487;426;0.912;122.284;0.0450325086617828
137;roundrobin;SMA;2.156928211;213;0.17;122.454;0.0262853423085934
138;roundrobin;ssa;2.178665131;570;0.234;122.688;0.0650104625049824
139;roundrobin;SMA;2.188316659;9;0.134;122.822;0.00312822529954525
140;roundrobin;SMA;1.937356411;370;1.356;124.178;0.0400802183599336
141;roundrobin;seadec;2.233344987;103;0.665;124.843;0.0200421445003984
142;roundrobin;seadec;1.889659780;102;1.616;126.459;0.0200421445003984
143;roundrobin;ssa;2.486258590;280;0.317;126.776;0.0351994025147571
144;roundrobin;ssa;2.220778706;472;6.29;133.066;0.0463158279553995
145;roundrobin;seadec;1.999159316;94;0.975;134.041;0.0200421445003984
146;roundrobin;SMA;2.157829479;180;0.009;134.050;0.0303277073168743
147;roundrobin;ssa;2.522386865;470;1.727;135.777;0.0463158279553995
148;roundrobin;ssa;3.070283559;115;0.255;136.032;0.0189752485931269
149;roundrobin;ssa;2.437933760;272;5.378;141.410;0.0351994025147571
150;roundrobin;seadec;1.931767768;51;0.837;142.247;0.00853866866997741
151;roundrobin;SMA;2.195889649;178;0.047;142.294;0.0303277073168743
152;roundrobin;SMA;1.920317797;27;2.364;144.658;0.0044156703260322
153;roundrobin;SMA;2.193680057;31;4.693;149.351;0.00572928357269349
154;roundrobin;ssa;2.162020274;341;2.359;151.710;0.0377148729094167
155;roundrobin;SMA;2.181251767;383;1.155;152.865;0.0385801680617862
157;roundrobin;seadec;1.955942662;81;0.62;154.647;0.0240361194750053
156;roundrobin;ssa;3.455625347;553;1.162;154.027;0.0639327156526897
158;roundrobin;ssa;2.296447906;493;2.338;156.985;0.0468428353029938
159;roundrobin;SMA;3.205105747;191;1.738;158.723;0.027678078136308
160;roundrobin;SMA;1.952982232;175;2.948;161.671;0.0303277073168743
161;roundrobin;seadec;2.212999938;156;1.387;163.058;0.0200366493973128
162;roundrobin;seadec;1.943971652;130;1.49;164.548;0.0194549251238626
163;roundrobin;SMA;2.180765894;395;0.296;164.844;0.0386866425310276
164;roundrobin;ssa;2.113175512;559;0.894;165.738;0.0650104625049824
166;roundrobin;ssa;2.114612227;539;0.052;166.636;0.0656320663227048
165;roundrobin;ssa;2.434598590;523;0.846;166.584;0.0482841409439691
167;roundrobin;seadec;2.286794237;100;2.325;168.961;0.0200421445003984
168;roundrobin;SMA;1.960605636;184;0.357;169.318;0.027678078136308
170;roundrobin;SMA;1.906593494;31;0.06;171.220;0.00572928357269349
169;roundrobin;SMA;2.221038973;176;1.842;171.160;0.0303277073168743
171;roundrobin;SMA;2.222295607;176;0.603;171.823;0.0303277073168743
172;roundrobin;ssa;2.148205958;562;0.946;172.769;0.0650104625049824
173;roundrobin;ssa;2.442314246;525;0.383;173.152;0.0482841409439691
174;roundrobin;ssa;2.292369339;482;0.546;173.698;0.0468428353029938
175;roundrobin;ssa;2.399494402;519;0.74;174.438;0.0482841409439691
176;roundrobin;ssa;2.128644459;515;0.358;174.796;0.0482841409439691
177;roundrobin;ssa;2.607891035;483;0.144;174.940;0.0468428353029938
178;roundrobin;ssa;2.285663919;329;1.706;176.646;0.0369276456170677
179;roundrobin;ssa;2.452930438;523;0.565;177.211;0.0482841409439691
180;roundrobin;SMA;1.950274757;231;7.171;184.382;0.0294444332989678
181;roundrobin;SMA;2.207065860;216;0.501;184.883;0.0262853423085934
182;roundrobin;SMA;1.901390460;18;0.661;185.544;0.0044156703260322
183;roundrobin;SMA;2.167522228;214;0.952;186.496;0.0262853423085934
184;roundrobin;SMA;1.942661552;42;0.424;186.920;0.00572928357269349
185;roundrobin;ssa;2.458610975;270;0.7;187.620;0.0351769567303275
186;roundrobin;SMA;1.895420452;354;0.931;188.551;0.0427559244477954
187;roundrobin;seadec;2.183492760;74;0.392;188.943;0.00929623085818988
188;roundrobin;ssa;2.320211476;498;1.386;190.329;0.0472776063296307
189;roundrobin;seadec;2.197350390;89;0.37;190.699;0.0240361194750053
190;roundrobin;ssa;2.272082304;492;0.691;191.390;0.0468428353029938
191;roundrobin;SMA;2.200392688;175;1.201;192.591;0.0303277073168743
192;roundrobin;SMA;1.908095908;367;1.715;194.306;0.0400802183599336
194;roundrobin;SMA;1.969957048;20;0.234;196.440;0.0044156703260322
193;roundrobin;ssa;2.473301929;510;1.9;196.206;0.0472776063296307
195;roundrobin;SMA;2.206724320;183;2.185;198.625;0.027678078136308
196;roundrobin;ssa;2.333240063;484;1.555;200.180;0.0468428353029938
197;roundrobin;SMA;2.227346344;384;0.601;200.781;0.0385801680617862
198;roundrobin;ssa;2.261270445;495;0.75;201.531;0.0468428353029938
199;roundrobin;SMA;2.188945475;24;0.167;201.698;0.0044156703260322
200;roundrobin;ssa;2.246076486;458;2.205;203.903;0.0462637861154206
201;roundrobin;ssa;2.490925790;305;0.055;203.958;0.0360930160445306
202;roundrobin;SMA;1.912130996;8;0.727;204.685;0.00312822529954525
204;roundrobin;seadec;1.947050050;99;0.198;205.466;0.0200421445003984
203;roundrobin;seadec;2.248345180;153;0.583;205.268;0.0200366493973128
205;roundrobin;ssa;2.519012729;554;3.539;209.005;0.0639327156526897
206;roundrobin;ssa;2.248614312;449;4.009;213.014;0.0464705153781347
207;roundrobin;ssa;2.470680060;297;0.682;213.696;0.0354027676498525
208;roundrobin;ssa;2.141199340;531;0.999;214.695;0.0656320663227048
209;roundrobin;ssa;2.568162218;496;0.87;215.565;0.0472776063296307
210;roundrobin;ssa;2.164437056;524;0.646;216.211;0.0482841409439691
211;roundrobin;ssa;2.454835256;560;1.351;217.562;0.0650104625049824
212;roundrobin;ssa;2.117228004;534;4.461;222.023;0.0656320663227048
213;roundrobin;SMA;2.263506520;196;3.45;225.473;0.0260920139484302
214;roundrobin;ssa;2.204001615;287;0.461;225.934;0.0354027676498525
215;roundrobin;SMA;2.244991521;203;2.254;228.188;0.0260920139484302
216;roundrobin;seadec;1.942834285;145;2.205;230.393;0.0196202016385114
217;roundrobin;SMA;2.259837623;394;0.274;230.667;0.0386866425310276
218;roundrobin;ssa;2.324717895;484;1.346;232.013;0.0468428353029938
219;roundrobin;ssa;2.529105708;315;0.749;232.762;0.0360930160445306
220;roundrobin;SMA;1.951879807;35;0.588;233.350;0.00572928357269349
221;roundrobin;seadec;2.227283719;128;2.537;235.887;0.0194549251238626
222;roundrobin;SMA;1.918414487;10;0.8;236.687;0.00312822529954525
224;roundrobin;SMA;1.964682516;177;0.327;238.490;0.0303277073168743
223;roundrobin;ssa;2.534215949;276;1.476;238.163;0.0351994025147571
225;roundrobin;SMA;2.354342453;389;0.082;238.572;0.0385801680617862
226;roundrobin;ssa;2.260178751;286;0.561;239.133;0.0354027676498525
227;roundrobin;seadec;2.294193696;70;2.129;241.262;0.00929623085818988
228;roundrobin;seadec;1.929231408;126;0.568;241.830;0.0194549251238626
230;roundrobin;seadec;1.939595115;53;0.073;244.233;0.00853866866997741
229;roundrobin;SMA;2.244492607;362;2.33;244.160;0.0400802183599336
232;roundrobin;seadec;2.294646258;90;0.739;246.609;0.0240361194750053
231;roundrobin;ssa;3.213475382;520;1.637;245.870;0.0482841409439691
234;roundrobin;ssa;2.203347745;530;0.19;247.347;0.0656320663227048
233;roundrobin;ssa;2.497129363;279;0.548;247.157;0.0351994025147571
235;roundrobin;SMA;2.300864020;369;2.605;249.952;0.0400802183599336
236;roundrobin;seadec;1.992346145;144;1.654;251.606;0.0196202016385114
237;roundrobin;SMA;2.233534989;374;0.402;252.008;0.0400802183599336
238;roundrobin;ssa;2.288471537;473;0.77;252.778;0.0463158279553995
240;roundrobin;seadec;1.928679934;101;0.125;253.783;0.0200421445003984
239;roundrobin;seadec;2.247310258;165;0.88;253.658;0.0200366493973128
241;roundrobin;SMA;2.213715310;364;1.074;254.857;0.0400802183599336
242;roundrobin;seadec;1.937724303;163;0.149;255.006;0.0200366493973128
243;roundrobin;seadec;2.189503433;104;0.62;255.626;0.0200421445003984
244;roundrobin;SMA;1.929372339;356;4.522;260.148;0.0427559244477954
246;roundrobin;SMA;1.921083699;414;0.283;260.781;0.0423559013427496
245;roundrobin;ssa;2.427262935;592;0.35;260.498;0.0658004472335592
247;roundrobin;SMA;2.219657534;169;0.616;261.397;0.0303277073168743
248;roundrobin;SMA;1.947743466;191;3.445;264.842;0.027678078136308
249;roundrobin;SMA;2.174869646;8;0.345;265.187;0.00312822529954525
250;roundrobin;ssa;2.128492031;504;1.996;267.183;0.0472776063296307
252;roundrobin;ssa;2.174693718;261;0.095;267.640;0.0351769567303275
251;roundrobin;ssa;2.523609397;522;0.362;267.545;0.0482841409439691
253;roundrobin;seadec;2.385984117;86;0.219;267.859;0.0240361194750053
254;roundrobin;SMA;2.766045711;192;0.926;268.785;0.027678078136308
255;roundrobin;seadec;2.177989914;74;1.699;270.484;0.00929623085818988
256;roundrobin;ssa;2.139506262;543;0.123;270.607;0.0639327156526897
257;roundrobin;seadec;2.174766793;131;0.37;270.977;0.0194549251238626
258;roundrobin;ssa;2.145285436;336;0.542;271.519;0.0377148729094167
259;roundrobin;SMA;2.262022654;386;2.878;274.397;0.0385801680617862
260;roundrobin;ssa;2.175990698;582;0.117;274.514;0.0657184273159393
262;roundrobin;ssa;2.204212099;533;0.121;277.190;0.0656320663227048
261;roundrobin;ssa;2.566212447;483;2.555;277.069;0.0468428353029938
263;roundrobin;SMA;2.317675110;41;0.151;277.341;0.00572928357269349
264;roundrobin;ssa;2.291164563;519;0.034;277.375;0.0482841409439691
265;roundrobin;seadec;2.211096159;62;0.316;277.691;0.00929623085818988
266;roundrobin;SMA;2.066202052;375;0.177;277.868;0.0400802183599336
267;roundrobin;ssa;2.394249660;583;2.358;280.226;0.0657184273159393
268;roundrobin;ssa;2.137103397;331;1.635;281.861;0.0377148729094167
270;roundrobin;SMA;1.913055558;225;0.374;282.439;0.0262853423085934
269;roundrobin;ssa;2.546098717;495;0.204;282.065;0.0468428353029938
271;roundrobin;ssa;2.547092410;455;1.296;283.735;0.0462637861154206
272;roundrobin;SMA;1.935119792;200;1.281;285.016;0.0260920139484302
273;roundrobin;seadec;2.230771068;64;0.184;285.200;0.00929623085818988
274;roundrobin;ssa;2.191336710;248;1.836;287.036;0.034465109395276
275;roundrobin;ssa;2.558790497;440;0.24;287.276;0.0464705153781347
276;roundrobin;SMA;1.942543522;352;0.684;287.960;0.0427559244477954
277;roundrobin;SMA;2.215631142;228;4.456;292.416;0.0294444332989678
278;roundrobin;SMA;1.905325149;14;1.42;293.836;0.00312822529954525
279;roundrobin;ssa;2.469124636;317;0.152;293.988;0.0369276456170677
280;roundrobin;seadec;1.951641800;160;4.367;298.355;0.0200366493973128
281;roundrobin;ssa;2.503648387;341;2.347;300.702;0.0377148729094167
282;roundrobin;seadec;1.954107789;123;0.535;301.237;0.0194549251238626
283;roundrobin;SMA;2.260235373;37;2.838;304.075;0.00572928357269349
284;roundrobin;ssa;2.213348164;543;0.55;304.625;0.0639327156526897
285;roundrobin;seadec;2.252398640;65;1.269;305.894;0.00929623085818988
286;roundrobin;seadec;1.968916880;87;0.57;306.464;0.0240361194750053
287;roundrobin;ssa;2.820917908;570;2.839;309.303;0.0650104625049824
288;roundrobin;ssa;2.207980431;278;1.158;310.461;0.0351994025147571
290;roundrobin;SMA;1.931108562;382;0.306;312.815;0.0385801680617862
289;roundrobin;ssa;2.704041862;338;2.048;312.509;0.0377148729094167
291;roundrobin;SMA;2.254936037;21;0.608;313.423;0.0044156703260322
292;roundrobin;ssa;2.198863503;544;1.711;315.134;0.0639327156526897
293;roundrobin;ssa;2.564205194;440;2.035;317.169;0.0464705153781347
294;roundrobin;SMA;2.023613226;375;1.087;318.256;0.0400802183599336
295;roundrobin;ssa;2.436526808;563;0.765;319.021;0.0650104625049824
296;roundrobin;ssa;2.203824025;551;2.689;321.710;0.0639327156526897
298;roundrobin;SMA;2.057197312;353;0.037;321.864;0.0427559244477954
297;roundrobin;ssa;2.490659730;337;0.117;321.827;0.0377148729094167
299;roundrobin;ssa;2.658419661;491;2.795;324.659;0.0468428353029938
300;roundrobin;ssa;2.195928553;265;1.347;326.006;0.0351769567303275
301;roundrobin;SMA;2.199750080;239;0.422;326.428;0.0294444332989678
302;roundrobin;ssa;2.282889762;464;0.956;327.384;0.0462637861154206
303;roundrobin;ssa;2.535165975;242;0.56;327.944;0.034465109395276
304;roundrobin;ssa;2.240670837;273;0.192;328.136;0.0351994025147571
305;roundrobin;ssa;2.594823031;578;0.306;328.442;0.0657184273159393
306;roundrobin;SMA;1.975454484;42;0.509;328.951;0.00572928357269349
307;roundrobin;SMA;2.261559702;184;0.177;329.128;0.027678078136308
308;roundrobin;SMA;1.960325748;404;1.161;330.289;0.0386866425310276
309;roundrobin;SMA;2.180306835;171;0.019;330.308;0.0303277073168743
310;roundrobin;ssa;2.221405016;342;1.54;331.848;0.0377148729094167
311;roundrobin;ssa;2.442365949;254;0.76;332.608;0.034465109395276
312;roundrobin;ssa;2.184385842;513;1.777;334.385;0.0482841409439691
313;roundrobin;ssa;2.399036824;570;0.237;334.622;0.0650104625049824
314;roundrobin;seadec;1.884117506;98;0.828;335.450;0.0200421445003984
316;roundrobin;SMA;1.939994044;420;0.126;336.071;0.0423559013427496
315;roundrobin;SMA;2.224123501;12;0.495;335.945;0.00312822529954525
317;roundrobin;SMA;2.197999312;4;0.131;336.202;0.00312822529954525
318;roundrobin;SMA;1.921536920;386;0.267;336.469;0.0385801680617862
319;roundrobin;ssa;2.532025329;472;0.528;336.997;0.0463158279553995
320;roundrobin;seadec;1.925230257;56;1.608;338.605;0.00853866866997741
322;roundrobin;SMA;1.877111120;360;0.019;339.788;0.0427559244477954
321;roundrobin;ssa;2.406076107;588;1.164;339.769;0.0658004472335592
323;roundrobin;ssa;2.443608827;272;0.706;340.494;0.0351994025147571
324;roundrobin;ssa;2.121821673;506;0.619;341.113;0.0472776063296307
325;roundrobin;seadec;2.183907332;159;0.086;341.199;0.0200366493973128
326;roundrobin;ssa;2.209686536;580;0.381;341.580;0.0657184273159393
327;roundrobin;seadec;2.187513903;52;0.298;341.878;0.00853866866997741
328;roundrobin;SMA;1.909156215;1;2.543;344.421;0.00312822529954525
330;roundrobin;SMA;1.868706649;233;0.089;344.701;0.0294444332989678
329;roundrobin;seadec;2.212125039;80;0.191;344.612;0.0240361194750053
331;roundrobin;ssa;2.354429970;107;0.279;344.980;0.0189752485931269
332;roundrobin;ssa;2.137950887;600;1.155;346.135;0.0658004472335592
333;roundrobin;ssa;2.477983772;342;0.146;346.281;0.0377148729094167
334;roundrobin;ssa;2.125047128;303;2.535;348.816;0.0360930160445306
335;roundrobin;SMA;2.185534473;220;1.667;350.483;0.0262853423085934
336;roundrobin;SMA;1.935816852;417;0.789;351.272;0.0423559013427496
337;roundrobin;ssa;2.525773373;430;0.435;351.707;0.0450325086617828
338;roundrobin;SMA;1.900271478;361;1.027;352.734;0.0400802183599336
340;roundrobin;ssa;2.066387025;511;0.187;352.980;0.0482841409439691
339;roundrobin;ssa;2.473041085;281;0.059;352.793;0.0351994025147571
341;roundrobin;ssa;2.519103161;492;0.52;353.500;0.0468428353029938
342;roundrobin;ssa;2.242715325;445;3.043;356.543;0.0464705153781347
343;roundrobin;SMA;2.220324386;24;0.262;356.805;0.0044156703260322
344;roundrobin;ssa;2.073676616;109;1.749;358.554;0.0189752485931269
345;roundrobin;SMA;2.162500247;41;0.415;358.969;0.00572928357269349
346;roundrobin;SMA;1.922513128;198;0.752;359.721;0.0260920139484302
347;roundrobin;SMA;2.201105200;180;2.365;362.086;0.0303277073168743
348;roundrobin;ssa;2.266191006;468;0.426;362.512;0.0463158279553995
349;roundrobin;SMA;2.146553458;172;0.502;363.014;0.0303277073168743
350;roundrobin;ssa;2.102003241;242;1.748;364.762;0.034465109395276
352;roundrobin;SMA;1.934360355;419;0.319;366.562;0.0423559013427496
351;roundrobin;ssa;2.438692707;273;1.481;366.243;0.0351994025147571
353;roundrobin;ssa;2.460823215;326;0.728;367.290;0.0369276456170677
354;roundrobin;ssa;2.217702490;499;0.686;367.976;0.0472776063296307
355;roundrobin;ssa;2.524654238;498;0.724;368.700;0.0472776063296307
356;roundrobin;seadec;1.914968524;53;1.095;369.795;0.00853866866997741
357;roundrobin;seadec;2.203656059;55;1.531;371.326;0.00853866866997741
358;roundrobin;ssa;2.221726339;428;0.892;372.218;0.0450325086617828
359;roundrobin;ssa;2.381678198;517;0.072;372.290;0.0482841409439691
360;roundrobin;ssa;2.165835951;574;0.517;372.807;0.0657184273159393
361;roundrobin;ssa;2.501843161;345;1.352;374.159;0.0377148729094167
362;roundrobin;SMA;1.917054849;224;1.391;375.550;0.0262853423085934
363;roundrobin;ssa;2.427195876;571;0.694;376.244;0.0657184273159393
364;roundrobin;seadec;1.889954840;104;1.6;377.844;0.0200421445003984
365;roundrobin;ssa;2.388940604;111;0.116;377.960;0.0189752485931269
366;roundrobin;ssa;2.067519216;540;1.897;379.857;0.0656320663227048
368;roundrobin;SMA;1.873266495;216;0.007;381.783;0.0262853423085934
367;roundrobin;SMA;2.181068371;205;1.919;381.776;0.0260920139484302
369;roundrobin;SMA;2.142430677;194;2.377;384.160;0.027678078136308
370;roundrobin;seadec;1.931641710;128;0.589;384.749;0.0194549251238626
372;roundrobin;SMA;1.938580099;364;0.08;384.972;0.0400802183599336
371;roundrobin;ssa;2.521691288;435;0.143;384.892;0.0450325086617828
373;roundrobin;seadec;2.161765142;122;1.674;386.646;0.0194549251238626
374;roundrobin;SMA;1.885052466;206;1.034;387.680;0.0260920139484302
375;roundrobin;seadec;2.147955087;47;0.171;387.851;0.00853866866997741
376;roundrobin;ssa;2.196235175;314;0.522;388.373;0.0360930160445306
377;roundrobin;ssa;2.429721969;271;0.303;388.676;0.0351994025147571
378;roundrobin;seadec;1.934334318;62;3.796;392.472;0.00929623085818988
379;roundrobin;ssa;2.380149151;108;2.614;395.086;0.0189752485931269
380;roundrobin;ssa;2.101162439;110;0.316;395.402;0.0189752485931269
381;roundrobin;ssa;2.468014596;446;0.573;395.975;0.0464705153781347
382;roundrobin;SMA;1.906315329;181;1.995;397.970;0.027678078136308
383;roundrobin;seadec;2.180511682;131;0.944;398.914;0.0194549251238626
384;roundrobin;ssa;2.089245744;579;0.06;398.974;0.0657184273159393
386;roundrobin;SMA;1.891217460;411;0.065;400.889;0.0423559013427496
385;roundrobin;ssa;2.481185418;321;1.85;400.824;0.0369276456170677
387;roundrobin;SMA;2.171552678;206;1.086;401.975;0.0260920139484302
388;roundrobin;ssa;2.246190964;458;0.02;401.995;0.0462637861154206
389;roundrobin;SMA;2.246403492;420;0.584;402.579;0.0423559013427496
390;roundrobin;ssa;2.134851451;573;0.892;403.471;0.0657184273159393
391;roundrobin;ssa;2.446203343;292;3.773;407.244;0.0354027676498525
392;roundrobin;ssa;2.111740152;559;0.56;407.804;0.0650104625049824
393;roundrobin;seadec;2.150142114;47;0.815;408.619;0.00853866866997741
394;roundrobin;ssa;2.153212166;261;2.361;410.980;0.0351769567303275
395;roundrobin;ssa;2.429994161;245;2.314;413.294;0.034465109395276
396;roundrobin;ssa;2.124506768;555;0.942;414.236;0.0639327156526897
397;roundrobin;seadec;2.211734862;144;0.973;415.209;0.0196202016385114
398;roundrobin;seadec;1.891722067;153;0.878;416.087;0.0200366493973128
400;roundrobin;SMA;1.942678628;406;0.178;418.212;0.0423559013427496
399;roundrobin;ssa;2.541147246;328;1.947;418.034;0.0369276456170677
401;roundrobin;ssa;2.515452860;598;0.084;418.296;0.0658004472335592
402;roundrobin;seadec;1.878087111;143;3.262;421.558;0.0196202016385114
404;roundrobin;ssa;2.058959786;106;0.066;422.318;0.0189752485931269
403;roundrobin;ssa;2.603254081;487;0.694;422.252;0.0468428353029938
405;roundrobin;ssa;2.496122751;522;0.554;422.872;0.0482841409439691
406;roundrobin;ssa;2.262067641;584;3.703;426.575;0.0657184273159393
407;roundrobin;ssa;2.446835223;341;2.308;428.883;0.0377148729094167
408;roundrobin;ssa;2.168143720;255;0.393;429.276;0.034465109395276
409;roundrobin;SMA;2.194982788;418;1.108;430.384;0.0423559013427496
410;roundrobin;SMA;1.942811576;196;1.318;431.702;0.0260920139484302
411;roundrobin;SMA;2.182149814;38;0.925;432.627;0.00572928357269349
412;roundrobin;ssa;2.089103231;566;0.478;433.105;0.0650104625049824
413;roundrobin;SMA;2.170201665;34;0.516;433.621;0.00572928357269349
414;roundrobin;seadec;1.875177663;52;0.599;434.220;0.00853866866997741
415;roundrobin;seadec;2.182452225;103;0.257;434.477;0.0200421445003984
416;roundrobin;ssa;2.214753938;432;0.123;434.600;0.0450325086617828
417;roundrobin;SMA;2.164588687;347;1.693;436.293;0.0427559244477954
418;roundrobin;ssa;2.097762166;112;0.054;436.347;0.0189752485931269
419;roundrobin;ssa;2.438987183;302;0.011;436.358;0.0360930160445306
420;roundrobin;seadec;1.886302683;59;1.213;437.571;0.00853866866997741
421;roundrobin;SMA;2.154902065;180;0.474;438.045;0.0303277073168743
422;roundrobin;seadec;1.950972718;131;0.811;438.856;0.0194549251238626
423;roundrobin;SMA;2.150783030;33;0.313;439.169;0.00572928357269349
424;roundrobin;SMA;1.918992945;38;0.559;439.728;0.00572928357269349
425;roundrobin;seadec;2.168663327;140;0.444;440.172;0.0196202016385114
426;roundrobin;ssa;2.140779451;578;0.191;440.363;0.0657184273159393
428;roundrobin;SMA;1.892669195;40;0.118;441.762;0.00572928357269349
427;roundrobin;seadec;2.187986174;53;1.281;441.644;0.00853866866997741
429;roundrobin;ssa;2.421316403;585;0.151;441.913;0.0657184273159393
430;roundrobin;ssa;2.099122676;595;0.233;442.146;0.0658004472335592
431;roundrobin;ssa;2.529989629;445;0.381;442.527;0.0464705153781347
432;roundrobin;seadec;1.924305976;46;1.614;444.141;0.00853866866997741
433;roundrobin;SMA;2.212508184;229;0.096;444.237;0.0294444332989678
434;roundrobin;ssa;2.228361367;450;2.923;447.160;0.0464705153781347
435;roundrobin;SMA;2.182426986;350;1.113;448.273;0.0427559244477954
436;roundrobin;SMA;1.924832783;17;1.209;449.482;0.0044156703260322
438;roundrobin;SMA;1.904589026;4;0.012;449.724;0.00312822529954525
437;roundrobin;seadec;2.207093765;69;0.23;449.712;0.00929623085818988
439;roundrobin;ssa;2.414806888;535;1.045;450.769;0.0656320663227048
440;roundrobin;ssa;2.267077529;477;1.01;451.779;0.0463158279553995
441;roundrobin;SMA;2.147334861;175;0.147;451.926;0.0303277073168743
443;roundrobin;SMA;2.210667123;360;1.297;456.618;0.0427559244477954
442;roundrobin;ssa;4.009202790;427;3.395;455.321;0.0450325086617828
444;roundrobin;ssa;2.152708659;322;0.736;457.354;0.0369276456170677
445;roundrobin;ssa;2.524264990;431;1.736;459.090;0.0450325086617828
446;roundrobin;ssa;2.223919865;462;2.809;461.899;0.0462637861154206
447;roundrobin;seadec;2.159208766;62;0.589;462.488;0.00929623085818988
448;roundrobin;ssa;2.106882419;106;2.786;465.274;0.0189752485931269
449;roundrobin;ssa;2.425749793;328;0.087;465.361;0.0369276456170677
450;roundrobin;ssa;2.202114107;303;3.592;468.953;0.0360930160445306
451;roundrobin;SMA;2.167764447;4;0.553;469.506;0.00312822529954525
452;roundrobin;ssa;2.209079611;433;0.515;470.021;0.0450325086617828
453;roundrobin;SMA;2.204223725;364;4.509;474.530;0.0400802183599336
454;roundrobin;ssa;2.116934675;571;0.636;475.166;0.0657184273159393
455;roundrobin;seadec;2.198295287;78;0.293;475.459;0.0240361194750053
456;roundrobin;ssa;2.212410695;320;1.365;476.824;0.0369276456170677
457;roundrobin;SMA;2.176749186;395;0.992;477.816;0.0386866425310276
458;roundrobin;SMA;1.927704272;220;0.532;478.348;0.0262853423085934
460;roundrobin;SMA;1.904570945;10;0.039;478.796;0.00312822529954525
459;roundrobin;ssa;2.410420674;509;0.409;478.757;0.0472776063296307
462;roundrobin;seadec;1.901236088;50;0.4;479.668;0.00853866866997741
461;roundrobin;ssa;2.581400896;301;0.472;479.268;0.0360930160445306
463;roundrobin;ssa;2.526038294;269;0.132;479.800;0.0351769567303275
464;roundrobin;ssa;2.134064917;526;1.162;480.962;0.0656320663227048
465;roundrobin;SMA;2.192897642;216;0.114;481.076;0.0262853423085934
466;roundrobin;SMA;1.987152505;373;0.189;481.265;0.0400802183599336
467;roundrobin;seadec;2.224132775;83;0.352;481.617;0.0240361194750053
468;roundrobin;SMA;1.933211083;201;0.206;481.823;0.0260920139484302
469;roundrobin;ssa;2.417286677;290;0.376;482.199;0.0354027676498525
470;roundrobin;ssa;2.213617091;332;0.233;482.432;0.0377148729094167
472;roundrobin;seadec;1.953972597;91;0.291;482.933;0.0200421445003984
471;roundrobin;ssa;2.502912909;553;0.21;482.642;0.0639327156526897
473;roundrobin;ssa;2.432808305;312;0.601;483.534;0.0360930160445306
474;roundrobin;ssa;2.215826057;312;1.179;484.713;0.0360930160445306
475;roundrobin;SMA;2.186024944;19;1.413;486.126;0.0044156703260322
476;roundrobin;seadec;1.887455643;63;0.303;486.429;0.00929623085818988
478;roundrobin;SMA;1.891296249;416;1.718;488.746;0.0423559013427496
477;roundrobin;SMA;3.967588733;178;0.599;487.028;0.0303277073168743
479;roundrobin;seadec;2.211549154;104;1.012;489.758;0.0200421445003984
480;roundrobin;ssa;2.144877285;502;0.179;489.937;0.0472776063296307
481;roundrobin;seadec;2.161564363;151;0.885;490.822;0.0200366493973128
482;roundrobin;SMA;1.896347191;43;0.537;491.359;0.00572928357269349
483;roundrobin;ssa;2.524734845;494;0.861;492.220;0.0468428353029938
484;roundrobin;seadec;1.916488234;78;0.874;493.094;0.0240361194750053
485;roundrobin;seadec;2.207906301;88;0.097;493.191;0.0240361194750053
486;roundrobin;seadec;1.939481117;46;0.603;493.794;0.00853866866997741
487;roundrobin;SMA;2.194659989;355;1.034;494.828;0.0427559244477954
488;roundrobin;ssa;2.150735968;572;0.095;494.923;0.0657184273159393
489;roundrobin;seadec;2.214508216;46;3.392;498.315;0.00853866866997741
490;roundrobin;ssa;2.146632645;255;0.37;498.685;0.034465109395276
491;roundrobin;ssa;2.423367053;283;0.052;498.737;0.0351994025147571
492;roundrobin;seadec;1.922911848;77;1.235;499.972;0.0240361194750053
494;roundrobin;SMA;1.898602741;33;0.055;501.447;0.00572928357269349
493;roundrobin;ssa;2.405552364;532;1.42;501.392;0.0656320663227048
496;roundrobin;ssa;2.123774623;540;0.032;502.613;0.0656320663227048
495;roundrobin;ssa;2.456758242;258;1.134;502.581;0.0351769567303275
498;roundrobin;SMA;1.950799756;403;0.161;504.459;0.0386866425310276
497;roundrobin;ssa;2.378531315;550;1.685;504.298;0.0639327156526897
499;roundrobin;SMA;2.146934005;27;2.532;506.991;0.0044156703260322
500;roundrobin;ssa;2.216387512;460;0.312;507.303;0.0462637861154206
501;roundrobin;seadec;2.212255970;127;1.123;508.426;0.0194549251238626
502;roundrobin;ssa;2.267865880;478;1.407;509.833;0.0463158279553995
504;roundrobin;SMA;1.886592565;26;0.068;510.871;0.0044156703260322
503;roundrobin;seadec;2.181811516;149;0.97;510.803;0.0196202016385114
505;roundrobin;SMA;2.210450635;27;0.052;510.923;0.0044156703260322
506;roundrobin;ssa;2.122030464;578;2.253;513.176;0.0657184273159393
507;roundrobin;seadec;2.170042477;148;0.293;513.469;0.0196202016385114
508;roundrobin;SMA;1.909009506;391;0.706;514.175;0.0386866425310276
509;roundrobin;SMA;2.204643032;186;1.923;516.098;0.027678078136308
510;roundrobin;ssa;2.175018278;319;1.23;517.328;0.0369276456170677
511;roundrobin;SMA;2.198217229;192;0.923;518.251;0.027678078136308
512;roundrobin;ssa;2.181283352;446;0.057;518.308;0.0464705153781347
513;roundrobin;ssa;2.588672841;492;0.456;518.764;0.0468428353029938
516;roundrobin;ssa;2.182668856;281;0.066;519.139;0.0351994025147571
514;roundrobin;SMA;2.703991430;395;0.092;518.856;0.0386866425310276
515;roundrobin;ssa;2.611279033;467;0.217;519.073;0.0463158279553995
517;roundrobin;SMA;2.158063485;184;0.816;519.955;0.027678078136308
518;roundrobin;ssa;2.110506965;282;1.799;521.754;0.0351994025147571
519;roundrobin;ssa;2.508120117;445;0.306;522.060;0.0464705153781347
520;roundrobin;ssa;2.143095909;580;1.621;523.681;0.0657184273159393
521;roundrobin;ssa;2.343097481;108;0.345;524.026;0.0189752485931269
522;roundrobin;ssa;2.126513669;536;0.474;524.500;0.0656320663227048
523;roundrobin;SMA;2.170987671;363;1.598;526.098;0.0400802183599336
524;roundrobin;SMA;1.912628758;32;1.952;528.050;0.00572928357269349
525;roundrobin;seadec;2.197996475;146;0.19;528.240;0.0196202016385114
526;roundrobin;ssa;2.227107856;464;0.68;528.920;0.0462637861154206
527;roundrobin;SMA;2.236649285;409;1.537;530.457;0.0423559013427496
528;roundrobin;ssa;2.220311226;497;0.514;530.971;0.0472776063296307
529;roundrobin;ssa;2.521634273;471;1.134;532.105;0.0463158279553995
530;roundrobin;seadec;1.905768642;83;1.699;533.804;0.0240361194750053
532;roundrobin;SMA;1.897022077;401;0.102;535.227;0.0386866425310276
531;roundrobin;seadec;2.197425112;132;1.321;535.125;0.0194549251238626
533;roundrobin;seadec;2.194848112;164;0.241;535.468;0.0200366493973128
534;roundrobin;SMA;1.883916521;360;0.585;536.053;0.0427559244477954
535;roundrobin;ssa;2.562252513;477;0.468;536.521;0.0463158279553995
536;roundrobin;ssa;2.129182439;246;0.503;537.024;0.034465109395276
537;roundrobin;ssa;2.504100694;589;0.049;537.073;0.0658004472335592
538;roundrobin;ssa;2.168792149;106;0.26;537.333;0.0189752485931269
539;roundrobin;seadec;2.174356335;124;0.733;538.066;0.0194549251238626
541;roundrobin;SMA;2.134133731;43;0.025;538.874;0.00572928357269349
540;roundrobin;ssa;2.216961688;488;0.783;538.849;0.0468428353029938
542;roundrobin;ssa;2.260765941;279;0.135;539.009;0.0351994025147571
543;roundrobin;seadec;2.214466975;79;1.3;540.309;0.0240361194750053
544;roundrobin;ssa;2.261101788;434;0.973;541.282;0.0450325086617828
545;roundrobin;ssa;2.399539342;576;0.734;542.016;0.0657184273159393
546;roundrobin;SMA;1.900411999;214;0.645;542.661;0.0262853423085934
547;roundrobin;SMA;2.187121075;347;0.21;542.871;0.0427559244477954
548;roundrobin;SMA;1.867243676;172;0.343;543.214;0.0303277073168743
549;roundrobin;seadec;2.191349499;77;1.129;544.343;0.0240361194750053
550;roundrobin;ssa;2.172477758;559;0.477;544.820;0.0650104625049824
551;roundrobin;seadec;2.217838080;47;0.695;545.515;0.00853866866997741
552;roundrobin;SMA;1.867311183;216;0.704;546.219;0.0262853423085934
553;roundrobin;ssa;2.474891035;427;1;547.219;0.0450325086617828
554;roundrobin;ssa;2.119273531;560;0.344;547.563;0.0650104625049824
555;roundrobin;ssa;2.397418241;560;0.497;548.060;0.0650104625049824
556;roundrobin;SMA;1.923630423;22;1.063;549.123;0.0044156703260322
557;roundrobin;ssa;2.389693543;564;0.814;549.937;0.0650104625049824
558;roundrobin;seadec;1.871895489;46;0.475;550.412;0.00853866866997741
559;roundrobin;seadec;2.214925364;140;0.254;550.666;0.0196202016385114
560;roundrobin;SMA;1.874536504;210;0.267;550.933;0.0260920139484302
561;roundrobin;seadec;2.758506800;83;1.793;552.726;0.0240361194750053
562;roundrobin;SMA;1.914912708;352;1.735;554.461;0.0427559244477954
563;roundrobin;seadec;2.196932956;99;0.366;554.827;0.0200421445003984
564;roundrobin;SMA;1.932943020;2;2.445;557.272;0.00312822529954525
565;roundrobin;SMA;2.168213972;371;1.578;558.850;0.0400802183599336
566;roundrobin;SMA;1.920097234;8;0.178;559.028;0.00312822529954525
567;roundrobin;SMA;2.180847597;185;0.123;559.151;0.027678078136308
568;roundrobin;ssa;2.188554186;339;1.518;560.669;0.0377148729094167
569;roundrobin;seadec;2.202550880;93;2.67;563.339;0.0200421445003984
570;roundrobin;SMA;1.887056481;388;0.855;564.194;0.0385801680617862
571;roundrobin;ssa;2.399262581;551;1.594;565.788;0.0639327156526897
572;roundrobin;SMA;1.903104627;396;1.984;567.772;0.0386866425310276
573;roundrobin;SMA;2.185556308;369;0.023;567.795;0.0400802183599336
574;roundrobin;ssa;2.243812601;482;1.594;569.389;0.0468428353029938
575;roundrobin;SMA;2.172781654;196;0.155;569.544;0.0260920139484302
576;roundrobin;SMA;1.899612624;3;1.035;570.579;0.00312822529954525
577;roundrobin;SMA;2.153644928;216;1.225;571.804;0.0262853423085934
578;roundrobin;seadec;1.902244440;80;0.17;571.974;0.0240361194750053
579;roundrobin;ssa;2.414625994;593;0.063;572.037;0.0658004472335592
580;roundrobin;SMA;1.928391581;217;1.963;574.000;0.0262853423085934
581;roundrobin;ssa;2.412608046;245;1.145;575.145;0.034465109395276
582;roundrobin;ssa;2.183581520;311;1.89;577.035;0.0360930160445306
583;roundrobin;SMA;2.196604806;210;0.537;577.572;0.0260920139484302
584;roundrobin;ssa;2.256331634;470;1.024;578.596;0.0463158279553995
585;roundrobin;SMA;2.183486999;392;2.506;581.102;0.0386866425310276
586;roundrobin;SMA;1.901131653;23;2.638;583.740;0.0044156703260322
587;roundrobin;seadec;2.203697973;49;0.271;584.011;0.00853866866997741
588;roundrobin;SMA;1.937688838;416;1.975;585.986;0.0423559013427496
589;roundrobin;ssa;2.420675953;263;0.74;586.726;0.0351769567303275
590;roundrobin;ssa;2.110057168;519;0.968;587.694;0.0482841409439691
591;roundrobin;SMA;2.140368568;237;0.036;587.730;0.0294444332989678
592;roundrobin;ssa;2.289615099;444;0.145;587.875;0.0464705153781347
593;roundrobin;ssa;2.479723413;296;2.954;590.829;0.0354027676498525
594;roundrobin;SMA;1.906342049;365;3.624;594.453;0.0400802183599336
595;roundrobin;SMA;2.158770930;7;1.959;596.412;0.00312822529954525
596;roundrobin;SMA;1.861565239;357;1.057;597.469;0.0427559244477954
597;roundrobin;SMA;2.146939234;234;0.828;598.297;0.0294444332989678
598;roundrobin;ssa;2.145167886;590;1.877;600.174;0.0658004472335592
599;roundrobin;seadec;2.202974869;121;2.022;602.196;0.0194549251238626
