0.008
0.012
0.001
0.001
0.004
0.029
0.012
0.005
0.01
0.001
0.014
0.008
0.012
0.044
0.011
0.01
0.019
0.007
0.003
0.006
0.024
0.006
0.003
0.006
0.001
0.001
0.006
0.04
0.012
0.01
0.014
0
0.003
0.013
0.002
0.01
0.003
0.007
0.008
0.002
0.011
0.01
0.013
0.013
0.006
0.003
0.013
0.01
0.005
0.02
0.004
0.022
0.032
0.006
0.006
0.01
0.002
0.003
0.011
0.008
0.001
0.011
0.002
0.016
0.048
0.004
0.027
0.011
0.008
0.008
0.018
0.023
0.029
0.003
0.004
0.001
0.004
0.016
0.008
0.028
0.004
0.01
0.008
0.001
0.023
0.008
0.016
0.012
0.013
0.021
0.01
0.004
0.01
0.003
0.007
0.003
0.004
0.002
0.001
0.003
0.019
0.005
0.004
0.004
0.012
0.027
0.002
0.023
0.006
0.008
0.016
0.018
0
0.001
0.014
0.007
0.004
0.001
0.002
0.003
0.002
0.007
0.017
0.01
0
0.002
0.033
0.014
0.001
0.012
0.003
0.013
0.004
0.004
0.001
0.009
0.002
0.001
0.021
0.008
0.005
0.01
0.023
0.012
0.002
0.008
0.006
0.004
0.017
0.021
0.005
0.002
0.017
0.028
0.019
0.007
0.018
0.007
0.001
0
0.015
0.01
0.016
0.014
0.015
0.002
0.027
0.021
0.003
0.026
0.01
0.018
0.006
0.022
0.013
0.015
0.019
0.007
0.004
0.008
0.008
0.002
0.003
0.009
0.013
0.005
0.008
0.005
0.002
0.023
0.011
0.008
0.001
0.012
0.004
0.008
0.008
0.005
0.007
0.001
