0.045
0.071
0.009
0.008
0.026
0.174
0.074
0.032
0.057
0.009
0.083
0.046
0.074
0.265
0.063
0.062
0.113
0.039
0.02
0.035
0.142
0.039
0.018
0.034
0.006
0.004
0.035
0.238
0.07
0.06
0.086
0.002
0.019
0.079
0.012
0.061
0.018
0.044
0.045
0.014
0.065
0.062
0.078
0.075
0.033
0.018
0.078
0.06
0.031
0.12
0.025
0.131
0.193
0.033
0.036
0.059
0.013
0.019
0.066
0.046
0.005
0.066
0.015
0.094
0.29
0.026
0.164
0.068
0.049
0.05
0.107
0.139
0.175
0.017
0.023
0.003
0.021
0.094
0.049
0.166
0.023
0.06
0.049
0.004
0.137
0.048
0.095
0.074
0.081
0.126
0.062
0.027
0.063
0.016
0.041
0.016
0.027
0.013
0.008
0.021
0.114
0.031
0.027
0.023
0.075
0.162
0.012
0.138
0.034
0.046
0.094
0.11
0.002
0.008
0.085
0.043
0.026
0.004
0.013
0.018
0.014
0.045
0.103
0.059
0.001
0.011
0.196
0.082
0.005
0.071
0.016
0.075
0.023
0.023
0.007
0.054
0.009
0.006
0.124
0.047
0.032
0.062
0.135
0.071
0.013
0.048
0.035
0.024
0.102
0.127
0.031
0.014
0.105
0.171
0.115
0.043
0.11
0.043
0.003
0.002
0.09
0.059
0.097
0.087
0.089
0.014
0.16
0.127
0.021
0.156
0.057
0.108
0.038
0.13
0.078
0.091
0.116
0.041
0.026
0.046
0.045
0.015
0.02
0.057
0.079
0.033
0.046
0.031
0.012
0.139
0.069
0.048
0.007
0.074
0.021
0.046
0.049
0.027
0.044
0.003
