0.083
0.13
0.016
0.015
0.048
0.318
0.135
0.059
0.105
0.016
0.153
0.084
0.136
0.487
0.116
0.114
0.206
0.072
0.037
0.065
0.26
0.071
0.032
0.062
0.012
0.007
0.064
0.435
0.129
0.11
0.158
0.004
0.036
0.145
0.022
0.112
0.033
0.08
0.083
0.026
0.119
0.113
0.142
0.138
0.061
0.033
0.142
0.109
0.057
0.221
0.046
0.24
0.354
0.061
0.065
0.108
0.023
0.034
0.122
0.085
0.01
0.122
0.027
0.173
0.532
0.047
0.3
0.125
0.089
0.092
0.196
0.254
0.32
0.031
0.043
0.006
0.039
0.172
0.09
0.304
0.042
0.111
0.09
0.007
0.251
0.088
0.174
0.136
0.148
0.231
0.114
0.049
0.115
0.029
0.075
0.029
0.049
0.023
0.015
0.038
0.209
0.057
0.049
0.042
0.137
0.296
0.022
0.253
0.062
0.084
0.173
0.202
0.004
0.014
0.156
0.079
0.048
0.008
0.024
0.033
0.026
0.082
0.188
0.108
0.002
0.02
0.359
0.15
0.01
0.131
0.029
0.138
0.042
0.042
0.012
0.1
0.017
0.011
0.228
0.086
0.058
0.113
0.248
0.13
0.024
0.089
0.063
0.045
0.188
0.232
0.056
0.026
0.192
0.313
0.212
0.079
0.202
0.078
0.006
0.004
0.164
0.108
0.179
0.159
0.163
0.025
0.293
0.233
0.038
0.286
0.105
0.198
0.069
0.239
0.142
0.167
0.213
0.075
0.048
0.084
0.083
0.027
0.036
0.104
0.145
0.06
0.084
0.058
0.022
0.255
0.126
0.088
0.013
0.135
0.039
0.085
0.089
0.05
0.081
0.006
