0.121
0.189
0.023
0.022
0.07
0.463
0.197
0.086
0.153
0.024
0.223
0.122
0.198
0.708
0.169
0.166
0.3
0.105
0.054
0.094
0.378
0.103
0.047
0.091
0.017
0.01
0.093
0.633
0.188
0.159
0.23
0.006
0.052
0.211
0.033
0.164
0.048
0.116
0.12
0.038
0.173
0.165
0.207
0.2
0.089
0.048
0.207
0.159
0.082
0.321
0.068
0.349
0.515
0.089
0.095
0.156
0.034
0.05
0.177
0.124
0.014
0.177
0.04
0.252
0.773
0.069
0.437
0.182
0.13
0.134
0.286
0.37
0.466
0.046
0.062
0.008
0.056
0.25
0.13
0.441
0.062
0.161
0.131
0.009
0.365
0.129
0.253
0.197
0.215
0.336
0.166
0.072
0.167
0.042
0.109
0.042
0.071
0.034
0.021
0.056
0.304
0.083
0.072
0.061
0.2
0.431
0.031
0.368
0.091
0.122
0.252
0.294
0.006
0.02
0.227
0.115
0.07
0.011
0.034
0.048
0.038
0.119
0.274
0.157
0.003
0.029
0.521
0.218
0.015
0.191
0.042
0.201
0.061
0.061
0.018
0.145
0.025
0.016
0.332
0.126
0.085
0.165
0.36
0.19
0.035
0.129
0.092
0.065
0.273
0.338
0.082
0.039
0.279
0.456
0.308
0.115
0.294
0.114
0.009
0.005
0.239
0.157
0.26
0.231
0.236
0.036
0.427
0.338
0.056
0.416
0.153
0.288
0.1
0.348
0.207
0.242
0.309
0.109
0.07
0.122
0.12
0.04
0.053
0.151
0.211
0.087
0.122
0.084
0.033
0.37
0.184
0.128
0.02
0.197
0.056
0.123
0.13
0.072
0.118
0.009
