0.159
0.248
0.031
0.029
0.092
0.608
0.258
0.113
0.201
0.031
0.292
0.16
0.26
0.929
0.221
0.217
0.394
0.137
0.071
0.124
0.497
0.135
0.062
0.119
0.022
0.012
0.122
0.831
0.246
0.209
0.301
0.008
0.068
0.277
0.043
0.215
0.063
0.152
0.158
0.049
0.227
0.216
0.271
0.263
0.116
0.063
0.272
0.209
0.108
0.422
0.089
0.458
0.676
0.117
0.125
0.205
0.044
0.065
0.232
0.163
0.019
0.233
0.052
0.33
1.015
0.091
0.573
0.239
0.171
0.176
0.375
0.486
0.611
0.06
0.082
0.011
0.074
0.329
0.171
0.579
0.081
0.212
0.172
0.012
0.48
0.169
0.333
0.259
0.283
0.441
0.217
0.094
0.219
0.055
0.143
0.055
0.094
0.044
0.028
0.073
0.399
0.108
0.094
0.08
0.262
0.566
0.041
0.483
0.119
0.16
0.33
0.385
0.008
0.026
0.298
0.151
0.092
0.015
0.045
0.063
0.049
0.156
0.359
0.206
0.004
0.037
0.684
0.287
0.019
0.25
0.055
0.263
0.08
0.08
0.023
0.19
0.033
0.021
0.435
0.165
0.111
0.216
0.473
0.249
0.046
0.169
0.121
0.085
0.358
0.443
0.107
0.051
0.366
0.598
0.404
0.152
0.386
0.15
0.011
0.007
0.314
0.206
0.341
0.303
0.31
0.048
0.56
0.444
0.073
0.545
0.2
0.377
0.132
0.457
0.272
0.318
0.406
0.143
0.092
0.16
0.158
0.052
0.069
0.198
0.276
0.114
0.161
0.11
0.043
0.486
0.241
0.168
0.026
0.258
0.074
0.162
0.171
0.095
0.155
0.012
